0.9976039948989422	-0.00479201020211603	0.002396005101058015	0.002396005101058016	0.0023960051010580154	-0.002396005101058015	-0.004792010202116029	0.002396005101058016	0.002396005101058016	0.0023960051010580154	-0.002413486665905418	-0.00477452745323994	0.0023960039170293304	0.0023960076282539757	0.0023960025738620568	-0.0007964601484584033
-0.009584020404232058	0.9808319591915359	0.00958402040423206	0.009584020404232063	0.009584020404232061	-0.009584020404232058	-0.019168040808464116	0.00958402040423206	0.009584020404232061	0.009584020404232058	-0.009653946663621673	-0.01909810981295977	0.00958401566811732	0.009584030513015901	0.009584010295448227	-0.003185840593833612
0.00479201020211603	0.00958402040423206	0.9952079897978838	-0.004792010202116031	-0.004792010202116029	0.004792010202116028	0.009584020404232054	-0.00479201020211603	-0.00479201020211603	-0.004792010202116028	0.004826973331810834	0.009549054906479887	-0.004792007834058659	-0.00479201525650795	-0.004792005147724113	0.0015929202969168059
0.007188015303174045	0.014376030606348091	-0.007188015303174044	0.9928119846968264	-0.007188015303174047	0.007188015303174047	0.01437603060634809	-0.007188015303174047	-0.007188015303174047	-0.007188015303174046	0.007240459997716254	0.014323582359719828	-0.007188011751087991	-0.007188022884761927	-0.007188007721586171	0.0023893804453752098
0.014376030606348084	0.028752061212696172	-0.014376030606348084	-0.01437603060634809	0.9856239693936516	0.014376030606348088	0.028752061212696165	-0.01437603060634809	-0.01437603060634809	-0.014376030606348086	0.014480919995432497	0.02864716471943964	-0.014376023502175976	-0.014376045769523844	-0.014376015443172335	0.0047787608907504196
-0.002396005101058016	-0.004792010202116032	0.0023960051010580154	0.0023960051010580162	0.002396005101058016	0.9976039948989421	-0.00479201020211603	0.002396005101058016	0.0023960051010580167	0.002396005101058016	-0.0024134866659054183	-0.004774527453239945	0.00239600391702933	0.0023960076282539757	0.0023960025738620576	-0.0007964601484584034
-0.00958402040423206	-0.01916804080846412	0.009584020404232058	0.009584020404232065	0.00958402040423206	-0.00958402040423206	0.9808319591915353	0.00958402040423206	0.00958402040423206	0.009584020404232058	-0.009653946663621668	-0.01909810981295976	0.009584015668117316	0.0095840305130159	0.009584010295448217	-0.003185840593833612
0.00479201020211603	0.00958402040423206	-0.004792010202116029	-0.004792010202116032	-0.00479201020211603	0.00479201020211603	0.009584020404232058	0.9952079897978842	-0.00479201020211603	-0.004792010202116028	0.004826973331810836	0.00954905490647988	-0.004792007834058658	-0.00479201525650795	-0.004792005147724111	0.001592920296916806
0.007188015303174043	0.014376030606348086	-0.007188015303174042	-0.007188015303174046	-0.007188015303174043	0.007188015303174044	0.014376030606348084	-0.007188015303174044	0.9928119846968262	-0.007188015303174043	0.007240459997716252	0.014323582359719823	-0.00718801175108799	-0.007188022884761924	-0.007188007721586166	0.0023893804453752098
0.014376030606348083	0.028752061212696165	-0.014376030606348083	-0.014376030606348088	-0.014376030606348083	0.014376030606348084	0.028752061212696165	-0.014376030606348084	-0.014376030606348086	0.9856239693936515	0.0144809199954325	0.028647164719439632	-0.014376023502175974	-0.014376045769523841	-0.01437601544317233	0.004778760890750417
-0.0023826594917794037	-0.0047653189835588075	0.0023826594917794033	0.002382659491779405	0.0023826594917794033	-0.0023826594917794046	-0.004765318983558806	0.002382659491779404	0.0023826594917794037	0.0023826594917794024	0.9552872029321663	0.03755246427873237	0.0023950138055420763	0.002382215314035966	0.0023831036695228414	-0.04618541843603808
-0.008721106599116943	-0.017442213198233882	0.008721106599116943	0.008721106599116943	0.00872110659911694	-0.008721106599116941	-0.017442213198233872	0.008721106599116943	0.008721106599116941	0.008721106599116938	0.09431612876378115	0.8795187287187509	0.008722929319234182	0.008720247993704142	0.00872196520452974	-0.0905158677615044
0.004792010087643271	0.00958402017528654	-0.004792010087643269	-0.004792010087643271	-0.004792010087643269	0.0047920100876432704	0.009584020175286537	-0.004792010087643271	-0.0047920100876432704	-0.004792010087643268	0.004852066130458915	0.009547431910877615	0.9951845221339495	-0.004792015365762622	-0.0047920048095239165	0.0015709090327164594
0.0071880790736435825	0.014376158147287165	-0.007188079073643582	-0.007188079073643584	-0.0071880790736435825	0.007188079073643584	0.014376158147287165	-0.007188079073643584	-0.007188079073643584	-0.0071880790736435825	0.007241525660812528	0.014322707770200145	-0.007188075283725503	0.9928034731709433	-0.007179631318230224	0.0023819915312742078
0.014376030367500417	0.02875206073500083	-0.014376030367500415	-0.01437603036750042	-0.014376030367500417	0.01437603036750042	0.028752060735000837	-0.014376030367500424	-0.014376030367500424	-0.01437603036750042	0.014482923236105017	0.028645160286547223	-0.014376022787651387	-0.014359165441762453	0.9856071047067619	0.004763933045278491
-0.007108617100340536	-0.014217234200681076	0.007108617100340538	0.00710861710034054	0.0071086171003405365	-0.00710861710034054	-0.014217234200681073	0.007108617100340539	0.007108617100340539	0.007108617100340539	-0.26089611555006875	0.23963695664767068	0.0070419247017170315	0.007122824524261636	0.007094409676419447	0.7252600064154978