0.9996859550444795	-0.0006280899110405982	0.000314044955520299	0.00031404495552029904	0.0003140449555202991	-0.0003140449555202991	-0.0006280899110405982	0.0003140449555202991	0.0003140449555202991	0.00031404495552029915	-0.0003142639083854921	-0.0006278709001129514	0.00031404489745784554	0.0003140449644326669	0.0003140449466079312	-0.00014538007757489352
-0.0012561798220811961	0.9974876403558376	0.001256179822081196	0.001256179822081196	0.0012561798220811961	-0.0012561798220811964	-0.0025123596441623927	0.0012561798220811964	0.0012561798220811964	0.0012561798220811966	-0.0012570556335419682	-0.002511483600451805	0.001256179589831382	0.0012561798577306674	0.0012561797864317247	-0.0005815203102995742
0.0006280899110405979	0.001256179822081196	0.9993719100889592	-0.000628089911040598	-0.0006280899110405982	0.0006280899110405982	0.0012561798220811961	-0.0006280899110405982	-0.0006280899110405981	-0.0006280899110405982	0.000628527816770984	0.0012557418002259024	-0.000628089794915691	-0.0006280899288653339	-0.0006280898932158621	0.000290760155149787
0.0009421348665608972	0.0018842697331217944	-0.0009421348665608972	0.9990578651334386	-0.0009421348665608969	0.0009421348665608971	0.001884269733121794	-0.0009421348665608971	-0.000942134866560897	-0.000942134866560897	0.0009427917251564761	0.0018836127003388546	-0.000942134692373537	-0.0009421348932980006	-0.000942134839823793	0.0004361402327246804
0.0018842697331217949	0.0037685394662435897	-0.0018842697331217949	-0.0018842697331217949	0.9981157302668783	0.0018842697331217949	0.0037685394662435893	-0.0018842697331217949	-0.0018842697331217947	-0.0018842697331217947	0.0018855834503129529	0.003767225400677711	-0.0018842693847470745	-0.0018842697865960021	-0.0018842696796475867	0.0008722804654493613
-0.000314044955520299	-0.0006280899110405981	0.00031404495552029904	0.00031404495552029904	0.0003140449555202991	0.9996859550444802	-0.0006280899110405983	0.0003140449555202992	0.00031404495552029915	0.0003140449555202992	-0.00031426390838549216	-0.0006278709001129517	0.00031404489745784565	0.000314044964432667	0.0003140449466079312	-0.0001453800775748936
-0.0012561798220811955	-0.0025123596441623914	0.0012561798220811957	0.0012561798220811957	0.001256179822081196	-0.0012561798220811961	0.9974876403558376	0.0012561798220811961	0.001256179822081196	0.0012561798220811964	-0.0012570556335419682	-0.0025114836004518056	0.0012561795898313824	0.0012561798577306674	0.0012561797864317245	-0.000581520310299574
0.0006280899110405975	0.0012561798220811955	-0.0006280899110405977	-0.0006280899110405977	-0.0006280899110405979	0.000628089911040598	0.001256179822081196	0.9993719100889593	-0.0006280899110405981	-0.0006280899110405983	0.0006285278167709839	0.0012557418002259026	-0.0006280897949156912	-0.0006280899288653337	-0.0006280898932158621	0.000290760155149787
0.0009421348665608971	0.0018842697331217942	-0.0009421348665608971	-0.0009421348665608971	-0.0009421348665608971	0.0009421348665608972	0.0018842697331217942	-0.0009421348665608972	0.999057865133439	-0.0009421348665608968	0.000942791725156476	0.001883612700338855	-0.0009421346923735372	-0.0009421348932980007	-0.0009421348398237932	0.00043614023272468057
0.0018842697331217944	0.003768539466243589	-0.0018842697331217944	-0.0018842697331217944	-0.0018842697331217944	0.0018842697331217947	0.003768539466243589	-0.0018842697331217947	-0.0018842697331217944	0.9981157302668782	0.0018855834503129522	0.0037672254006777105	-0.001884269384747074	-0.0018842697865960015	-0.0018842696796475867	0.0008722804654493613
-0.00031398078803817855	-0.0006279615760763572	0.0003139807880381786	0.0003139807880381786	0.0003139807880381786	-0.0003139807880381786	-0.0006279615760763572	0.0003139807880381786	0.0003139807880381786	0.00031398078803817866	0.990349079532872	0.008706302432808111	0.00031665645824346765	0.0003139698217770993	0.00031399175429925805	-0.009664654249524115
-0.0012372059161352307	-0.002474411832270462	0.001237205916135231	0.001237205916135231	0.001237205916135231	-0.001237205916135231	-0.0024744118322704615	0.001237205916135231	0.001237205916135231	0.0012372059161352312	0.018526470846212267	0.9777617405532487	0.0012373767682682369	0.0012371841502094505	0.001237227682061012	-0.01942336314775544
0.0006280899106360487	0.0012561798212720975	-0.0006280899106360486	-0.0006280899106360487	-0.0006280899106360487	0.0006280899106360489	0.0012561798212720975	-0.0006280899106360489	-0.0006280899106360489	-0.0006280899106360489	0.0006338797734090293	0.0012556184944013478	0.9993666815534615	-0.0006280899344024644	-0.0006280898868696333	0.00028565638102278436
0.0009421359175478404	0.0018842718350956806	-0.0009421359175478403	-0.0009421359175478404	-0.0009421359175478404	0.0009421359175478405	0.0018842718350956808	-0.0009421359175478405	-0.0009421359175478405	-0.0009421359175478407	0.0009428232664406477	0.0018835843038172589	-0.0009421357351622256	0.9990567556808205	-0.0009410275159161013	0.000435063249779435
0.001884269732927191	0.003768539465854382	-0.0018842697329271912	-0.0018842697329271912	-0.0018842697329271912	0.0018842697329271914	0.003768539465854382	-0.0018842697329271912	-0.001884269732927191	-0.0018842697329271912	0.001885644429957599	0.003767164404052943	-0.0018842693681561606	-0.0018820530414315677	0.9981135135755773	0.0008701255022136842
-0.0009417653807119235	-0.0018835307614238465	0.0009417653807119234	0.0009417653807119235	0.0009417653807119235	-0.0009417653807119235	-0.0018835307614238467	0.0009417653807119235	0.0009417653807119235	0.0009417653807119236	-0.056931461439679754	0.05412148323554674	0.0009264474427091744	0.0009439163012606298	0.0009396144601632177	0.9424459025724892