0.9991206907576964	-0.0017586184846053192	0.0008793092423026594	0.0008793092423026594	0.0008793092423026595	-0.0008793092423026592	-0.0017586184846053192	0.0008793092423026594	0.0008793092423026595	0.0008793092423026594	-0.0008822942938780363	-0.001755632716249681	0.0008793085255223983	0.0008793094082677421	0.0008793090763375763	-0.00036532596848892263
-0.0035172369692106366	0.9929655260615793	0.0035172369692106384	0.0035172369692106384	0.003517236969210639	-0.0035172369692106375	-0.0070344739384212785	0.0035172369692106384	0.003517236969210639	0.0035172369692106384	-0.0035291771755121453	-0.007022530864998724	0.0035172341020895926	0.003517237633070968	0.0035172363053503066	-0.00146130387395569
0.0017586184846053188	0.003517236969210637	0.9982413815153944	-0.0017586184846053185	-0.001758618484605319	0.0017586184846053183	0.0035172369692106384	-0.0017586184846053188	-0.001758618484605319	-0.0017586184846053192	0.0017645885877560726	0.003511265432499362	-0.001758617051044796	-0.0017586188165354837	-0.0017586181526751525	0.0007306519369778452
0.0026379277269079782	0.0052758554538159565	-0.0026379277269079787	0.9973620722730921	-0.0026379277269079795	0.002637927726907979	0.00527585545381596	-0.0026379277269079787	-0.002637927726907979	-0.0026379277269079787	0.0026468828816341096	0.005266898148749039	-0.0026379255765671948	-0.0026379282248032267	-0.00263792722901273	0.0010959779054667686
0.005275855453815956	0.010551710907631911	-0.0052758554538159565	-0.005275855453815955	0.9947241445461841	0.005275855453815956	0.010551710907631915	-0.005275855453815955	-0.005275855453815956	-0.005275855453815956	0.0052937657632682175	0.010533796297498076	-0.005275851153134387	-0.005275856449606451	-0.00527585445802546	0.0021919558109335362
-0.0008793092423026596	-0.001758618484605319	0.0008793092423026595	0.0008793092423026596	0.0008793092423026596	0.9991206907576969	-0.0017586184846053192	0.0008793092423026594	0.0008793092423026595	0.0008793092423026595	-0.0008822942938780364	-0.0017556327162496807	0.0008793085255223979	0.0008793094082677422	0.0008793090763375763	-0.00036532596848892263
-0.0035172369692106384	-0.007034473938421276	0.003517236969210638	0.0035172369692106384	0.0035172369692106384	-0.003517236969210638	0.9929655260615795	0.0035172369692106384	0.0035172369692106392	0.0035172369692106392	-0.0035291771755121453	-0.0070225308649987245	0.003517234102089593	0.003517237633070969	0.003517236305350306	-0.0014613038739556905
0.0017586184846053185	0.0035172369692106366	-0.0017586184846053183	-0.0017586184846053185	-0.0017586184846053185	0.0017586184846053183	0.0035172369692106375	0.9982413815153943	-0.0017586184846053188	-0.0017586184846053185	0.0017645885877560722	0.003511265432499361	-0.0017586170510447956	-0.0017586188165354837	-0.0017586181526751525	0.000730651936977845
0.0026379277269079787	0.005275855453815957	-0.002637927726907979	-0.0026379277269079782	-0.0026379277269079787	0.002637927726907978	0.005275855453815957	-0.002637927726907978	0.9973620722730925	-0.002637927726907979	0.0026468828816341096	0.005266898148749042	-0.002637925576567195	-0.0026379282248032276	-0.002637927229012731	0.0010959779054667681
0.005275855453815956	0.010551710907631911	-0.0052758554538159565	-0.005275855453815956	-0.005275855453815956	0.005275855453815955	0.010551710907631911	-0.005275855453815955	-0.005275855453815955	0.994724144546184	0.005293765763268217	0.010533796297498078	-0.005275851153134389	-0.0052758564496064525	-0.00527585445802546	0.002191955810933536
-0.0008782435282209508	-0.0017564870564419017	0.0008782435282209508	0.0008782435282209508	0.0008782435282209509	-0.0008782435282209507	-0.001756487056441902	0.0008782435282209508	0.0008782435282209509	0.0008782435282209509	0.9777032045741132	0.01965567341885993	0.0008846349505849891	0.0008781677167931156	0.0008783193396487861	-0.022757031450224806
-0.0033818377616116955	-0.00676367552322339	0.0033818377616116955	0.003381837761611696	0.003381837761611696	-0.0033818377616116955	-0.006763675523223393	0.0033818377616116955	0.003381837761611696	0.003381837761611696	0.04528945351309105	0.9445641809350209	0.0033826900286641677	0.003381688850159372	0.003381986673064019	-0.04519685242824012
0.0017586184695817905	0.003517236939163581	-0.0017586184695817908	-0.0017586184695817908	-0.0017586184695817908	0.0017586184695817903	0.003517236939163582	-0.0017586184695817903	-0.001758618469581791	-0.001758618469581791	0.001777384532879763	0.00351063777362245	0.9982292146326613	-0.001758618841470371	-0.0017586180976932092	0.0007191270291661134
0.0026379360584412354	0.005275872116882471	-0.0026379360584412354	-0.002637936058441235	-0.0026379360584412354	0.0026379360584412345	0.005275872116882472	-0.002637936058441235	-0.002637936058441235	-0.002637936058441236	0.0026470825901119452	0.005266723385477713	-0.0026379338587071872	0.9973589612714188	-0.0026348333883006703	0.001093076090113469
0.005275855445276866	0.010551710890553732	-0.005275855445276866	-0.005275855445276865	-0.005275855445276867	0.005275855445276865	0.010551710890553734	-0.005275855445276865	-0.005275855445276865	-0.005275855445276867	0.005294148482102888	0.010533413454265799	-0.005275851045814966	-0.0052696521333126444	0.9947179412427586	0.002186144778016743
-0.002631642225532128	-0.005263284451064256	0.002631642225532128	0.002631642225532128	0.0026316422255321286	-0.002631642225532128	-0.005263284451064258	0.002631642225532128	0.002631642225532128	0.002631642225532128	-0.13106135793632329	0.12320109158567316	0.0025969818995858454	0.002637391164942498	0.002625893286121758	0.8645471576303144