0.9993880312613128	-0.0012239374773742313	0.0006119687386871157	0.0006119687386871156	0.0006119687386871156	-0.0006119687386871157	-0.001223937477374231	0.0006119687386871154	0.0006119687386871156	0.0006119687386871156	-0.0006132244539583289	-0.0012226814442659801	0.0006119684208500775	0.0006119687988236794	0.0006119686785505522	-0.00026664417591867456
-0.0024478749547484635	0.9951042500905031	0.002447874954748463	0.002447874954748463	0.002447874954748463	-0.002447874954748463	-0.004895749909496925	0.0024478749547484626	0.002447874954748463	0.0024478749547484626	-0.0024528978158333153	-0.0048907257770639204	0.0024478736834003118	0.0024478751952947166	0.002447874714202209	-0.0010665767036746984
0.0012239374773742318	0.002447874954748463	0.9987760625226261	-0.0012239374773742315	-0.0012239374773742315	0.0012239374773742315	0.0024478749547484626	-0.001223937477374231	-0.0012239374773742313	-0.0012239374773742313	0.0012264489079166576	0.0024453628885319607	-0.0012239368417001559	-0.0012239375976473583	-0.001223937357101105	0.000533288351837349
0.0018359062160613474	0.0036718124321226953	-0.0018359062160613474	0.9981640937839382	-0.0018359062160613474	0.0018359062160613476	0.0036718124321226944	-0.001835906216061347	-0.0018359062160613472	-0.001835906216061347	0.001839673361874987	0.0036680443327979408	-0.0018359052625502336	-0.0018359063964710376	-0.0018359060356516568	0.0007999325277560245
0.003671812432122695	0.0073436248642453905	-0.003671812432122695	-0.0036718124321226944	0.9963281875678771	0.003671812432122695	0.007343624864245388	-0.003671812432122694	-0.0036718124321226944	-0.003671812432122694	0.003679346723749974	0.00733608866559588	-0.0036718105251004668	-0.0036718127929420735	-0.003671812071303313	0.001599865055512049
-0.0006119687386871158	-0.0012239374773742313	0.0006119687386871157	0.0006119687386871157	0.0006119687386871157	0.9993880312613129	-0.0012239374773742313	0.0006119687386871156	0.0006119687386871157	0.0006119687386871157	-0.0006132244539583287	-0.00122268144426598	0.0006119684208500778	0.0006119687988236792	0.0006119686785505526	-0.00026664417591867456
-0.0024478749547484626	-0.004895749909496924	0.002447874954748462	0.0024478749547484618	0.0024478749547484618	-0.0024478749547484626	0.9951042500905029	0.002447874954748462	0.0024478749547484626	0.002447874954748462	-0.0024528978158333157	-0.004890725777063921	0.002447873683400311	0.0024478751952947166	0.00244787471420221	-0.0010665767036746987
0.0012239374773742318	0.002447874954748463	-0.0012239374773742315	-0.0012239374773742313	-0.0012239374773742313	0.0012239374773742318	0.0024478749547484626	0.9987760625226256	-0.0012239374773742315	-0.001223937477374231	0.0012264489079166574	0.0024453628885319602	-0.001223936841700155	-0.0012239375976473585	-0.0012239373571011046	0.0005332883518373492
0.0018359062160613478	0.003671812432122696	-0.0018359062160613478	-0.0018359062160613474	-0.0018359062160613474	0.0018359062160613474	0.003671812432122695	-0.0018359062160613472	0.9981640937839386	-0.0018359062160613468	0.0018396733618749868	0.0036680443327979403	-0.001835905262550233	-0.0018359063964710372	-0.001835906035651657	0.0007999325277560243
0.003671812432122695	0.0073436248642453905	-0.003671812432122695	-0.0036718124321226944	-0.0036718124321226944	0.0036718124321226944	0.007343624864245389	-0.003671812432122694	-0.0036718124321226944	0.9963281875678771	0.003679346723749973	0.0073360886655958815	-0.003671810525100466	-0.0036718127929420744	-0.003671812071303314	0.001599865055512049
-0.0006115636709978625	-0.0012231273419957243	0.0006115636709978623	0.0006115636709978622	0.0006115636709978623	-0.0006115636709978625	-0.0012231273419957246	0.0006115636709978621	0.0006115636709978622	0.0006115636709978622	0.9831334230205685	0.01502710845856797	0.0006163411788676262	0.0006115248387771245	0.0006116025032185993	-0.017083745321477
-0.0023795478846188106	-0.00475909576923762	0.00237954788461881	0.0023795478846188097	0.0023795478846188093	-0.00237954788461881	-0.004759095769237619	0.0023795478846188093	0.0023795478846188093	0.002379547884618809	0.03349753714752047	0.959363309769805	0.0023800573134369497	0.002379471263026675	0.002379624506210944	-0.03409734339565441
0.0012239374728787058	0.002447874945757411	-0.0012239374728787054	-0.0012239374728787052	-0.001223937472878705	0.0012239374728787054	0.0024478749457574104	-0.0012239374728787048	-0.0012239374728787048	-0.0012239374728787045	0.0012360082458602987	0.002444991647548035	0.9987668750523491	-0.0012239376138671522	-0.0012239373318902575	0.0005244794130445847
0.001835910230427204	0.003671820460854408	-0.001835910230427204	-0.0018359102304272039	-0.001835910230427204	0.0018359102304272039	0.003671820460854408	-0.0018359102304272039	-0.0018359102304272036	-0.0018359102304272036	0.0018397794489645662	0.0036679502619733424	-0.0018359092500835012	0.998161930170358	-0.001833750631212311	0.0007978792708522395
0.0036718124297871893	0.0073436248595743795	-0.0036718124297871898	-0.0036718124297871893	-0.0036718124297871893	0.0036718124297871893	0.007343624859574379	-0.0036718124297871885	-0.003671812429787189	-0.0036718124297871885	0.003679550858833226	0.00733588446984294	-0.003671810469101786	-0.0036674939710107314	0.9963238691114363	0.00159575487236955
-0.0018335311270792668	-0.0036670622541585336	0.0018335311270792668	0.0018335311270792666	0.0018335311270792664	-0.0018335311270792666	-0.003667062254158533	0.0018335311270792662	0.0018335311270792664	0.001833531127079266	-0.09930495587834792	0.09383082579582759	0.0018070678283617675	0.0018376167722064308	0.001829445481952101	0.8982928701586023