0.9975168975306333	-0.004966204938732242	0.0024831024693661207	0.0024831024693661207	0.002483102469366121	-0.0024831024693661215	-0.004966204938732243	0.002483102469366121	0.0024831024693661215	0.0024831024693661207	-0.0025011786904692045	-0.0049481278493065505	0.002483101601043516	0.002483105249638777	0.0024830996890934653	-0.0008152765612180295
-0.009932409877464481	0.980135180245071	0.009932409877464484	0.009932409877464483	0.009932409877464484	-0.009932409877464486	-0.019864819754928972	0.009932409877464484	0.009932409877464484	0.009932409877464481	-0.010004714761876816	-0.019792511397226212	0.009932406404174065	0.009932420998555111	0.009932398756373858	-0.003261106244872118
0.004966204938732244	0.00993240987746449	0.9950337950612678	-0.004966204938732242	-0.004966204938732244	0.004966204938732245	0.009932409877464491	-0.004966204938732244	-0.004966204938732246	-0.004966204938732243	0.005002357380938409	0.009896255698613111	-0.004966203202087036	-0.004966210499277555	-0.004966199378186928	0.0016305531224360586
0.007449307408098364	0.014898614816196731	-0.0074493074080983655	0.9925506925919014	-0.007449307408098363	0.007449307408098366	0.014898614816196733	-0.007449307408098363	-0.0074493074080983655	-0.007449307408098362	0.007503536071407614	0.01484438354791966	-0.007449304803130549	-0.007449315748916333	-0.007449299067280393	0.002445829683654089
0.014898614816196728	0.02979722963239346	-0.01489861481619673	-0.014898614816196726	0.9851013851838031	0.01489861481619673	0.02979722963239346	-0.014898614816196726	-0.014898614816196731	-0.014898614816196724	0.015007072142815235	0.029688767095839317	-0.014898609606261094	-0.014898631497832666	-0.014898598134560787	0.00489165936730818
-0.0024831024693661207	-0.004966204938732242	0.0024831024693661207	0.0024831024693661207	0.0024831024693661207	0.9975168975306343	-0.004966204938732244	0.002483102469366121	0.0024831024693661215	0.0024831024693661207	-0.0025011786904692054	-0.004948127849306552	0.0024831016010435168	0.0024831052496387773	0.0024830996890934636	-0.0008152765612180298
-0.009932409877464483	-0.01986481975492897	0.009932409877464484	0.009932409877464484	0.009932409877464484	-0.009932409877464484	0.9801351802450716	0.009932409877464484	0.009932409877464486	0.009932409877464483	-0.010004714761876823	-0.01979251139722622	0.009932406404174067	0.009932420998555111	0.009932398756373858	-0.003261106244872119
0.004966204938732241	0.009932409877464484	-0.004966204938732241	-0.004966204938732241	-0.004966204938732241	0.004966204938732242	0.009932409877464484	0.9950337950612678	-0.004966204938732242	-0.0049662049387322405	0.00500235738093841	0.009896255698613106	-0.004966203202087034	-0.004966210499277554	-0.004966199378186926	0.0016305531224360594
0.007449307408098365	0.014898614816196733	-0.007449307408098366	-0.007449307408098365	-0.007449307408098365	0.0074493074080983655	0.014898614816196731	-0.007449307408098365	0.9925506925919021	-0.007449307408098361	0.0075035360714076176	0.014844383547919657	-0.007449304803130548	-0.007449315748916332	-0.007449299067280393	0.0024458296836540896
0.014898614816196728	0.02979722963239346	-0.01489861481619673	-0.014898614816196726	-0.014898614816196728	0.01489861481619673	0.02979722963239346	-0.014898614816196726	-0.014898614816196726	0.985101385183803	0.015007072142815228	0.029688767095839303	-0.014898609606261094	-0.01489863149783266	-0.014898598134560783	0.00489165936730818
-0.0024685309478020474	-0.0049370618956040965	0.0024685309478020474	0.0024685309478020474	0.0024685309478020474	-0.002468530947802049	-0.004937061895604098	0.002468530947802049	0.002468530947802049	0.0024685309478020482	0.9542037151517239	0.03837811684234087	0.0024811061103309495	0.002468058930365503	0.0024690029652385936	-0.04729028340667625
-0.00901094162658819	-0.01802188325317638	0.00901094162658819	0.00901094162658819	0.00901094162658819	-0.00901094162658819	-0.01802188325317638	0.009010941626588189	0.00901094162658819	0.009010941626588189	0.09655484937983037	0.876410523836538	0.009012743530455102	0.009010029726507577	0.009011853526668806	-0.09265128241404044
0.004966204832319842	0.009932409664639683	-0.004966204832319842	-0.004966204832319842	-0.004966204832319843	0.004966204832319844	0.009932409664639687	-0.004966204832319842	-0.0049662048323198425	-0.0049662048323198425	0.005027942123536278	0.00989461038652816	0.9950098571545751	-0.00496621063020057	-0.004966199034439117	0.0016080589934683244
0.0074493760207253006	0.014898752041450603	-0.007449376020725302	-0.0074493760207253006	-0.007449376020725302	0.007449376020725302	0.014898752041450603	-0.0074493760207253006	-0.007449376020725301	-0.007449376020725299	0.0075046669513960775	0.01484345825462346	-0.007449373164568946	0.9925418697091324	-0.007440621750583194	0.0024381970754819055
0.014898614548474734	0.02979722909694947	-0.014898614548474734	-0.01489861454847473	-0.014898614548474732	0.014898614548474735	0.02979722909694947	-0.014898614548474734	-0.014898614548474732	-0.014898614548474728	0.015009196094284805	0.029686641838800012	-0.014898608836135363	-0.014881139648643541	0.9850839105516938	0.0048763406913040225
-0.00736259897065437	-0.014725197941308742	0.007362598970654371	0.007362598970654368	0.007362598970654371	-0.007362598970654371	-0.014725197941308742	0.007362598970654367	0.007362598970654369	0.007362598970654367	-0.26713109896085085	0.2451114877617062	0.007294413257835457	0.007377250088707345	0.007347947852601382	0.7186867719806409