0.9985946725553626	-0.002810654889274829	0.0014053274446374142	0.001405327444637414	0.0014053274446374144	-0.001405327444637414	-0.002810654889274829	0.0014053274446374144	0.0014053274446374137	0.001405327444637414	-0.001413279528138552	-0.002802701176951423	0.0014053258158151455	0.0014053280460316051	0.001405326843243223	-0.0005376598202184873
-0.005621309778549656	0.9887573804429006	0.005621309778549656	0.005621309778549656	0.0056213097785496585	-0.005621309778549656	-0.011242619557099315	0.0056213097785496585	0.005621309778549656	0.005621309778549658	-0.005653118112554204	-0.01121080470780569	0.005621303263260584	0.005621312184126421	0.005621307372972892	-0.0021506392808739493
0.0028106548892748275	0.005621309778549656	0.9971893451107248	-0.0028106548892748275	-0.0028106548892748284	0.0028106548892748275	0.005621309778549657	-0.002810654889274829	-0.0028106548892748275	-0.002810654889274828	0.002826559056277103	0.005605402353902846	-0.002810651631630292	-0.0028106560920632107	-0.002810653686486446	0.0010753196404369742
0.004215982333912241	0.008431964667824483	-0.00421598233391224	0.9957840176660879	-0.004215982333912243	0.0042159823339122425	0.008431964667824485	-0.0042159823339122425	-0.004215982333912241	-0.004215982333912242	0.004239838584415653	0.008408103530854263	-0.0042159774474454376	-0.004215984138094815	-0.004215980529729663	0.001612979460655462
0.008431964667824482	0.016863929335648967	-0.00843196466782448	-0.00843196466782448	0.9915680353321757	0.008431964667824483	0.01686392933564897	-0.008431964667824485	-0.008431964667824482	-0.008431964667824485	0.008479677168831306	0.016816207061708534	-0.008431954894890879	-0.00843196827618963	-0.008431961059459333	0.0032259589213109244
-0.001405327444637414	-0.002810654889274828	0.001405327444637414	0.0014053274446374137	0.001405327444637414	0.9985946725553622	-0.0028106548892748284	0.0014053274446374144	0.0014053274446374137	0.001405327444637414	-0.0014132795281385513	-0.0028027011769514217	0.0014053258158151455	0.001405328046031605	0.0014053268432432224	-0.0005376598202184872
-0.005621309778549658	-0.011242619557099315	0.005621309778549657	0.005621309778549657	0.005621309778549658	-0.005621309778549655	0.9887573804429007	0.005621309778549659	0.005621309778549657	0.005621309778549658	-0.005653118112554207	-0.01121080470780569	0.005621303263260585	0.005621312184126423	0.005621307372972894	-0.0021506392808739493
0.0028106548892748292	0.005621309778549659	-0.0028106548892748292	-0.002810654889274829	-0.0028106548892748292	0.0028106548892748284	0.005621309778549658	0.9971893451107255	-0.0028106548892748284	-0.002810654889274829	0.002826559056277104	0.005605402353902846	-0.0028106516316302914	-0.0028106560920632107	-0.0028106536864864456	0.0010753196404369744
0.0042159823339122425	0.008431964667824487	-0.004215982333912242	-0.004215982333912242	-0.004215982333912243	0.004215982333912242	0.008431964667824485	-0.0042159823339122425	0.9957840176660878	-0.004215982333912242	0.004239838584415653	0.008408103530854265	-0.0042159774474454376	-0.004215984138094813	-0.004215980529729665	0.001612979460655461
0.008431964667824483	0.016863929335648974	-0.008431964667824482	-0.008431964667824483	-0.008431964667824487	0.008431964667824483	0.016863929335648967	-0.008431964667824485	-0.008431964667824483	0.9915680353321757	0.008479677168831305	0.016816207061708534	-0.008431954894890875	-0.00843196827618963	-0.008431961059459333	0.0032259589213109226
-0.00140176667361011	-0.0028035333472202213	0.0014017666736101102	0.0014017666736101098	0.00140176667361011	-0.0014017666736101098	-0.0028035333472202204	0.0014017666736101102	0.0014017666736101096	0.0014017666736101102	0.9688090974715552	0.026976614020100338	0.0014107551611241705	0.0014015906427582905	0.0014019427044619304	-0.03212709695113394
-0.005297619173084059	-0.01059523834616812	0.005297619173084059	0.005297619173084058	0.005297619173084059	-0.005297619173084058	-0.010595238346168118	0.00529761917308406	0.005297619173084058	0.005297619173084059	0.0650834231596849	0.9190222743530225	0.005299064141124606	0.0052972758725886	0.005297962473579517	-0.06336757689155484
0.0028106548311168924	0.005621309662233786	-0.0028106548311168924	-0.0028106548311168924	-0.002810654831116893	0.002810654831116892	0.005621309662233786	-0.002810654831116893	-0.0028106548311168916	-0.002810654831116893	0.0028445970486922316	0.005604303352128877	0.9971724092614133	-0.002810656124892634	-0.00281065353734115	0.0010594977850534
0.004216003838021747	0.008432007676043496	-0.004216003838021747	-0.004216003838021747	-0.0042160038380217495	0.004216003838021748	0.008432007676043497	-0.004216003838021749	-0.004216003838021748	-0.0042160038380217495	0.0042402793702652295	0.008407727152582712	-0.004215998846804447	0.9957790385316332	-0.004211046207677029	0.0016084655507125549
0.008431964625388344	0.016863929250776687	-0.008431964625388344	-0.008431964625388342	-0.008431964625388345	0.008431964625388344	0.01686392925077669	-0.008431964625388345	-0.008431964625388344	-0.008431964625388347	0.00848051558487666	0.01681536830887353	-0.008431954642973506	-0.008422056673331617	0.9915581274225553	0.0032169128808280036
-0.004194874693880898	-0.008389749387761795	0.0041948746938808975	0.0041948746938808975	0.004194874693880899	-0.0041948746938808975	-0.008389749387761795	0.0041948746938808975	0.0041948746938808975	0.004194874693880899	-0.18280467734535477	0.17026775397924615	0.004147173978346762	0.004203728259206116	0.00418602112855568	0.8088399001636458