0.9994476260786531	-0.0011047478426945275	0.0005523739213472633	0.0005523739213472637	0.0005523739213472636	-0.0005523739213472637	-0.0011047478426945275	0.0005523739213472633	0.0005523739213472637	0.0005523739213472633	-0.0005533448435524331	-0.0011037766722290043	0.0005523736730869101	0.0005523739663457254	0.0005523738763488015	-0.00024343261727419055
-0.0022094956853890547	0.995581008629222	0.0022094956853890534	0.002209495685389054	0.0022094956853890534	-0.0022094956853890542	-0.0044189913707781085	0.002209495685389054	0.0022094956853890542	0.002209495685389053	-0.0022133793742097315	-0.004415106688916013	0.00220949469234764	0.002209495865382902	0.0022094955053952067	-0.0009737304690967617
0.001104747842694527	0.002209495685389054	0.9988952521573053	-0.0011047478426945273	-0.0011047478426945271	0.0011047478426945275	0.0022094956853890547	-0.001104747842694527	-0.0011047478426945273	-0.0011047478426945267	0.001106689687104866	0.002207553344458008	-0.0011047473461738195	-0.001104747932691451	-0.0011047477526976038	0.00048686523454838094
0.0016571217640417909	0.0033142435280835818	-0.001657121764041791	0.9983428782359581	-0.001657121764041791	0.0016571217640417915	0.003314243528083583	-0.0016571217640417918	-0.0016571217640417915	-0.0016571217640417909	0.0016600345306572997	0.0033113300166870124	-0.0016571210192607307	-0.0016571218990371777	-0.0016571216290464051	0.0007302978518225714
0.0033142435280835813	0.006628487056167163	-0.0033142435280835818	-0.003314243528083582	0.9966857564719162	0.0033142435280835826	0.006628487056167165	-0.0033142435280835826	-0.0033142435280835826	-0.0033142435280835813	0.0033200690613145994	0.006622660033374026	-0.00331424203852146	-0.0033142437980743563	-0.0033142432580928107	0.0014605957036451429
-0.0005523739213472636	-0.0011047478426945271	0.0005523739213472634	0.0005523739213472636	0.0005523739213472633	0.9994476260786528	-0.0011047478426945273	0.0005523739213472634	0.0005523739213472637	0.0005523739213472633	-0.0005533448435524331	-0.0011037766722290037	0.00055237367308691	0.0005523739663457254	0.0005523738763488012	-0.00024343261727419047
-0.0022094956853890547	-0.004418991370778109	0.0022094956853890542	0.0022094956853890547	0.002209495685389054	-0.0022094956853890542	0.9955810086292219	0.0022094956853890534	0.0022094956853890547	0.002209495685389054	-0.0022133793742097323	-0.004415106688916014	0.00220949469234764	0.0022094958653829017	0.0022094955053952054	-0.0009737304690967618
0.0011047478426945275	0.002209495685389055	-0.0011047478426945273	-0.0011047478426945275	-0.0011047478426945271	0.0011047478426945273	0.0022094956853890547	0.9988952521573057	-0.0011047478426945273	-0.0011047478426945267	0.0011066896871048664	0.0022075533444580082	-0.0011047473461738202	-0.0011047479326914513	-0.001104747752697603	0.000486865234548381
0.0016571217640417915	0.003314243528083583	-0.0016571217640417918	-0.001657121764041792	-0.0016571217640417913	0.0016571217640417915	0.003314243528083583	-0.0016571217640417918	0.9983428782359584	-0.001657121764041791	0.0016600345306572997	0.0033113300166870137	-0.00165712101926073	-0.0016571218990371782	-0.001657121629046405	0.0007302978518225718
0.0033142435280835813	0.006628487056167163	-0.0033142435280835818	-0.003314243528083582	-0.003314243528083581	0.0033142435280835813	0.006628487056167163	-0.0033142435280835818	-0.0033142435280835818	0.996685756471916	0.003320069061314599	0.0066226600333740265	-0.0033142420385214606	-0.0033142437980743563	-0.00331424325809281	0.001460595703645143
-0.000552067268336898	-0.0011041345366737958	0.0005520672683368977	0.0005520672683368979	0.0005520672683368977	-0.0005520672683368978	-0.0011041345366737956	0.0005520672683368977	0.0005520672683368978	0.0005520672683368977	0.9844634716550729	0.013875941516538317	0.0005564522917151473	0.0005520352078772301	0.0005520993287965653	-0.01570479599823728
-0.0021532722050479386	-0.004306544410095877	0.002153272205047938	0.0021532722050479386	0.002153272205047938	-0.0021532722050479386	-0.004306544410095877	0.002153272205047938	0.0021532722050479386	0.0021532722050479373	0.0306716603750052	0.9628680877496542	0.0021537074652446717	0.0021532088752970343	0.0021533355347988408	-0.03138451713700862
0.0011047478395482533	0.0022094956790965066	-0.001104747839548253	-0.0011047478395482533	-0.0011047478395482529	0.0011047478395482533	0.0022094956790965066	-0.001104747839548253	-0.0011047478395482533	-0.0011047478395482529	0.0011154629245203609	0.002207236802188625	0.9988867959523875	-0.0011047479466979712	-0.001104747732398535	0.00047873139436813047
0.0016571250307949907	0.0033142500615899813	-0.0016571250307949909	-0.0016571250307949909	-0.0016571250307949902	0.0016571250307949904	0.0033142500615899813	-0.0016571250307949907	-0.0016571250307949907	-0.0016571250307949904	0.0016601229357247904	0.003311251389401479	-0.0016571242635362892	0.9983409256240848	-0.0016551756856751955	0.000728437032933772
0.0033142435264770973	0.006628487052954195	-0.0033142435264770977	-0.003314243526477098	-0.0033142435264770964	0.003314243526477097	0.006628487052954195	-0.0033142435264770973	-0.0033142435264770977	-0.003314243526477097	0.0033202393306878773	0.006622489714227438	-0.003314241991961121	-0.0033103453909394225	0.9966818583379852	0.001456871059143607
-0.0016553274501280512	-0.0033106549002561024	0.0016553274501280516	0.0016553274501280514	0.0016553274501280508	-0.0016553274501280514	-0.003310654900256103	0.0016553274501280514	0.0016553274501280514	0.0016553274501280508	-0.09150864993717786	0.08656709747759782	0.0016308975593239228	0.0016590333573446693	0.0016516215429114313	0.9064973888273885