0.9984011086016478	-0.003197782796705059	0.0015988913983525299	0.00159889139835253	0.0015988913983525296	-0.0015988913983525299	-0.0031977827967050606	0.0015988913983525303	0.0015988913983525303	0.0015988913983525303	-0.001608905998926128	-0.003187766321993001	0.0015988895242140715	0.001598892251375834	0.001598890545329226	-0.0005947239922809042
-0.0063955655934101185	0.9872088688131792	0.0063955655934101185	0.006395565593410119	0.006395565593410118	-0.0063955655934101185	-0.012791131186820239	0.006395565593410119	0.006395565593410119	0.0063955655934101185	-0.00643562399570451	-0.012751065287972003	0.006395558096856286	0.006395569005503332	0.006395562181316904	-0.002378895969123617
0.0031977827967050584	0.006395565593410118	0.9968022172032948	-0.0031977827967050593	-0.0031977827967050584	0.0031977827967050593	0.006395565593410119	-0.0031977827967050593	-0.0031977827967050593	-0.0031977827967050593	0.003217811997852255	0.006375532643986002	-0.0031977790484281413	-0.003197784502751666	-0.00319778109065845	0.0011894479845618081
0.00479667419505759	0.00959334839011518	-0.00479667419505759	0.9952033258049425	-0.004796674195057588	0.00479667419505759	0.00959334839011518	-0.00479667419505759	-0.00479667419505759	-0.004796674195057589	0.004826717996778384	0.009563298965979001	-0.004796668572642214	-0.004796676754127506	-0.0047966716359876755	0.0017841719768427132
0.00959334839011518	0.019186696780230363	-0.009593348390115181	-0.00959334839011518	0.9904066516098846	0.00959334839011518	0.01918669678023036	-0.00959334839011518	-0.00959334839011518	-0.009593348390115176	0.009653435993556767	0.019126597931958006	-0.009593337145284422	-0.009593353508255003	-0.009593343271975351	0.0035683439536854265
-0.0015988913983525299	-0.00319778279670506	0.00159889139835253	0.00159889139835253	0.0015988913983525294	0.9984011086016478	-0.0031977827967050606	0.0015988913983525303	0.0015988913983525303	0.00159889139835253	-0.0016089059989261285	-0.003187766321993002	0.0015988895242140713	0.001598892251375834	0.0015988905453292257	-0.0005947239922809043
-0.0063955655934101185	-0.012791131186820239	0.006395565593410119	0.006395565593410119	0.006395565593410117	-0.0063955655934101185	0.9872088688131797	0.006395565593410119	0.006395565593410119	0.006395565593410119	-0.006435623995704512	-0.012751065287972005	0.006395558096856284	0.006395569005503333	0.006395562181316902	-0.002378895969123617
0.0031977827967050593	0.006395565593410119	-0.0031977827967050597	-0.0031977827967050597	-0.0031977827967050584	0.0031977827967050593	0.006395565593410119	0.996802217203295	-0.0031977827967050593	-0.0031977827967050593	0.003217811997852256	0.006375532643986004	-0.0031977790484281413	-0.0031977845027516675	-0.003197781090658451	0.0011894479845618081
0.00479667419505759	0.009593348390115181	-0.004796674195057591	-0.004796674195057591	-0.00479667419505759	0.00479667419505759	0.00959334839011518	-0.00479667419505759	0.9952033258049424	-0.004796674195057589	0.004826717996778384	0.009563298965979003	-0.0047966685726422145	-0.004796676754127503	-0.004796671635987677	0.0017841719768427135
0.009593348390115181	0.019186696780230366	-0.009593348390115183	-0.009593348390115181	-0.009593348390115178	0.009593348390115178	0.01918669678023036	-0.00959334839011518	-0.00959334839011518	0.9904066516098851	0.009653435993556768	0.019126597931958013	-0.009593337145284426	-0.009593353508255006	-0.009593343271975354	0.0035683439536854274
-0.0015939720528413152	-0.0031879441056826313	0.0015939720528413154	0.0015939720528413154	0.001593972052841315	-0.0015939720528413152	-0.003187944105682631	0.0015939720528413159	0.0015939720528413157	0.0015939720528413154	0.965928102551034	0.029280196168707327	0.0016037571745759155	0.0015937511635309325	0.0015941929421516988	-0.03515634818969352
-0.005985015544316575	-0.01197003108863315	0.005985015544316575	0.005985015544316577	0.005985015544316574	-0.005985015544316576	-0.011970031088633154	0.005985015544316578	0.005985015544316577	0.005985015544316577	0.0714773154590384	0.9105660332434407	0.005986620208887578	0.005984585681409031	0.005985445407224125	-0.06921851417145952
0.0031977827181851087	0.0063955654363702175	-0.0031977827181851083	-0.0031977827181851087	-0.003197782718185108	0.0031977827181851083	0.0063955654363702175	-0.0031977827181851087	-0.0031977827181851087	-0.0031977827181851087	0.0032374770903000586	0.006374290051447561	0.9967837982946236	-0.003197784537717908	-0.0031977808986523096	0.0011722757066758831
0.004796702138778389	0.00959340427755678	-0.00479670213877839	-0.004796702138778391	-0.004796702138778387	0.004796702138778388	0.009593404277556778	-0.004796702138778389	-0.004796702138778388	-0.004796702138778387	0.0048272639654206966	0.00956283670049378	-0.004796696388357702	0.9951976578930034	-0.004791062170559602	0.0017790809168537606
0.009593348325162471	0.019186696650324946	-0.009593348325162475	-0.009593348325162473	-0.00959334832516247	0.009593348325162471	0.019186696650324946	-0.009593348325162471	-0.009593348325162471	-0.00959334832516247	0.00965447183291107	0.019125561641758784	-0.009593336824344918	-0.009582078743158546	0.9903953820928334	0.0035581385275174973
-0.00476748292153992	-0.009534965843079838	0.004767482921539919	0.004767482921539921	0.004767482921539916	-0.00476748292153992	-0.009534965843079841	0.00476748292153992	0.00476748292153992	0.004767482921539917	-0.19949490842807022	0.18524428132054277	0.0047156612644476585	0.004777429719035808	0.004757536124044027	0.7908342378913729