0.99922185991176	-0.001556280176480975	0.0007781400882404874	0.0007781400882404876	0.0007781400882404878	-0.0007781400882404873	-0.001556280176480975	0.0007781400882404875	0.0007781400882404873	0.0007781400882404875	-0.000780388337604548	-0.001554031375537221	0.000778139536660794	0.0007781402063206363	0.0007781399701603386	-0.00032897004278446146
-0.0031125603529619486	0.993774879294076	0.003112560352961948	0.003112560352961949	0.00311256035296195	-0.003112560352961948	-0.006225120705923897	0.003112560352961949	0.0031125603529619478	0.003112560352961949	-0.0031215533504181906	-0.006216125502148886	0.003112558146643175	0.003112560825282545	0.0031125598806413545	-0.0013158801711378454
0.001556280176480975	0.00311256035296195	0.9984437198235188	-0.0015562801764809747	-0.0015562801764809752	0.001556280176480974	0.00311256035296195	-0.0015562801764809745	-0.001556280176480974	-0.0015562801764809747	0.0015607766752090955	0.0031080627510744413	-0.0015562790733215873	-0.001556280412641272	-0.0015562799403206768	0.0006579400855689228
0.0023344202647214624	0.004668840529442924	-0.002334420264721462	0.9976655797352788	-0.0023344202647214624	0.002334420264721462	0.004668840529442924	-0.0023344202647214624	-0.0023344202647214624	-0.0023344202647214624	0.0023411650128136443	0.004662094126611668	-0.0023344186099823814	-0.0023344206189619093	-0.002334419910481016	0.0009869101283533843
0.004668840529442923	0.009337681058885846	-0.004668840529442923	-0.004668840529442924	0.9953311594705575	0.004668840529442924	0.009337681058885848	-0.004668840529442924	-0.004668840529442923	-0.004668840529442924	0.004682330025627287	0.00932418825322333	-0.004668837219964763	-0.004668841237923818	-0.00466883982096203	0.0019738202567067685
-0.0007781400882404873	-0.0015562801764809745	0.0007781400882404872	0.0007781400882404874	0.0007781400882404876	0.9992218599117595	-0.0015562801764809752	0.0007781400882404876	0.0007781400882404874	0.0007781400882404877	-0.0007803883376045481	-0.0015540313755372215	0.0007781395366607939	0.0007781402063206365	0.0007781399701603386	-0.0003289700427844615
-0.0031125603529619495	-0.006225120705923899	0.003112560352961949	0.00311256035296195	0.003112560352961951	-0.0031125603529619495	0.9937748792940764	0.0031125603529619495	0.003112560352961949	0.0031125603529619504	-0.0031215533504181927	-0.006216125502148886	0.0031125581466431764	0.0031125608252825453	0.003112559880641355	-0.0013158801711378458
0.0015562801764809743	0.0031125603529619486	-0.001556280176480974	-0.0015562801764809745	-0.001556280176480975	0.0015562801764809743	0.003112560352961949	0.9984437198235192	-0.0015562801764809739	-0.0015562801764809745	0.0015607766752090957	0.003108062751074441	-0.0015562790733215873	-0.0015562804126412724	-0.001556279940320677	0.0006579400855689229
0.0023344202647214624	0.004668840529442925	-0.002334420264721462	-0.002334420264721463	-0.002334420264721463	0.0023344202647214624	0.004668840529442926	-0.0023344202647214624	0.9976655797352784	-0.002334420264721463	0.002341165012813644	0.004662094126611664	-0.0023344186099823814	-0.002334420618961909	-0.0023344199104810156	0.0009869101283533843
0.004668840529442924	0.009337681058885848	-0.004668840529442924	-0.004668840529442925	-0.004668840529442925	0.004668840529442924	0.00933768105888585	-0.004668840529442924	-0.004668840529442926	0.9953311594705572	0.004682330025627288	0.009324188253223325	-0.004668837219964763	-0.004668841237923819	-0.004668839820962029	0.001973820256706768
-0.0007773685428658402	-0.0015547370857316807	0.0007773685428658402	0.0007773685428658405	0.0007773685428658406	-0.0007773685428658401	-0.001554737085731681	0.0007773685428658402	0.0007773685428658403	0.0007773685428658406	0.979665180315155	0.01799690675339862	0.0007831758457144705	0.0007773079440119321	0.0007774291417197482	-0.02070014061753669
-0.003004938827087549	-0.006009877654175099	0.0030049388270875495	0.00300493882708755	0.0030049388270875508	-0.003004938827087549	-0.0060098776541751	0.0030049388270875495	0.0030049388270875495	0.0030049388270875503	0.040987078609870414	0.9499973825240395	0.0030056612119153383	0.0030048196019953374	0.003005058052179763	-0.041183353229428885
0.0015562801663663224	0.0031125603327326456	-0.0015562801663663226	-0.001556280166366323	-0.0015562801663663232	0.0015562801663663221	0.0031125603327326456	-0.0015562801663663226	-0.0015562801663663226	-0.001556280166366323	0.0015724002293510957	0.0031075330261011555	0.9984326270772804	-0.0015562804346065354	-0.0015562798981261104	0.0006473887758031431
0.0023344267763928195	0.004668853552785639	-0.002334426776392819	-0.0023344267763928195	-0.0023344267763928204	0.0023344267763928195	0.00466885355278564	-0.00233442677639282	-0.00233442677639282	-0.0023344267763928217	0.0023413267053028967	0.004661951928812912	-0.002334425081330169	0.9976628274145143	-0.0023316809672997867	0.0009843267756434726
0.0046688405238998355	0.009337681047799671	-0.004668840523899835	-0.004668840523899835	-0.004668840523899835	0.004668840523899835	0.00933768104779967	-0.004668840523899834	-0.004668840523899834	-0.004668840523899836	0.0046826403638240924	0.009323877817754409	-0.0046688371337788295	-0.0046633503515741605	0.9953256693037746	0.001968647706098584
-0.0023298776961555518	-0.004659755392311103	0.0023298776961555518	0.0023298776961555518	0.0023298776961555518	-0.0023298776961555513	-0.0046597553923111035	0.0023298776961555513	0.0023298776961555518	0.002329877696155553	-0.11960160110031089	0.11264368657842042	0.0022981591295794064	0.002335004628220151	0.0023247507640909524	0.8767802038739986