0.998212880008729	-0.0035742399825418637	0.001787119991270932	0.0017871199912709323	0.0017871199912709319	-0.0017871199912709323	-0.003574239982541864	0.001787119991270932	0.0017871199912709323	0.0017871199912709325	-0.001799122589176082	-0.0035622353849006114	0.0017871179915348286	0.0017871211428231383	0.0017871188397187265	-0.0006471523132021797
-0.007148479965083728	0.9857030400698321	0.007148479965083728	0.007148479965083729	0.0071484799650837275	-0.007148479965083731	-0.01429695993016746	0.00714847996508373	0.00714847996508373	0.007148479965083732	-0.00719649035670433	-0.014248941539602444	0.007148471966139313	0.007148484571292553	0.007148475358874903	-0.0025886092528087175
0.003574239982541864	0.007148479965083731	0.9964257600174583	-0.0035742399825418655	-0.003574239982541865	0.0035742399825418668	0.007148479965083731	-0.0035742399825418655	-0.003574239982541866	-0.0035742399825418668	0.0035982451783521663	0.007124470769801223	-0.0035742359830696568	-0.0035742422856462784	-0.0035742376794374534	0.0012943046264043594
0.005361359973812796	0.010722719947625591	-0.0053613599738127965	0.9946386400261875	-0.005361359973812795	0.005361359973812796	0.010722719947625591	-0.005361359973812796	-0.005361359973812798	-0.005361359973812797	0.005397367767528244	0.010686706154701834	-0.00536135397460448	-0.005361363428469416	-0.005361356519156179	0.001941456939606539
0.010722719947625595	0.02144543989525119	-0.010722719947625596	-0.010722719947625593	0.9892772800523743	0.010722719947625595	0.021445439895251193	-0.010722719947625595	-0.0107227199476256	-0.010722719947625598	0.010794735535056494	0.021373412309403667	-0.010722707949208965	-0.010722726856938838	-0.010722713038312362	0.0038829138792130786
-0.001787119991270932	-0.003574239982541865	0.001787119991270932	0.001787119991270932	0.0017871199912709319	0.9982128800087292	-0.003574239982541865	0.0017871199912709327	0.0017871199912709325	0.001787119991270933	-0.0017991225891760823	-0.003562235384900611	0.0017871179915348286	0.0017871211428231392	0.0017871188397187265	-0.0006471523132021799
-0.00714847996508373	-0.014296959930167464	0.007148479965083731	0.00714847996508373	0.00714847996508373	-0.00714847996508373	0.9857030400698327	0.00714847996508373	0.007148479965083731	0.007148479965083732	-0.007196490356704329	-0.014248941539602445	0.0071484719661393135	0.007148484571292557	0.007148475358874907	-0.002588609252808719
0.0035742399825418655	0.0071484799650837335	-0.003574239982541866	-0.0035742399825418655	-0.0035742399825418655	0.0035742399825418655	0.007148479965083732	0.9964257600174583	-0.0035742399825418663	-0.003574239982541867	0.0035982451783521663	0.007124470769801225	-0.0035742359830696576	-0.003574242285646279	-0.003574237679437454	0.00129430462640436
0.005361359973812798	0.010722719947625595	-0.005361359973812799	-0.005361359973812797	-0.005361359973812797	0.005361359973812797	0.010722719947625595	-0.005361359973812798	0.9946386400261877	-0.005361359973812799	0.005397367767528248	0.010686706154701835	-0.005361353974604482	-0.005361363428469419	-0.005361356519156181	0.00194145693960654
0.010722719947625595	0.02144543989525119	-0.010722719947625596	-0.010722719947625593	-0.010722719947625595	0.010722719947625593	0.021445439895251186	-0.010722719947625595	-0.010722719947625593	0.9892772800523748	0.010794735535056492	0.02137341230940367	-0.010722707949208965	-0.010722726856938836	-0.010722713038312362	0.00388291387921308
-0.0017806352442854858	-0.0035612704885709724	0.001780635244285486	0.0017806352442854858	0.001780635244285486	-0.0017806352442854858	-0.0035612704885709724	0.001780635244285486	0.0017806352442854862	0.0017806352442854858	0.963264072236258	0.031383532614546475	0.0017911246606245352	0.0017803670299763397	0.0017809034585946327	-0.037944886800137204
-0.006644749268088911	-0.013289498536177825	0.0066447492680889115	0.00664474926808891	0.006644749268088911	-0.00664474926808891	-0.013289498536177823	0.0066447492680889115	0.0066447492680889115	0.006644749268088911	0.07732857886019646	0.9027354514673227	0.00664647113630299	0.0066442282827342295	0.006645270253443596	-0.07460147726144997
0.0035742398851305855	0.007148479770261172	-0.0035742398851305855	-0.0035742398851305846	-0.0035742398851305846	0.003574239885130585	0.007148479770261171	-0.0035742398851305846	-0.003574239885130586	-0.003574239885130585	0.0036193632555464412	0.007123107738266278	0.9964060087764488	-0.0035742423252971907	-0.0035742374449639824	0.0012759006037678549
0.005361395016328108	0.010722790032656217	-0.00536139501632811	-0.005361395016328109	-0.005361395016328109	0.00536139501632811	0.010722790032656217	-0.0053613950163281104	-0.0053613950163281104	-0.00536139501632811	0.005398023970393077	0.010686154927453315	-0.005361388865190169	0.9946323016472651	-0.005355091679921233	0.0019358120734202329
0.01072271985431964	0.02144543970863928	-0.010722719854319641	-0.01072271985431964	-0.01072271985431964	0.01072271985431964	0.021445439708639276	-0.01072271985431964	-0.010722719854319641	-0.01072271985431964	0.010795977574691343	0.021372169686016775	-0.010722707552068837	-0.010710127146814411	0.9892646874381754	0.0038715953511206467
-0.0053228487965546615	-0.010645697593109325	0.005322848796554663	0.0053228487965546615	0.0053228487965546615	-0.0053228487965546615	-0.010645697593109325	0.005322848796554663	0.005322848796554663	0.005322848796554663	-0.2149004553285031	0.19898750004681215	0.005267257688581491	0.005333835663108741	0.005311861930000587	0.7742590269612484