0.9986724354490875	-0.002655129101826351	0.0013275645509131756	0.0013275645509131758	0.0013275645509131754	-0.0013275645509131758	-0.0026551291018263516	0.0013275645509131758	0.0013275645509131756	0.0013275645509131758	-0.0013347029043721862	-0.0026479892414083724	0.001327563043954206	0.0013275650660586186	0.0013275640357677324	-0.0005138134814571875
-0.005310258203652702	0.989379483592695	0.005310258203652703	0.005310258203652704	0.005310258203652702	-0.005310258203652704	-0.010620516407305406	0.005310258203652703	0.005310258203652702	0.005310258203652702	-0.005338811617488745	-0.010591956965633486	0.005310252175816826	0.005310260264234474	0.005310256143070931	-0.0020552539258287504
0.002655129101826351	0.0053102582036527015	0.9973448708981734	-0.002655129101826352	-0.0026551291018263516	0.002655129101826352	0.005310258203652704	-0.0026551291018263516	-0.0026551291018263516	-0.0026551291018263516	0.0026694058087443737	0.005295978482816743	-0.0026551260879084126	-0.0026551301321172376	-0.0026551280715354647	0.001027626962914375
0.003982693652739527	0.007965387305479054	-0.003982693652739527	0.9960173063472608	-0.0039826936527395254	0.003982693652739528	0.007965387305479056	-0.003982693652739528	-0.003982693652739529	-0.003982693652739528	0.004004108713116559	0.007943967724225119	-0.00398268913186262	-0.003982695198175854	-0.003982692107303197	0.0015414404443715626
0.007965387305479051	0.015930774610958102	-0.007965387305479051	-0.007965387305479054	0.9920346126945205	0.007965387305479054	0.015930774610958116	-0.007965387305479056	-0.007965387305479056	-0.007965387305479056	0.008008217426233118	0.01588793544845023	-0.007965378263725243	-0.007965390396351708	-0.0079653842146064	0.0030828808887431247
-0.0013275645509131758	-0.002655129101826351	0.0013275645509131758	0.0013275645509131754	0.0013275645509131758	0.9986724354490872	-0.002655129101826352	0.001327564550913176	0.0013275645509131756	0.0013275645509131758	-0.001334702904372186	-0.002647989241408372	0.0013275630439542063	0.0013275650660586186	0.0013275640357677326	-0.0005138134814571875
-0.005310258203652703	-0.010620516407305406	0.005310258203652703	0.005310258203652702	0.005310258203652703	-0.005310258203652703	0.989379483592695	0.005310258203652703	0.0053102582036527015	0.005310258203652703	-0.005338811617488744	-0.010591956965633486	0.005310252175816824	0.005310260264234473	0.005310256143070929	-0.002055253925828749
0.0026551291018263516	0.005310258203652702	-0.0026551291018263516	-0.002655129101826351	-0.0026551291018263516	0.0026551291018263516	0.005310258203652702	0.9973448708981736	-0.0026551291018263516	-0.002655129101826352	0.0026694058087443732	0.005295978482816745	-0.002655126087908413	-0.0026551301321172376	-0.0026551280715354656	0.001027626962914375
0.003982693652739527	0.007965387305479054	-0.003982693652739527	-0.003982693652739529	-0.003982693652739527	0.003982693652739528	0.007965387305479054	-0.003982693652739527	0.9960173063472604	-0.003982693652739528	0.004004108713116559	0.007943967724225117	-0.003982689131862619	-0.003982695198175854	-0.003982692107303198	0.0015414404443715628
0.007965387305479054	0.01593077461095811	-0.007965387305479054	-0.007965387305479058	-0.007965387305479054	0.007965387305479056	0.01593077461095811	-0.007965387305479054	-0.007965387305479054	0.992034612694521	0.00800821742623312	0.015887935448450238	-0.007965378263725238	-0.007965390396351708	-0.007965384214606398	0.0030828808887431256
-0.001324480386243112	-0.0026489607724862235	0.0013244803862431118	0.0013244803862431118	0.001324480386243112	-0.001324480386243112	-0.0026489607724862235	0.001324480386243112	0.001324480386243112	0.0013244803862431122	0.9700150331796952	0.02600287942127147	0.0013331266265476328	0.0013243212351289838	0.0013246395373572397	-0.030856396111416662
-0.005018862735361179	-0.010037725470722358	0.005018862735361179	0.005018862735361179	0.00501886273536118	-0.00501886273536118	-0.010037725470722358	0.005018862735361179	0.005018862735361179	0.00501886273536118	0.06239449016144385	0.9225475511218484	0.005020233245985373	0.005018552065715898	0.0050191734050064555	-0.06091116073543501
0.0026551290515379436	0.005310258103075887	-0.0026551290515379445	-0.002655129051537944	-0.0026551290515379445	0.0026551290515379445	0.005310258103075888	-0.0026551290515379445	-0.0026551290515379445	-0.002655129051537945	0.002686748613232836	0.005294942464975188	0.9973285670248675	-0.0026551301643044215	-0.0026551279387714666	0.0010123763101309502
0.003982712813166648	0.007965425626333296	-0.003982712813166649	-0.003982712813166649	-0.003982712813166648	0.003982712813166649	0.007965425626333298	-0.003982712813166649	-0.003982712813166649	-0.00398271281316665	0.004004509630986472	0.007943624191825444	-0.003982708196478607	0.9960126037225847	-0.003978029348918638	0.001537160682392391
0.007965387270381633	0.015930774540763266	-0.007965387270381635	-0.007965387270381635	-0.007965387270381633	0.007965387270381635	0.01593077454076327	-0.007965387270381635	-0.007965387270381635	-0.007965387270381636	0.00800898081590132	0.01588717176188523	-0.007965378037023275	-0.007956026605877931	0.9920252520651148	0.003074305023631674
-0.003964420366168003	-0.007928840732336006	0.003964420366168004	0.0039644203661680045	0.003964420366168003	-0.003964420366168005	-0.007928840732336009	0.003964420366168004	0.003964420366168004	0.003964420366168004	-0.17580856059343997	0.163961260647676	0.0039184592134280626	0.003972827664325652	0.003956013068010352	0.8163931201314515