0.9989978193037962	-0.002004361392407459	0.0010021806962037295	0.0010021806962037295	0.0010021806962037295	-0.0010021806962037295	-0.002004361392407459	0.0010021806962037293	0.0010021806962037295	0.0010021806962037295	-0.0010061780410492494	-0.002000363115327675	0.0010021797639694658	0.0010021809345750231	0.001002180457832437	-0.00040799597841345857
-0.00400872278481492	0.9919825544303705	0.004008722784814918	0.004008722784814919	0.004008722784814919	-0.004008722784814918	-0.008017445569629836	0.004008722784814919	0.004008722784814919	0.004008722784814919	-0.0040247121641969995	-0.008001452461310704	0.004008719055877861	0.0040087237383000926	0.004008721831329749	-0.0016319839136538351
0.00200436139240746	0.00400872278481492	0.9979956386075929	-0.0020043613924074595	-0.0020043613924074595	0.002004361392407459	0.004008722784814919	-0.002004361392407459	-0.0020043613924074595	-0.0020043613924074595	0.0020123560820984984	0.004000726230655353	-0.002004359527938931	-0.0020043618691500467	-0.002004360915664873	0.000815991956826917
0.0030065420886111905	0.006013084177222381	-0.003006542088611191	0.9969934579113885	-0.00300654208861119	0.00300654208861119	0.006013084177222379	-0.00300654208861119	-0.0030065420886111896	-0.00300654208861119	0.0030185341231477466	0.0060010893459830255	-0.0030065392919083962	-0.003006542803725068	-0.003006541373497309	0.0012239879352403764
0.006013084177222384	0.012026168354444767	-0.0060130841772223845	-0.006013084177222383	0.9939869158227779	0.00601308417722238	0.012026168354444759	-0.006013084177222381	-0.006013084177222379	-0.00601308417722238	0.006037068246295495	0.012002178691966053	-0.006013078583816794	-0.006013085607450137	-0.006013082746994618	0.002447975870480753
-0.0010021806962037293	-0.0020043613924074586	0.0010021806962037293	0.001002180696203729	0.001002180696203729	0.998997819303796	-0.002004361392407459	0.0010021806962037293	0.0010021806962037295	0.0010021806962037295	-0.001006178041049249	-0.0020003631153276756	0.0010021797639694653	0.0010021809345750227	0.0010021804578324365	-0.00040799597841345857
-0.00400872278481492	-0.00801744556962984	0.00400872278481492	0.004008722784814919	0.004008722784814919	-0.004008722784814919	0.9919825544303701	0.004008722784814918	0.004008722784814919	0.004008722784814919	-0.004024712164196998	-0.008001452461310702	0.004008719055877863	0.0040087237383000926	0.004008721831329746	-0.0016319839136538347
0.002004361392407459	0.004008722784814919	-0.0020043613924074595	-0.0020043613924074586	-0.002004361392407459	0.0020043613924074586	0.004008722784814919	0.9979956386075924	-0.0020043613924074586	-0.002004361392407459	0.0020123560820984984	0.00400072623065535	-0.002004359527938931	-0.002004361869150045	-0.002004360915664873	0.0008159919568269172
0.0030065420886111914	0.006013084177222383	-0.003006542088611192	-0.003006542088611191	-0.0030065420886111905	0.00300654208861119	0.006013084177222381	-0.0030065420886111905	0.9969934579113885	-0.00300654208861119	0.0030185341231477487	0.006001089345983025	-0.003006539291908397	-0.003006542803725068	-0.003006541373497309	0.0012239879352403762
0.006013084177222383	0.012026168354444765	-0.006013084177222384	-0.006013084177222382	-0.006013084177222381	0.00601308417722238	0.012026168354444762	-0.006013084177222381	-0.00601308417722238	0.9939869158227779	0.0060370682462954975	0.012002178691966051	-0.006013078583816795	-0.006013085607450137	-0.006013082746994621	0.002447975870480753
-0.0010006807560969271	-0.0020013615121938543	0.0010006807560969271	0.0010006807560969267	0.0010006807560969267	-0.0010006807560969267	-0.0020013615121938534	0.001000680756096927	0.001000680756096927	0.0010006807560969267	0.9754483111564382	0.021542585507203588	0.0010077418241642995	0.001000584600383205	0.0010007769118106503	-0.02512830725386847
-0.003835812440488584	-0.00767162488097717	0.003835812440488584	0.003835812440488584	0.003835812440488583	-0.003835812440488583	-0.007671624880977166	0.003835812440488584	0.003835812440488584	0.003835812440488584	0.050278146304327545	0.9382134102725689	0.0038368185421262272	0.0038356239200476147	0.0038360009609295534	-0.04981068323841889
0.002004361369827693	0.004008722739655387	-0.0020043613698276933	-0.0020043613698276924	-0.0020043613698276924	0.002004361369827693	0.004008722739655385	-0.002004361369827693	-0.002004361369827693	-0.002004361369827693	0.0020264980997161054	0.003999980913742046	0.9979822437261976	-0.0020043618969981573	-0.002004360842657228	0.0008033593318941472
0.003006552937516659	0.006013105875033318	-0.0030065529375166594	-0.0030065529375166585	-0.0030065529375166585	0.003006552937516658	0.006013105875033317	-0.0030065529375166585	-0.003006552937516659	-0.003006552937516659	0.0030187838735310484	0.006000872081147266	-0.003006550079644996	0.9969899110184987	-0.0030030168935318564	0.001220703287046397
0.006013084163747835	0.01202616832749567	-0.006013084163747836	-0.006013084163747835	-0.006013084163747834	0.006013084163747833	0.012026168327495666	-0.006013084163747834	-0.006013084163747834	-0.006013084163747833	0.006037545995928862	0.01200170077958029	-0.006013078448013482	-0.006006014983705256	0.9939798466562093	0.002441397049194959
-0.0029976809358926624	-0.005995361871785326	0.002997680935892663	0.002997680935892663	0.002997680935892663	-0.0029976809358926624	-0.005995361871785325	0.002997680935892663	0.0029976809358926624	0.0029976809358926624	-0.14421177229423043	0.135256742072262	0.002959668350183123	0.0030041738941588704	0.002991187977626454	0.8504465875358274