0.9997726009757716	-0.0004547980484567519	0.000227399024228376	0.00022739902422837602	0.00022739902422837604	-0.000227399024228376	-0.00045479804845675203	0.00022739902422837602	0.0002273990242283761	0.00022739902422837604	-0.00022748875606076882	-0.00045470829254258625	0.00022739900014660293	0.00022739902771364538	0.00022739902074310676	-0.00010735759319007767
-0.0009095960969135037	0.9981808078061729	0.0009095960969135037	0.0009095960969135037	0.000909596096913504	-0.0009095960969135037	-0.0018191921938270075	0.0009095960969135038	0.000909596096913504	0.0009095960969135038	-0.0009099550242430749	-0.0018188331701703446	0.0009095960005864117	0.0009095961108545815	0.0009095960829724268	-0.0004294303727603106
0.00045479804845675187	0.0009095960969135035	0.9995452019515431	-0.00045479804845675187	-0.000454798048456752	0.0004547980484567518	0.0009095960969135037	-0.0004547980484567519	-0.00045479804845675203	-0.0004547980484567519	0.0004549775121215373	0.0009094165850851724	-0.00045479800029320585	-0.00045479805542729054	-0.0004547980414862135	0.00021471518638015527
0.0006821970726851285	0.0013643941453702565	-0.0006821970726851283	0.9993178029273149	-0.0006821970726851284	0.0006821970726851283	0.0013643941453702565	-0.0006821970726851282	-0.0006821970726851283	-0.0006821970726851282	0.0006824662681823063	0.0013641248776277593	-0.0006821970004398088	-0.0006821970831409359	-0.0006821970622293204	0.0003220727795702328
0.0013643941453702576	0.0027287882907405143	-0.0013643941453702572	-0.0013643941453702574	0.9986356058546298	0.0013643941453702567	0.002728788290740514	-0.0013643941453702567	-0.0013643941453702567	-0.0013643941453702567	0.0013649325363646128	0.0027282497552555177	-0.0013643940008796179	-0.001364394166281872	-0.0013643941244586403	0.000644145559140466
-0.00022739902422837596	-0.00045479804845675176	0.00022739902422837588	0.0002273990242283759	0.00022739902422837596	0.9997726009757711	-0.000454798048456752	0.000227399024228376	0.00022739902422837607	0.00022739902422837602	-0.00022748875606076868	-0.0004547082925425861	0.0002273990001466029	0.00022739902771364535	0.0002273990207431067	-0.00010735759319007763
-0.0009095960969135041	-0.0018191921938270077	0.0009095960969135038	0.000909596096913504	0.0009095960969135041	-0.0009095960969135038	0.9981808078061731	0.0009095960969135042	0.0009095960969135044	0.0009095960969135042	-0.0009099550242430747	-0.0018188331701703452	0.0009095960005864121	0.0009095961108545815	0.0009095960829724271	-0.00042943037276031064
0.00045479804845675203	0.0009095960969135038	-0.0004547980484567519	-0.000454798048456752	-0.00045479804845675203	0.0004547980484567519	0.0009095960969135038	0.9995452019515432	-0.00045479804845675214	-0.00045479804845675203	0.0004549775121215373	0.0009094165850851723	-0.00045479800029320585	-0.0004547980554272906	-0.0004547980414862135	0.00021471518638015527
0.0006821970726851287	0.001364394145370257	-0.0006821970726851285	-0.0006821970726851286	-0.0006821970726851286	0.0006821970726851285	0.001364394145370257	-0.0006821970726851285	0.9993178029273152	-0.0006821970726851284	0.0006824662681823064	0.001364124877627759	-0.0006821970004398088	-0.0006821970831409364	-0.0006821970622293204	0.00032207277957023293
0.001364394145370257	0.002728788290740513	-0.0013643941453702565	-0.0013643941453702567	-0.0013643941453702567	0.0013643941453702565	0.002728788290740513	-0.0013643941453702565	-0.0013643941453702565	0.9986356058546295	0.0013649325363646124	0.002728249755255518	-0.0013643940008796175	-0.001364394166281872	-0.0013643941244586403	0.0006441455591404656
-0.0002273732103390545	-0.00045474642067810884	0.00022737321033905442	0.00022737321033905445	0.0002273732103390545	-0.00022737321033905442	-0.0004547464206781089	0.00022737321033905445	0.0002273732103390545	0.00022737321033905445	0.9927598781706216	0.006556010740238197	0.00022936466846143035	0.00022736733212126267	0.00022737908855684636	-0.007221985621913861
-0.0008994757125360992	-0.0017989514250721977	0.0008994757125360991	0.0008994757125360991	0.0008994757125360992	-0.0008994757125360989	-0.0017989514250721982	0.0008994757125360992	0.0008994757125360992	0.0008994757125360991	0.013733925348473727	0.9835675511782357	0.0008995720482184215	0.0008994640231816738	0.0008994874018905237	-0.01454798046115058
0.0004547980483371418	0.0009095960966742834	-0.0004547980483371417	-0.00045479804833714176	-0.0004547980483371418	0.00045479804833714176	0.0009095960966742835	-0.0004547980483371418	-0.00045479804833714187	-0.00045479804833714187	0.0004589606665587228	0.0009093472472455854	0.9995412881828697	-0.0004547980585086249	-0.00045479803816565853	0.00021087136913077882
0.0006821976227928227	0.0013643952455856452	-0.0006821976227928226	-0.0006821976227928227	-0.0006821976227928227	0.0006821976227928226	0.0013643952455856452	-0.0006821976227928226	-0.0006821976227928227	-0.0006821976227928226	0.0006824834744623609	0.0013641093171601905	-0.0006821975460369073	0.9993169997503177	-0.0006813949959034284	0.00032128725137607844
0.0013643941453136972	0.002728788290627394	-0.001364394145313697	-0.001364394145313697	-0.001364394145313697	0.0013643941453136967	0.0027287882906273935	-0.0013643941453136967	-0.0013643941453136967	-0.0013643941453136967	0.0013649658484227419	0.002728216434006577	-0.0013643939918019277	-0.0013627889358979494	0.9986340006452703	0.0006425739741565822
-0.0006820504950820173	-0.0013641009901640343	0.0006820504950820172	0.0006820504950820171	0.0006820504950820172	-0.000682050495082017	-0.001364100990164034	0.000682050495082017	0.000682050495082017	0.000682050495082017	-0.042734839872412174	0.040700222593773885	0.0006705162884742621	0.0006836204455998731	0.000680480544564161	0.9569884994822717