0.9976094374218494	-0.004781125156301831	0.002390562578150915	0.002390562578150915	0.002390562578150915	-0.002390562578150915	-0.00478112515630183	0.002390562578150914	0.002390562578150915	0.0023905625781509153	-0.0024080051189723276	-0.004763681413617142	0.002390561376287638	0.002390565090029264	0.0023905600662725646	-0.0007952630525804329
-0.009562250312603658	0.9808754993747925	0.009562250312603656	0.009562250312603658	0.009562250312603656	-0.009562250312603658	-0.019124500625207312	0.009562250312603656	0.009562250312603658	0.00956225031260366	-0.009632020475889305	-0.01905472565446856	0.009562245505150545	0.009562260360117054	0.009562240265090258	-0.00318105221032173
0.00478112515630183	0.009562250312603656	0.9952188748436979	-0.004781125156301829	-0.004781125156301828	0.00478112515630183	0.009562250312603658	-0.004781125156301828	-0.004781125156301829	-0.00478112515630183	0.004816010237944654	0.00952736282723428	-0.004781122752575274	-0.004781130180058527	-0.004781120132545128	0.0015905261051608654
0.007171687734452742	0.014343375468905479	-0.0071716877344527395	0.9928283122655468	-0.007171687734452741	0.007171687734452743	0.014343375468905479	-0.007171687734452741	-0.007171687734452743	-0.007171687734452742	0.0072240153569169815	0.01429104424085141	-0.007171684128862914	-0.007171695270087789	-0.007171680198817692	0.002385789157741297
0.014343375468905488	0.02868675093781096	-0.014343375468905482	-0.014343375468905484	0.9856566245310944	0.014343375468905488	0.028686750937810965	-0.014343375468905484	-0.01434337546890549	-0.01434337546890549	0.014448030713833966	0.028582088481702825	-0.014343368257725827	-0.01434339054017558	-0.014343360397635391	0.004771578315482595
-0.002390562578150916	-0.004781125156301831	0.0023905625781509158	0.002390562578150916	0.002390562578150916	0.9976094374218493	-0.004781125156301829	0.0023905625781509145	0.002390562578150915	0.0023905625781509158	-0.002408005118972327	-0.004763681413617142	0.0023905613762876376	0.0023905650900292643	0.0023905600662725655	-0.0007952630525804328
-0.009562250312603658	-0.01912450062520731	0.009562250312603656	0.009562250312603658	0.009562250312603658	-0.009562250312603658	0.980875499374792	0.009562250312603653	0.009562250312603654	0.009562250312603656	-0.009632020475889305	-0.01905472565446856	0.009562245505150547	0.009562260360117054	0.009562240265090255	-0.0031810522103217307
0.00478112515630183	0.009562250312603656	-0.004781125156301829	-0.00478112515630183	-0.00478112515630183	0.00478112515630183	0.009562250312603656	0.9952188748436981	-0.004781125156301828	-0.00478112515630183	0.004816010237944655	0.009527362827234279	-0.004781122752575274	-0.004781130180058526	-0.004781120132545131	0.001590526105160865
0.007171687734452745	0.014343375468905484	-0.007171687734452742	-0.007171687734452744	-0.007171687734452743	0.007171687734452745	0.014343375468905484	-0.007171687734452742	0.9928283122655471	-0.007171687734452745	0.00722401535691698	0.014291044240851414	-0.007171684128862913	-0.007171695270087789	-0.007171680198817692	0.0023857891577412976
0.014343375468905491	0.02868675093781097	-0.014343375468905486	-0.014343375468905488	-0.014343375468905486	0.014343375468905491	0.028686750937810968	-0.014343375468905486	-0.01434337546890549	0.985656624531095	0.014448030713833961	0.028582088481702832	-0.014343368257725829	-0.014343390540175586	-0.01434336039763539	0.004771578315482597
-0.0023772914101540944	-0.004754582820308185	0.0023772914101540927	0.002377291410154094	0.002377291410154094	-0.0023772914101540935	-0.0047545828203081845	0.0023772914101540922	0.002377291410154093	0.002377291410154094	0.9553552897292216	0.03750049587982486	0.002389631570645851	0.0023768489507748182	0.0023777338695333697	-0.04611587119931124
-0.008702935761040108	-0.017405871522080212	0.008702935761040106	0.008702935761040108	0.008702935761040104	-0.008702935761040106	-0.017405871522080205	0.008702935761040103	0.008702935761040104	0.008702935761040104	0.09417490682266257	0.8797144621630828	0.00870475949217437	0.008702080446026519	0.008703791076053695	-0.09038146224477059
0.004781125041443171	0.009562250082886338	-0.004781125041443169	-0.004781125041443171	-0.004781125041443169	0.00478112504144317	0.009562250082886335	-0.004781125041443169	-0.00478112504144317	-0.00478112504144317	0.004841071730570341	0.009525741338237796	0.9951954370140785	-0.004781130288086629	-0.004781119794799708	0.0015685452271710374
0.007171751208507875	0.014343502417015742	-0.00717175120850787	-0.007171751208507873	-0.007171751208507871	0.007171751208507873	0.014343502417015742	-0.007171751208507871	-0.007171751208507873	-0.007171751208507875	0.00722507700057116	0.014290172782356175	-0.007171747365911595	0.9928198201917542	-0.007163322608770314	0.0023784155193255596
0.01434337523178645	0.028686750463572896	-0.014343375231786446	-0.01434337523178645	-0.014343375231786448	0.01434337523178645	0.028686750463572896	-0.014343375231786446	-0.01434337523178645	-0.01434337523178645	0.014450026510878688	0.028580091499275994	-0.014343367546581796	-0.014326548432456005	0.9856397979688831	0.004756781233266075
-0.007092733398037983	-0.01418546679607596	0.00709273339803798	0.007092733398037983	0.007092733398037982	-0.007092733398037982	-0.014185466796075961	0.0070927333980379806	0.007092733398037982	0.007092733398037982	-0.2605042211037281	0.23929261939422217	0.007026134913429909	0.007106912959848601	0.00707855383622736	0.7256737297690345