0.9989544465412854	-0.0020911069174298362	0.0010455534587149177	0.0010455534587149172	0.0010455534587149172	-0.0010455534587149172	-0.002091106917429835	0.0010455534587149175	0.0010455534587149172	0.0010455534587149172	-0.0010499351979600625	-0.002086724167729105	0.0010455524482593332	0.001045553726614955	0.00104555319081488	-0.00042268825829179643
-0.00418221383485967	0.9916355723302811	0.004182213834859672	0.00418221383485967	0.004182213834859671	-0.004182213834859669	-0.008364427669719341	0.004182213834859672	0.00418221383485967	0.00418221383485967	-0.004199740791840252	-0.008346896670916426	0.004182209793037335	0.004182214906459823	0.00418221276325952	-0.0016907530331671861
0.002091106917429835	0.004182213834859672	0.9979088930825697	-0.0020911069174298345	-0.0020911069174298345	0.002091106917429835	0.004182213834859671	-0.0020911069174298354	-0.0020911069174298345	-0.0020911069174298345	0.002099870395920126	0.00417344833545821	-0.0020911048965186665	-0.0020911074532299115	-0.00209110638162976	0.0008453765165835931
0.003136660376144751	0.006273320752289505	-0.0031366603761447515	0.996863339623855	-0.0031366603761447506	0.00313666037614475	0.006273320752289503	-0.003136660376144752	-0.0031366603761447506	-0.0031366603761447515	0.0031498055938801897	0.006260172503187311	-0.0031366573447779993	-0.0031366611798448645	-0.0031366595724446377	0.0012680647748753889
0.006273320752289504	0.012546641504579013	-0.006273320752289505	-0.006273320752289503	0.9937266792477103	0.006273320752289501	0.012546641504579006	-0.006273320752289506	-0.006273320752289502	-0.006273320752289505	0.006299611187760379	0.012520345006374627	-0.006273314689556	-0.006273322359689732	-0.006273319144889276	0.002536129549750778
-0.0010455534587149177	-0.0020911069174298362	0.0010455534587149181	0.0010455534587149175	0.0010455534587149172	0.9989544465412847	-0.0020911069174298354	0.0010455534587149177	0.0010455534587149175	0.0010455534587149175	-0.0010499351979600632	-0.0020867241677291056	0.0010455524482593335	0.0010455537266149553	0.0010455531908148798	-0.00042268825829179654
-0.00418221383485967	-0.008364427669719343	0.004182213834859672	0.004182213834859669	0.004182213834859668	-0.004182213834859669	0.9916355723302807	0.00418221383485967	0.004182213834859668	0.004182213834859668	-0.0041997407918402535	-0.008346896670916424	0.004182209793037334	0.004182214906459822	0.004182212763259517	-0.001690753033167186
0.0020911069174298354	0.0041822138348596724	-0.0020911069174298362	-0.002091106917429835	-0.0020911069174298345	0.002091106917429835	0.004182213834859671	0.9979088930825701	-0.002091106917429835	-0.002091106917429835	0.0020998703959201268	0.00417344833545821	-0.002091104896518667	-0.0020911074532299107	-0.002091106381629759	0.0008453765165835931
0.003136660376144751	0.006273320752289505	-0.0031366603761447515	-0.0031366603761447506	-0.0031366603761447506	0.0031366603761447506	0.006273320752289505	-0.003136660376144752	0.9968633396238552	-0.0031366603761447515	0.0031498055938801893	0.006260172503187312	-0.0031366573447779997	-0.0031366611798448654	-0.0031366595724446385	0.0012680647748753889
0.006273320752289504	0.012546641504579013	-0.006273320752289505	-0.006273320752289503	-0.006273320752289503	0.006273320752289503	0.012546641504579013	-0.006273320752289506	-0.006273320752289503	0.993726679247711	0.006299611187760381	0.01252034500637463	-0.006273314689556003	-0.006273322359689731	-0.006273319144889277	0.002536129549750779
-0.0010438793870412811	-0.002087758774082563	0.0010438793870412816	0.0010438793870412811	0.001043879387041281	-0.001043879387041281	-0.0020877587740825623	0.0010438793870412811	0.0010438793870412807	0.001043879387041281	0.9746821639022026	0.022178910315927176	0.0010511670077875794	0.001043775580709849	0.001043983193372713	-0.025935295762200068
-0.00399509622530086	-0.007990192450601721	0.0039950962253008605	0.003995096225300859	0.003995096225300857	-0.003995096225300857	-0.007990192450601718	0.003995096225300858	0.003995096225300858	0.003995096225300859	0.05198122070810754	0.9360324318411902	0.0039961550001002604	0.00399489283311651	0.0039952996174852096	-0.05137801082072679
0.00209110689176995	0.004182213783539901	-0.0020911068917699505	-0.0020911068917699497	-0.0020911068917699492	0.0020911068917699497	0.004182213783539899	-0.0020911068917699492	-0.0020911068917699492	-0.0020911068917699497	0.0021144684430430237	0.004172662213653302	0.9978950831268433	-0.0020911074819177397	-0.002091106301622159	0.0008323703181852479
0.0031366721945361663	0.006273344389072334	-0.0031366721945361668	-0.003136672194536166	-0.0031366721945361663	0.0031366721945361668	0.006273344389072335	-0.0031366721945361668	-0.0031366721945361668	-0.0031366721945361668	0.003150073970939584	0.006259939515793195	-0.0031366690976604443	0.9968596387941392	-0.003132983183211266	0.0012646459629630763
0.006273320736691892	0.01254664147338379	-0.006273320736691893	-0.006273320736691891	-0.006273320736691892	0.006273320736691892	0.012546641473383788	-0.006273320736691893	-0.006273320736691891	-0.006273320736691892	0.006300124244183013	0.01251983177215127	-0.0062733145429505035	-0.0062659459804198575	0.9937193045070363	0.002529281591854962
-0.0031267656560550333	-0.006253531312110068	0.003126765656055034	0.0031267656560550333	0.0031267656560550333	-0.0031267656560550333	-0.006253531312110068	0.003126765656055034	0.0031267656560550337	0.003126765656055034	-0.14867491777706618	0.13933376529807012	0.0030876211668858207	0.003133518375145266	0.0031200129369648023	0.845648409445873