0.9990990094479573	-0.001801981104085102	0.0009009905520425505	0.0009009905520425507	0.0009009905520425506	-0.0009009905520425505	-0.0018019811040851012	0.0009009905520425512	0.0009009905520425506	0.0009009905520425504	-0.0009041453648968135	-0.0017988255373811387	0.0009009897981928512	0.0009009907296145552	0.0009009903744705462	-0.0003729707935210349
-0.0036039622081702038	0.9927920755836602	0.003603962208170202	0.003603962208170203	0.003603962208170203	-0.0036039622081702025	-0.007207924416340406	0.0036039622081702046	0.0036039622081702033	0.0036039622081702025	-0.0036165814595872535	-0.007195302149524556	0.003603959192771404	0.0036039629184582214	0.0036039614978821835	-0.0014918831740841393
0.0018019811040851017	0.0036039622081702033	0.9981980188959148	-0.0018019811040851015	-0.0018019811040851015	0.0018019811040851012	0.0036039622081702025	-0.001801981104085102	-0.0018019811040851015	-0.0018019811040851012	0.0018082907297936267	0.003597651074762278	-0.0018019795963857023	-0.0018019814592291107	-0.001801980748941092	0.0007459415870420699
0.0027029716561276515	0.005405943312255303	-0.002702971656127652	0.9972970283438728	-0.002702971656127651	0.0027029716561276507	0.005405943312255302	-0.002702971656127653	-0.002702971656127651	-0.0027029716561276507	0.0027124360946904407	0.005396476612143417	-0.002702969394578552	-0.0027029721888436648	-0.0027029711234116374	0.0011189123805631046
0.005405943312255303	0.010811886624510608	-0.005405943312255304	-0.005405943312255303	0.9945940566877446	0.005405943312255301	0.010811886624510604	-0.005405943312255305	-0.005405943312255301	-0.005405943312255301	0.005424872189380879	0.010792953224286837	-0.005405938789157104	-0.005405944377687328	-0.005405942246823276	0.0022378247611262083
-0.0009009905520425505	-0.001801981104085101	0.0009009905520425505	0.0009009905520425505	0.0009009905520425504	0.9990990094479573	-0.0018019811040851012	0.0009009905520425512	0.0009009905520425506	0.0009009905520425504	-0.0009041453648968136	-0.0017988255373811387	0.0009009897981928509	0.0009009907296145552	0.0009009903744705457	-0.00037297079352103493
-0.0036039622081702038	-0.0072079244163404076	0.0036039622081702038	0.0036039622081702038	0.003603962208170203	-0.0036039622081702033	0.9927920755836598	0.003603962208170206	0.0036039622081702038	0.003603962208170203	-0.0036165814595872543	-0.007195302149524557	0.003603959192771405	0.0036039629184582214	0.003603961497882184	-0.0014918831740841406
0.001801981104085102	0.003603962208170204	-0.001801981104085102	-0.001801981104085102	-0.0018019811040851017	0.0018019811040851019	0.003603962208170204	0.9981980188959159	-0.001801981104085102	-0.0018019811040851015	0.0018082907297936276	0.0035976510747622783	-0.0018019795963857023	-0.0018019814592291111	-0.0018019807489410922	0.0007459415870420702
0.002702971656127653	0.005405943312255306	-0.0027029716561276533	-0.0027029716561276524	-0.002702971656127652	0.002702971656127652	0.005405943312255304	-0.002702971656127653	0.9972970283438728	-0.002702971656127651	0.0027124360946904403	0.005396476612143418	-0.002702969394578553	-0.002702972188843665	-0.0027029711234116383	0.0011189123805631044
0.005405943312255305	0.01081188662451061	-0.005405943312255306	-0.005405943312255305	-0.005405943312255304	0.005405943312255304	0.010811886624510608	-0.005405943312255305	-0.005405943312255304	0.9945940566877443	0.005424872189380878	0.01079295322428683	-0.005405938789157105	-0.005405944377687328	-0.005405942246823274	0.002237824761126208
-0.0008998544521891705	-0.0017997089043783408	0.0008998544521891705	0.0008998544521891704	0.0008998544521891702	-0.0008998544521891703	-0.0017997089043783406	0.0008998544521891705	0.0008998544521891703	0.00089985445218917	0.9772956639841593	0.019998259990955735	0.0009063671205065807	0.0008997751968807139	0.0008999337074976269	-0.02318509986901038
-0.003462241468694685	-0.00692448293738937	0.0034622414686946855	0.003462241468694686	0.003462241468694685	-0.003462241468694685	-0.00692448293738937	0.003462241468694686	0.0034622414686946855	0.003462241468694684	0.04618800138863667	0.9434243943913526	0.0034631212826218153	0.003462085845336562	0.003462397092052809	-0.04603073736584448
0.0018019810878555573	0.0036039621757111145	-0.0018019810878555573	-0.0018019810878555573	-0.0018019810878555573	0.0018019810878555573	0.003603962175711115	-0.001801981087855558	-0.0018019810878555575	-0.0018019810878555573	0.0018213302146322967	0.0035970024931516295	0.998185629467927	-0.001801981484735297	-0.001801980690975818	0.0007342155747567004
0.002702980407328016	0.005405960814656032	-0.0027029804073280166	-0.0027029804073280157	-0.0027029804073280153	0.0027029804073280157	0.005405960814656032	-0.0027029804073280166	-0.0027029804073280157	-0.002702980407328015	0.0027126443326195657	0.005396294576402478	-0.0027029780943660098	0.9972938404482895	-0.0026998012629454713	0.0011159427068396734
0.005405943302954495	0.01081188660590899	-0.005405943302954495	-0.005405943302954494	-0.005405943302954493	0.005405943302954493	0.010811886605908988	-0.005405943302954495	-0.005405943302954494	-0.005405943302954492	0.005425271124900692	0.010792554158045418	-0.0054059386770371285	-0.005399587183587093	0.9945877005776781	0.002231877655258803
-0.0026962688544427227	-0.005392537708885446	0.0026962688544427235	0.002696268854442723	0.0026962688544427227	-0.0026962688544427227	-0.005392537708885445	0.002696268854442724	0.0026962688544427227	0.0026962688544427227	-0.1334397264174872	0.12538618834582568	0.002661000362776135	0.0027021499726742337	0.002690387736211213	0.8620015175562086