0.9996624867164023	-0.0006750265671962245	0.0003375132835981124	0.00033751328359811223	0.00033751328359811223	-0.00033751328359811223	-0.0006750265671962247	0.0003375132835981124	0.0003375132835981122	0.0003375132835981124	-0.00033777956809454663	-0.0006747602123212767	0.00033751321321959867	0.0003375132945757633	0.00033751327262046137	-0.00015544278353981167
-0.001350053134392449	0.9972998937312153	0.0013500531343924491	0.0013500531343924487	0.0013500531343924487	-0.0013500531343924487	-0.0027001062687848974	0.0013500531343924494	0.0013500531343924487	0.0013500531343924496	-0.001351118272378186	-0.002699040849285107	0.0013500528528783949	0.0013500531783030535	0.0013500530904818446	-0.0006217711341592463
0.0006750265671962247	0.0013500531343924491	0.9993249734328039	-0.0006750265671962245	-0.0006750265671962246	0.0006750265671962246	0.0013500531343924494	-0.0006750265671962248	-0.0006750265671962245	-0.0006750265671962248	0.0006755591361890933	0.0013495204246425532	-0.0006750264264391973	-0.0006750265891515267	-0.0006750265452409227	0.0003108855670796233
0.0010125398507943373	0.0020250797015886743	-0.0010125398507943371	0.9989874601492058	-0.0010125398507943367	0.001012539850794337	0.0020250797015886743	-0.001012539850794337	-0.001012539850794337	-0.001012539850794337	0.0010133387042836398	0.00202428063696383	-0.0010125396396587967	-0.0010125398837272893	-0.0010125398178613839	0.0004663283506194349
0.002025079701588674	0.004050159403177347	-0.002025079701588673	-0.002025079701588673	0.9979749202984113	0.002025079701588674	0.0040501594031773485	-0.002025079701588674	-0.0020250797015886743	-0.002025079701588674	0.0020266774085672796	0.004048561273927659	-0.0020250792793175924	-0.002025079767454579	-0.002025079635722768	0.0009326567012388698
-0.0003375132835981122	-0.0006750265671962244	0.00033751328359811223	0.0003375132835981122	0.00033751328359811223	0.9996624867164019	-0.0006750265671962246	0.00033751328359811234	0.0003375132835981122	0.00033751328359811234	-0.0003377795680945465	-0.0006747602123212767	0.00033751321321959856	0.0003375132945757631	0.0003375132726204612	-0.00015544278353981159
-0.0013500531343924491	-0.0027001062687848983	0.0013500531343924496	0.0013500531343924491	0.0013500531343924496	-0.0013500531343924491	0.9972998937312152	0.0013500531343924496	0.0013500531343924487	0.0013500531343924496	-0.001351118272378186	-0.0026990408492851064	0.0013500528528783945	0.0013500531783030528	0.0013500530904818455	-0.0006217711341592466
0.0006750265671962246	0.0013500531343924491	-0.0006750265671962247	-0.0006750265671962246	-0.0006750265671962247	0.0006750265671962246	0.0013500531343924491	0.9993249734328038	-0.0006750265671962245	-0.0006750265671962248	0.0006755591361890932	0.0013495204246425534	-0.0006750264264391974	-0.0006750265891515265	-0.0006750265452409227	0.0003108855670796232
0.001012539850794337	0.0020250797015886734	-0.0010125398507943365	-0.0010125398507943365	-0.0010125398507943365	0.0010125398507943367	0.0020250797015886734	-0.001012539850794337	0.9989874601492056	-0.001012539850794337	0.0010133387042836398	0.00202428063696383	-0.0010125396396587962	-0.0010125398837272895	-0.0010125398178613843	0.00046632835061943503
0.0020250797015886734	0.004050159403177346	-0.0020250797015886725	-0.0020250797015886725	-0.0020250797015886725	0.002025079701588673	0.004050159403177346	-0.0020250797015886734	-0.002025079701588673	0.9979749202984116	0.0020266774085672796	0.00404856127392766	-0.002025079279317593	-0.0020250797674545794	-0.002025079635722768	0.0009326567012388697
-0.000337434753765027	-0.000674869507530054	0.0003374347537650271	0.00033743475376502697	0.0003374347537650271	-0.0003374347537650271	-0.000674869507530054	0.00033743475376502713	0.000337434753765027	0.000337434753765027	0.9897236608606079	0.009261180074561571	0.00034028955730034104	0.00033742216095643577	0.00033744734657361827	-0.010301406504282053
-0.0013282358760675229	-0.0026564717521350457	0.001328235876067523	0.001328235876067523	0.0013282358760675233	-0.001328235876067523	-0.0026564717521350466	0.0013282358760675235	0.001328235876067523	0.001328235876067523	0.019787531505741918	0.9762275673299283	0.0013284294121944356	0.001328210894250237	0.001328260857884809	-0.02069057683579669
0.0006750265666672303	0.0013500531333344606	-0.0006750265666672306	-0.0006750265666672303	-0.0006750265666672305	0.0006750265666672305	0.001350053133334461	-0.0006750265666672306	-0.0006750265666672305	-0.0006750265666672305	0.000681269503306767	0.0013493806450772324	0.9993194029849501	-0.0006750265954365087	-0.0006750265378979521	0.00030545665404659006
0.0010125410652910415	0.002025082130582083	-0.0010125410652910415	-0.0010125410652910415	-0.0010125410652910415	0.0010125410652910415	0.002025082130582083	-0.0010125410652910417	-0.0010125410652910415	-0.0010125410652910415	0.00101337475995385	0.002024248215433227	-0.0010125408448049943	0.9989862677173159	-0.0010113498478979193	0.0004651730703336625
0.002025079701332896	0.0040501594026657916	-0.0020250797013328958	-0.0020250797013328958	-0.0020250797013328958	0.0020250797013328958	0.004050159402665792	-0.002025079701332896	-0.0020250797013328958	-0.0020250797013328958	0.002026747089676751	0.004048491573350101	-0.002025079260361059	-0.002022697403837693	0.9979725380011717	0.0009303449918895542
-0.0010120865007125742	-0.0020241730014251484	0.0010120865007125742	0.0010120865007125742	0.0010120865007125742	-0.0010120865007125742	-0.0020241730014251484	0.0010120865007125744	0.0010120865007125742	0.0010120865007125742	-0.06061138821878491	0.05759142346915282	0.0009957917482069387	0.0010143932741452375	0.001009779727279911	0.9386553991916191