0.9998935278029282	-0.00021294439414416594	0.00010647219707208296	0.000106472197072083	0.00010647219707208297	-0.00010647219707208298	-0.000212944394144166	0.00010647219707208298	0.00010647219707208301	0.00010647219707208298	-0.0001064824690943493	-0.00021293411932087877	0.00010647219427106215	0.00010647219744581963	0.0001064721966983463	-0.00005176414392710071
-0.00042588878828833193	0.999148222423423	0.0004258887882883318	0.000425888788288332	0.0004258887882883319	-0.00042588878828833193	-0.0008517775765766639	0.0004258887882883319	0.000425888788288332	0.0004258887882883319	-0.00042592987637739716	-0.000851736477283515	0.0004258887770842485	0.00042588878978327873	0.0004258887867933854	-0.00020705657570840294
0.000212944394144166	0.0004258887882883319	0.9997870556058556	-0.00021294439414416602	-0.00021294439414416594	0.000212944394144166	0.000425888788288332	-0.0002129443941441659	-0.00021294439414416597	-0.0002129443941441659	0.0002129649381886986	0.00042586823864175754	-0.00021294438854212427	-0.0002129443948916393	-0.00021294439339669262	0.00010352828785420141
0.0003194165912162492	0.0006388331824324985	-0.00031941659121624924	0.9996805834087839	-0.0003194165912162491	0.0003194165912162491	0.0006388331824324983	-0.000319416591216249	-0.00031941659121624907	-0.00031941659121624907	0.0003194474072830478	0.0006388023579626367	-0.00031941658281318643	-0.0003194165923374591	-0.00031941659009503885	0.00015529243178130222
0.0006388331824324983	0.0012776663648649967	-0.0006388331824324984	-0.0006388331824324981	0.9993611668175675	0.0006388331824324983	0.0012776663648649963	-0.0006388331824324979	-0.0006388331824324981	-0.000638833182432498	0.0006388948145660958	0.0012776047159252727	-0.000638833165626373	-0.000638833184674918	-0.0006388331801900777	0.0003105848635626044
-0.000106472197072083	-0.00021294439414416597	0.00010647219707208298	0.000106472197072083	0.00010647219707208298	0.999893527802928	-0.00021294439414416597	0.00010647219707208297	0.000106472197072083	0.00010647219707208297	-0.00010648246909434929	-0.0002129341193208788	0.00010647219427106211	0.00010647219744581966	0.00010647219669834631	-0.00005176414392710072
-0.0004258887882883321	-0.0008517775765766641	0.00042588878828833204	0.0004258887882883321	0.00042588878828833204	-0.00042588878828833204	0.9991482224234236	0.00042588878828833193	0.00042588878828833204	0.000425888788288332	-0.0004259298763773972	-0.0008517364772835152	0.0004258887770842486	0.0004258887897832787	0.0004258887867933852	-0.00020705657570840288
0.00021294439414416597	0.0004258887882883319	-0.00021294439414416594	-0.00021294439414416597	-0.00021294439414416594	0.00021294439414416594	0.0004258887882883319	0.9997870556058558	-0.00021294439414416597	-0.0002129443941441659	0.00021296493818869853	0.00042586823864175743	-0.00021294438854212421	-0.00021294439489163926	-0.00021294439339669254	0.00010352828785420141
0.000319416591216249	0.0006388331824324981	-0.00031941659121624907	-0.00031941659121624896	-0.000319416591216249	0.00031941659121624896	0.000638833182432498	-0.00031941659121624896	0.9996805834087837	-0.000319416591216249	0.00031944740728304783	0.0006388023579626364	-0.00031941658281318654	-0.000319416592337459	-0.00031941659009503874	0.00015529243178130216
0.000638833182432498	0.0012776663648649963	-0.0006388331824324981	-0.0006388331824324979	-0.000638833182432498	0.0006388331824324979	0.001277666364864996	-0.0006388331824324979	-0.0006388331824324979	0.9993611668175674	0.0006388948145660955	0.0012776047159252727	-0.000638833165626373	-0.0006388331846749177	-0.0006388331801900773	0.0003105848635626043
-0.00010646921130747702	-0.000212938422614954	0.000106469211307477	0.00010646921130747702	0.000106469211307477	-0.000106469211307477	-0.00021293842261495396	0.00010646921130747698	0.00010646921130747698	0.00010646921130747697	0.9964265729382032	0.003253048579631671	0.00010744005955034523	0.00010646788023444714	0.00010647054238050679	-0.0035431959783177374
-0.0004236129875364366	-0.0008472259750728731	0.00042361298753643655	0.0004236129875364367	0.0004236129875364366	-0.0004236129875364366	-0.0008472259750728732	0.0004236129875364366	0.00042361298753643655	0.00042361298753643655	0.006655342647644999	0.9920737949569802	0.00042363642030198627	0.00042361033312898305	0.00042361564194389026	-0.007162404479364597
0.00021294439413787074	0.0004258887882757414	-0.0002129443941378707	-0.00021294439413787074	-0.00021294439413787074	0.00021294439413787074	0.0004258887882757415	-0.00021294439413787074	-0.00021294439413787074	-0.0002129443941378707	0.00021490665668415533	0.0004258514387602584	0.9997851306928315	-0.00021294439561559395	-0.0002129443926601474	0.00010162024695848855
0.00031941671152603145	0.0006388334230520629	-0.00031941671152603145	-0.0003194167115260314	-0.00031941671152603145	0.0003194167115260314	0.0006388334230520629	-0.0003194167115260314	-0.0003194167115260314	-0.00031941671152603134	0.0003194514092092535	0.0006387987159034939	-0.00031941670206068475	0.999680207458939	-0.0003190408819912734	0.0001549205642805072
0.0006388331824295625	0.001277666364859125	-0.0006388331824295623	-0.0006388331824295622	-0.0006388331824295623	0.0006388331824295623	0.001277666364859125	-0.0006388331824295623	-0.0006388331824295622	-0.0006388331824295621	0.0006389025777825796	0.0012775969505754176	-0.000638833163498873	-0.0006380815284059132	0.9993604151635465	0.00030984101073788746
-0.00031940055393641357	-0.000638801107872827	0.00031940055393641357	0.0003194005539364135	0.0003194005539364135	-0.00031940055393641346	-0.000638801107872827	0.0003194005539364135	0.00031940055393641346	0.00031940055393641346	-0.02110957969271275	0.020157102475794556	0.000313676109045369	0.0003201442226379134	0.0003186568852349135	0.9788953515386143