0.9988369610630546	-0.002326077873890504	0.001163038936945252	0.0011630389369452522	0.0011630389369452522	-0.001163038936945252	-0.002326077873890504	0.0011630389369452524	0.0011630389369452522	0.0011630389369452522	-0.00116852167184349	-0.0023205939160587524	0.0011630377140117365	0.0011630392958633788	0.0011630385780271259	-0.00046155919431786703
-0.004652155747781007	0.990695688504438	0.004652155747781009	0.00465215574778101	0.00465215574778101	-0.004652155747781009	-0.00930431149556202	0.0046521557477810106	0.004652155747781009	0.00465215574778101	-0.004674086687373961	-0.00928237566423501	0.004652150856046945	0.004652157183453517	0.004652154312108503	-0.001846236777271468
0.0023260778738905044	0.00465215574778101	0.9976739221261093	-0.002326077873890505	-0.002326077873890505	0.0023260778738905044	0.00465215574778101	-0.0023260778738905053	-0.002326077873890505	-0.002326077873890505	0.0023370433436869795	0.004641187832117504	-0.0023260754280234734	-0.0023260785917267584	-0.0023260771560542513	0.0009231183886357342
0.0034891168108357575	0.006978233621671517	-0.0034891168108357584	0.9965108831891641	-0.003489116810835758	0.003489116810835758	0.006978233621671517	-0.0034891168108357592	-0.0034891168108357584	-0.003489116810835758	0.003505565015530469	0.006961781748176256	-0.003489113142035211	-0.0034891178875901367	-0.003489115734081378	0.0013846775829536014
0.006978233621671514	0.013956467243343032	-0.006978233621671516	-0.006978233621671516	0.9930217663783283	0.006978233621671514	0.01395646724334303	-0.006978233621671516	-0.006978233621671515	-0.006978233621671514	0.007011130031060937	0.013923563496352511	-0.006978226284070422	-0.006978235775180272	-0.0069782314681627565	0.0027693551659072023
-0.0011630389369452516	-0.002326077873890504	0.0011630389369452518	0.0011630389369452518	0.001163038936945252	0.9988369610630546	-0.002326077873890504	0.0011630389369452524	0.001163038936945252	0.001163038936945252	-0.0011685216718434893	-0.002320593916058752	0.0011630377140117362	0.001163039295863379	0.0011630385780271259	-0.00046155919431786714
-0.004652155747781008	-0.009304311495562018	0.00465215574778101	0.00465215574778101	0.00465215574778101	-0.004652155747781008	0.9906956885044382	0.0046521557477810106	0.004652155747781009	0.00465215574778101	-0.004674086687373962	-0.009282375664235008	0.004652150856046946	0.0046521571834535185	0.004652154312108504	-0.0018462367772714683
0.0023260778738905035	0.004652155747781008	-0.0023260778738905044	-0.0023260778738905044	-0.0023260778738905044	0.0023260778738905035	0.004652155747781009	0.9976739221261098	-0.0023260778738905044	-0.002326077873890505	0.0023370433436869795	0.004641187832117505	-0.0023260754280234725	-0.0023260785917267575	-0.0023260771560542526	0.000923118388635734
0.003489116810835756	0.006978233621671514	-0.003489116810835757	-0.003489116810835757	-0.003489116810835756	0.0034891168108357557	0.006978233621671512	-0.003489116810835757	0.9965108831891643	-0.003489116810835757	0.0035055650155304675	0.0069617817481762555	-0.00348911314203521	-0.003489117887590135	-0.003489115734081377	0.0013846775829536007
0.006978233621671516	0.013956467243343035	-0.006978233621671518	-0.006978233621671518	-0.006978233621671516	0.006978233621671516	0.013956467243343032	-0.006978233621671517	-0.006978233621671517	0.9930217663783285	0.007011130031060939	0.013923563496352518	-0.006978226284070422	-0.006978235775180272	-0.0069782314681627565	0.0027693551659072027
-0.0011608368353853043	-0.0023216736707706094	0.0011608368353853047	0.0011608368353853047	0.0011608368353853047	-0.001160836835385304	-0.002321673670770609	0.0011608368353853047	0.0011608368353853047	0.0011608368353853047	0.9726760584531086	0.02383355405317197	0.0011687138229493294	0.0011607111261601121	0.0011609625446104966	-0.028050191764867387
-0.004424076649574479	-0.00884815329914896	0.004424076649574481	0.004424076649574481	0.00442407664957448	-0.004424076649574479	-0.00884815329914896	0.004424076649574482	0.004424076649574481	0.004424076649574482	0.05645299743521676	0.9302735768380945	0.004425272427539881	0.004423830742657885	0.004424322556491079	-0.05547963646062172
0.002326077838868662	0.004652155677737325	-0.0023260778388686626	-0.0023260778388686626	-0.0023260778388686626	0.0023260778388686618	0.004652155677737324	-0.0023260778388686626	-0.002326077838868662	-0.002326077838868663	0.00235282965912594	0.004640293965223292	0.9976590320533877	-0.0023260786222290197	-0.0023260770555083043	0.0009091408399227714
0.003489131468470679	0.006978262936941359	-0.0034891314684706793	-0.003489131468470679	-0.0034891314684706784	0.0034891314684706784	0.006978262936941358	-0.0034891314684706793	-0.003489131468470679	-0.003489131468470679	0.0035058862533596286	0.006961504405541622	-0.0034891277219598923	0.9965067652006713	-0.003485028137612561	0.0013808977683510456
0.006978233599213003	0.013956467198426012	-0.006978233599213006	-0.006978233599213006	-0.006978233599213003	0.0069782335992130025	0.013956467198426008	-0.006978233599213005	-0.006978233599213004	-0.006978233599213004	0.0070117431068985586	0.013922950197732053	-0.006978226106204607	-0.006970031308035222	0.9930135641096095	0.0027617828559836216
-0.00347608619095409	-0.006952172381908182	0.003476086190954091	0.003476086190954091	0.00347608619095409	-0.00347608619095409	-0.00695217238190818	0.003476086190954091	0.003476086190954091	0.003476086190954091	-0.16034936916440076	0.14996320167455154	0.0034339951079409283	0.0034835352997947874	0.003468637082113393	0.8330747772461029