0.9977780967732008	-0.004443806453597977	0.002221903226798988	0.002221903226798988	0.002221903226798988	-0.002221903226798988	-0.004443806453597977	0.0022219032267989866	0.0022219032267989883	0.0022219032267989883	-0.0022380336333813226	-0.004427674397153473	0.0022219015769368187	0.0022219052922217084	0.002221901161376268	-0.000756930419392161
-0.008887612907195948	0.9822247741856082	0.008887612907195952	0.008887612907195952	0.008887612907195948	-0.00888761290719595	-0.0177752258143919	0.008887612907195945	0.00888761290719595	0.008887612907195952	-0.00895213453352529	-0.017710697588613888	0.008887606307747277	0.008887621168886832	0.008887604645505075	-0.0030277216775686433
0.004443806453597976	0.008887612907195953	0.9955561935464023	-0.004443806453597975	-0.004443806453597974	0.004443806453597976	0.008887612907195952	-0.004443806453597973	-0.004443806453597976	-0.004443806453597977	0.0044760672667626435	0.008855348794306942	-0.0044438031538736366	-0.004443810584443413	-0.004443802322752537	0.0015138608387843214
0.006665709680396963	0.013331419360793928	-0.006665709680396962	0.9933342903196031	-0.0066657096803969616	0.006665709680396964	0.013331419360793928	-0.00666570968039696	-0.006665709680396964	-0.006665709680396964	0.006714100900143965	0.013283023191460415	-0.006665704730810456	-0.0066657158766651224	-0.006665703484128801	0.002270791258176483
0.013331419360793923	0.02666283872158785	-0.013331419360793921	-0.013331419360793925	0.9866685806392059	0.013331419360793923	0.02666283872158785	-0.013331419360793916	-0.013331419360793923	-0.013331419360793923	0.013428201800287925	0.02656604638292083	-0.013331409461620912	-0.01333143175333024	-0.0133314069682576	0.004541582516352965
-0.0022219032267989875	-0.0044438064535979776	0.002221903226798988	0.0022219032267989883	0.002221903226798988	0.9977780967732013	-0.0044438064535979776	0.002221903226798987	0.0022219032267989888	0.0022219032267989888	-0.0022380336333813226	-0.004427674397153469	0.0022219015769368183	0.0022219052922217066	0.002221901161376267	-0.0007569304193921608
-0.008887612907195955	-0.017775225814391914	0.008887612907195955	0.008887612907195957	0.008887612907195955	-0.008887612907195957	0.9822247741856082	0.008887612907195946	0.008887612907195952	0.008887612907195952	-0.008952134533525287	-0.01771069758861388	0.008887606307747275	0.008887621168886832	0.008887604645505066	-0.0030277216775686437
0.004443806453597972	0.008887612907195948	-0.004443806453597973	-0.004443806453597974	-0.004443806453597973	0.004443806453597975	0.00888761290719595	0.9955561935464016	-0.004443806453597974	-0.004443806453597974	0.004476067266762643	0.008855348794306937	-0.004443803153873636	-0.004443810584443413	-0.004443802322752533	0.0015138608387843218
0.006665709680396963	0.013331419360793928	-0.006665709680396962	-0.006665709680396964	-0.006665709680396964	0.006665709680396964	0.01333141936079393	-0.0066657096803969616	0.9933342903196033	-0.006665709680396965	0.006714100900143966	0.013283023191460417	-0.006665704730810457	-0.006665715876665123	-0.006665703484128801	0.0022707912581764827
0.013331419360793923	0.02666283872158785	-0.013331419360793921	-0.013331419360793925	-0.013331419360793925	0.013331419360793927	0.026662838721587857	-0.01333141936079392	-0.01333141936079393	0.9866685806392064	0.01342820180028793	0.02656604638292083	-0.01333140946162091	-0.013331431753330245	-0.013331406968257601	0.004541582516352965
-0.002210816403219327	-0.0044216328064386546	0.0022108164032193264	0.002210816403219327	0.002210816403219327	-0.0022108164032193264	-0.004421632806438654	0.0022108164032193255	0.002210816403219326	0.0022108164032193264	0.957489574887273	0.03586609559203893	0.0022226967142493707	0.002210425933313719	0.0022112068731249333	-0.04392872311755837
-0.008136361710863852	-0.016272723421727704	0.00813636171086385	0.008136361710863852	0.008136361710863852	-0.008136361710863852	-0.016272723421727704	0.008136361710863849	0.008136361710863852	0.008136361710863852	0.08971487769006695	0.8858741991530095	0.008138199735196094	0.008135605999732362	0.008137117421995337	-0.08615544364808159
0.004443806332856108	0.008887612665712218	-0.004443806332856107	-0.004443806332856108	-0.004443806332856108	0.004443806332856108	0.008887612665712216	-0.004443806332856106	-0.004443806332856109	-0.004443806332856108	0.004500123947558254	0.008853780862038321	0.9955337078561157	-0.0044438106611088095	-0.004443802004603405	0.0014928353939976052
0.006665764326191491	0.013331528652382987	-0.006665764326191491	-0.006665764326191493	-0.006665764326191493	0.006665764326191495	0.01333152865238299	-0.006665764326191492	-0.006665764326191495	-0.006665764326191494	0.006715041220221488	0.013282246596822606	-0.006665759164661115	0.9933264008151003	-0.006657929467483105	0.002263893786734061
0.013331419173072139	0.026662838346144288	-0.013331419173072139	-0.01333141917307214	-0.013331419173072142	0.013331419173072142	0.026662838346144288	-0.013331419173072137	-0.013331419173072146	-0.013331419173072146	0.013429972682108396	0.02656427451405447	-0.01333140885001858	-0.01331577446438867	0.9866529361182445	0.004527744142226196
-0.0065997778690040105	-0.013199555738008026	0.006599777869004011	0.006599777869004012	0.006599777869004012	-0.006599777869004012	-0.013199555738008024	0.006599777869004011	0.006599777869004013	0.006599777869004012	-0.2482142105085011	0.22847852597166896	0.006536128798824182	0.006613085939665928	0.006586469798342092	0.7386826089211077