0.9995054100847525	-0.0009891798304954397	0.0004945899152477199	0.0004945899152477199	0.0004945899152477198	-0.0004945899152477199	-0.0009891798304954395	0.0004945899152477198	0.0004945899152477195	0.0004945899152477195	-0.0004953218832217702	-0.0009884476735926423	0.0004945897263189734	0.0004945899481150556	0.0004945898823803837	-0.00022045668905236354
-0.001978359660990879	0.9960432806780184	0.0019783596609908795	0.00197835966099088	0.0019783596609908795	-0.001978359660990879	-0.003956719321981758	0.0019783596609908786	0.0019783596609908786	0.0019783596609908786	-0.00198128753288708	-0.003953790694370569	0.0019783589052758937	0.0019783597924602223	0.001978359529521535	-0.0008818267562094543
0.0009891798304954393	0.001978359660990879	0.9990108201695047	-0.0009891798304954395	-0.0009891798304954395	0.0009891798304954397	0.0019783596609908786	-0.0009891798304954395	-0.0009891798304954393	-0.0009891798304954393	0.00099064376644354	0.0019768953471852846	-0.0009891794526379468	-0.0009891798962301111	-0.0009891797647607677	0.00044091337810472713
0.0014837697457431584	0.002967539491486317	-0.0014837697457431586	0.9985162302542568	-0.0014837697457431586	0.0014837697457431586	0.0029675394914863173	-0.0014837697457431584	-0.0014837697457431584	-0.0014837697457431584	0.0014859656496653115	0.0029653430207779276	-0.00148376917895692	-0.001483769844345166	-0.0014837696471411525	0.0006613700671570906
0.0029675394914863164	0.005935078982972633	-0.002967539491486317	-0.002967539491486317	0.9970324605085135	0.0029675394914863177	0.005935078982972635	-0.002967539491486317	-0.0029675394914863173	-0.002967539491486317	0.002971931299330624	0.005930686041555854	-0.00296753835791384	-0.002967539688690332	-0.0029675392942823046	0.0013227401343141806
-0.0004945899152477198	-0.0009891798304954397	0.0004945899152477198	0.0004945899152477199	0.0004945899152477198	0.9995054100847525	-0.0009891798304954395	0.0004945899152477198	0.0004945899152477197	0.0004945899152477197	-0.0004953218832217702	-0.0009884476735926423	0.0004945897263189733	0.0004945899481150555	0.0004945898823803839	-0.0002204566890523636
-0.0019783596609908786	-0.003956719321981757	0.0019783596609908786	0.0019783596609908786	0.001978359660990878	-0.001978359660990878	0.9960432806780182	0.0019783596609908786	0.0019783596609908786	0.0019783596609908786	-0.0019812875328870804	-0.003953790694370568	0.0019783589052758933	0.0019783597924602223	0.0019783595295215354	-0.0008818267562094539
0.0009891798304954393	0.001978359660990879	-0.0009891798304954393	-0.0009891798304954395	-0.0009891798304954393	0.0009891798304954393	0.0019783596609908786	0.9990108201695047	-0.000989179830495439	-0.000989179830495439	0.0009906437664435402	0.0019768953471852846	-0.0009891794526379468	-0.000989179896230111	-0.0009891797647607677	0.0004409133781047271
0.0014837697457431584	0.002967539491486317	-0.0014837697457431586	-0.0014837697457431589	-0.0014837697457431584	0.0014837697457431586	0.0029675394914863177	-0.0014837697457431586	0.9985162302542565	-0.0014837697457431589	0.001485965649665311	0.0029653430207779263	-0.0014837691789569203	-0.001483769844345166	-0.0014837696471411519	0.0006613700671570905
0.0029675394914863164	0.005935078982972633	-0.002967539491486317	-0.002967539491486317	-0.0029675394914863164	0.002967539491486317	0.005935078982972635	-0.002967539491486317	-0.0029675394914863173	0.9970324605085134	0.002971931299330622	0.0059306860415558535	-0.0029675383579138397	-0.0029675396886903317	-0.0029675392942823033	0.0013227401343141809
-0.000494363265707278	-0.0009887265314145561	0.000494363265707278	0.000494363265707278	0.000494363265707278	-0.0004943632657072778	-0.000988726531414556	0.000494363265707278	0.000494363265707278	0.0004943632657072778	0.9858025786268351	0.012710339729625654	0.0004983551121249182	0.0004943372206972606	0.0004943893107172958	-0.01432140024825716
-0.0019328335471816345	-0.0038656670943632686	0.0019328335471816345	0.0019328335471816345	0.0019328335471816343	-0.001932833547181634	-0.0038656670943632686	0.0019328335471816343	0.001932833547181634	0.0019328335471816339	0.027855340963635653	0.9663457928444995	0.0019331990975014074	0.0019327820430203818	0.0019328850513428862	-0.028656488620060497
0.0009891798283673979	0.0019783596567347957	-0.0009891798283673979	-0.0009891798283673979	-0.0009891798283673979	0.0009891798283673976	0.0019783596567347953	-0.0009891798283673979	-0.0009891798283673976	-0.0009891798283673974	0.000998629766510316	0.0019766300104127983	0.9990030998798116	-0.0009891799080771844	-0.0009891797486576116	0.00043346294221088344
0.0014837723618011862	0.0029675447236023724	-0.001483772361801186	-0.0014837723618011862	-0.001483772361801186	0.001483772361801186	0.0029675447236023724	-0.001483772361801186	-0.0014837723618011862	-0.0014837723618011862	0.0014860381505193384	0.0029652783495685117	-0.0014837717764854756	0.9985144821682422	-0.0014820268918444752	0.0006596971170108809
0.002967539490416871	0.005935078980833742	-0.0029675394904168702	-0.0029675394904168702	-0.0029675394904168702	0.002967539490416871	0.005935078980833743	-0.002967539490416871	-0.002967539490416871	-0.002967539490416871	0.00297207106400802	0.0059305462366121536	-0.0029675383197864317	-0.002964048956748098	0.9970289699759147	0.0013193918093765626
-0.0014824468460344828	-0.002964893692068966	0.0014824468460344828	0.001482446846034483	0.0014824468460344828	-0.0014824468460344828	-0.002964893692068966	0.0014824468460344828	0.001482446846034483	0.001482446846034483	-0.08365245373125416	0.07922748602978986	0.001460074009395339	0.001485781207831051	0.0014791124842379146	0.9147292788597107