0.9981132956828044	-0.003773408634390555	0.0018867043171952775	0.0018867043171952769	0.0018867043171952778	-0.001886704317195277	-0.0037734086343905546	0.0018867043171952773	0.0018867043171952769	0.001886704317195277	-0.0018997252132071352	-0.003760385730924253	0.001886702309740837	0.0018867056495026038	0.00188670298488795	-0.0006736875784344396
-0.00754681726878111	0.9849063654624376	0.007546817268781112	0.007546817268781109	0.007546817268781113	-0.00754681726878111	-0.01509363453756222	0.007546817268781111	0.00754681726878111	0.007546817268781111	-0.007598900852828544	-0.015041542923697016	0.007546809238963347	0.0075468225980104145	0.0075468119395518	-0.00269475031373776
0.003773408634390555	0.007546817268781112	0.9962265913656099	-0.003773408634390554	-0.0037734086343905555	0.003773408634390554	0.007546817268781108	-0.0037734086343905546	-0.0037734086343905546	-0.0037734086343905546	0.0037994504264142713	0.007520771461848507	-0.0037734046194816736	-0.0037734112990052077	-0.0037734059697759003	0.0013473751568688793
0.005660112951585834	0.011320225903171667	-0.005660112951585832	0.9943398870484137	-0.005660112951585833	0.005660112951585832	0.011320225903171662	-0.005660112951585831	-0.005660112951585831	-0.00566011295158583	0.005699175639621407	0.011281157192772765	-0.0056601069292225095	-0.00566011694850781	-0.00566010895466385	0.0020210627353033192
0.011320225903171669	0.022640451806343338	-0.011320225903171666	-0.011320225903171666	0.9886797740968287	0.011320225903171664	0.022640451806343324	-0.011320225903171662	-0.011320225903171662	-0.011320225903171662	0.011398351279242814	0.022562314385545516	-0.011320213858445023	-0.011320233897015624	-0.011320217909327697	0.004042125470606637
-0.0018867043171952765	-0.0037734086343905538	0.0018867043171952765	0.0018867043171952765	0.0018867043171952767	0.9981132956828046	-0.0037734086343905525	0.0018867043171952765	0.0018867043171952762	0.0018867043171952765	-0.0018997252132071352	-0.0037603857309242527	0.0018867023097408366	0.0018867056495026032	0.00188670298488795	-0.0006736875784344396
-0.007546817268781107	-0.015093634537562219	0.0075468172687811075	0.0075468172687811075	0.007546817268781108	-0.0075468172687811075	0.9849063654624378	0.007546817268781108	0.007546817268781107	0.007546817268781108	-0.007598900852828544	-0.015041542923697016	0.007546809238963348	0.007546822598010414	0.0075468119395518	-0.002694750313737759
0.003773408634390555	0.007546817268781112	-0.003773408634390555	-0.003773408634390555	-0.0037734086343905555	0.003773408634390555	0.00754681726878111	0.9962265913656098	-0.003773408634390554	-0.0037734086343905546	0.003799450426414272	0.007520771461848509	-0.0037734046194816745	-0.003773411299005208	-0.0037734059697759007	0.0013473751568688795
0.005660112951585834	0.011320225903171667	-0.005660112951585832	-0.005660112951585832	-0.005660112951585833	0.005660112951585833	0.011320225903171666	-0.005660112951585831	0.9943398870484139	-0.005660112951585831	0.005699175639621409	0.011281157192772763	-0.005660106929222511	-0.00566011694850781	-0.00566010895466385	0.0020210627353033192
0.011320225903171662	0.022640451806343324	-0.011320225903171659	-0.011320225903171659	-0.01132022590317166	0.01132022590317166	0.02264045180634332	-0.011320225903171659	-0.011320225903171659	0.9886797740968281	0.011398351279242817	0.02256231438554552	-0.011320213858445024	-0.011320233897015619	-0.011320217909327699	0.004042125470606639
-0.0018792901091254119	-0.0037585802182508246	0.0018792901091254125	0.0018792901091254125	0.0018792901091254125	-0.0018792901091254123	-0.0037585802182508246	0.0018792901091254125	0.0018792901091254123	0.001879290109125412	0.9618998774949745	0.032451416270814014	0.0018901260159605098	0.0018789954482641227	0.0018795847699867015	-0.03936668053417463
-0.006990355439031978	-0.013980710878063955	0.0069903554390319785	0.0069903554390319785	0.0069903554390319785	-0.0069903554390319785	-0.01398071087806396	0.0069903554390319785	0.0069903554390319785	0.006990355439031978	0.08029459573574928	0.8987325701300886	0.006992123256098234	0.006989783604456839	0.00699092727360712	-0.07734598622195227
0.003773408528323099	0.007546817056646198	-0.003773408528323098	-0.003773408528323098	-0.003773408528323099	0.003773408528323098	0.007546817056646197	-0.003773408528323099	-0.0037734085283230977	-0.003773408528323098	0.0038212902421997	0.0075193525573200625	0.9962061742571265	-0.003773411343115302	-0.0037734057135308933	0.0013283462502348485
0.00566015208673868	0.01132030417347736	-0.005660152086738679	-0.005660152086738679	-0.005660152086738679	0.005660152086738679	0.011320304173477359	-0.005660152086738679	-0.005660152086738679	-0.0056601520867386795	0.005699893290027499	0.011280556782731639	-0.005660145899281777	0.9943331936887367	-0.005653497862214071	0.0020151277326459893
0.011320225792013932	0.022640451584027863	-0.01132022579201393	-0.011320225792013932	-0.011320225792013932	0.01132022579201393	0.022640451584027863	-0.011320225792013928	-0.011320225792013928	-0.011320225792013928	0.011399707988360028	0.022560957012791986	-0.011320213417124159	-0.011306933493610113	0.9886664819095823	0.00403022355405321
-0.0056160659526939775	-0.011232131905387951	0.005616065952693976	0.005616065952693976	0.0056160659526939775	-0.0056160659526939775	-0.011232131905387955	0.005616065952693976	0.0056160659526939775	0.005616065952693976	-0.22277981356461218	0.20598912315503987	0.005558558504184449	0.0056275942719669556	0.0056045376334209925	0.765807220753764