0.9987809201011647	-0.002438159797670902	0.0012190798988354512	0.0012190798988354515	0.0012190798988354512	-0.001219079898835451	-0.002438159797670902	0.0012190798988354508	0.0012190798988354508	0.0012190798988354508	-0.0012251139934495096	-0.0024321243805419317	0.001219078576320538	0.001219080307083756	0.0012190794905871463	-0.00047963797214847754
-0.004876319595341804	0.9902473608093162	0.004876319595341804	0.004876319595341805	0.004876319595341805	-0.004876319595341804	-0.00975263919068361	0.004876319595341804	0.004876319595341804	0.004876319595341805	-0.0049004559737980385	-0.009728497522167725	0.004876314305282147	0.004876321228335023	0.004876317962348586	-0.0019185518885939104
0.002438159797670903	0.004876319595341804	0.9975618402023286	-0.002438159797670903	-0.002438159797670903	0.0024381597976709025	0.004876319595341805	-0.002438159797670902	-0.002438159797670902	-0.002438159797670903	0.0024502279868990192	0.0048642487610838624	-0.002438157152641075	-0.0024381606141675115	-0.0024381589811742943	0.0009592759442969554
0.0036572396965063553	0.007314479393012709	-0.003657239696506355	0.9963427603034941	-0.0036572396965063553	0.0036572396965063553	0.00731447939301271	-0.0036572396965063544	-0.0036572396965063553	-0.003657239696506355	0.0036753419803485293	0.0072963731416257945	-0.0036572357289616124	-0.0036572409212512658	-0.0036572384717614426	0.0014389139164454326
0.007314479393012712	0.014628958786025421	-0.007314479393012711	-0.007314479393012712	0.9926855206069874	0.007314479393012711	0.014628958786025421	-0.007314479393012709	-0.0073144793930127105	-0.0073144793930127105	0.007350683960697061	0.014592746283251589	-0.007314471457923224	-0.007314481842502534	-0.007314476943522883	0.002877827832890865
-0.0012190798988354508	-0.002438159797670901	0.0012190798988354508	0.0012190798988354508	0.001219079898835451	0.9987809201011647	-0.0024381597976709025	0.001219079898835451	0.001219079898835451	0.001219079898835451	-0.0012251139934495096	-0.0024321243805419312	0.0012190785763205381	0.0012190803070837551	0.0012190794905871474	-0.0004796379721484776
-0.004876319595341804	-0.009752639190683605	0.004876319595341804	0.004876319595341805	0.004876319595341805	-0.004876319595341805	0.9902473608093162	0.004876319595341805	0.004876319595341804	0.004876319595341805	-0.004900455973798038	-0.009728497522167725	0.00487631430528215	0.004876321228335021	0.004876317962348588	-0.0019185518885939102
0.002438159797670902	0.004876319595341803	-0.002438159797670902	-0.002438159797670902	-0.0024381597976709025	0.0024381597976709025	0.004876319595341804	0.9975618402023285	-0.002438159797670902	-0.0024381597976709025	0.002450227986899019	0.004864248761083861	-0.0024381571526410745	-0.0024381606141675107	-0.0024381589811742935	0.0009592759442969549
0.003657239696506355	0.007314479393012708	-0.0036572396965063544	-0.003657239696506355	-0.003657239696506354	0.003657239696506355	0.00731447939301271	-0.0036572396965063544	0.9963427603034936	-0.003657239696506354	0.003675341980348529	0.007296373141625792	-0.0036572357289616124	-0.0036572409212512653	-0.0036572384717614413	0.001438913916445432
0.00731447939301271	0.014628958786025416	-0.007314479393012709	-0.00731447939301271	-0.007314479393012708	0.00731447939301271	0.01462895878602542	-0.007314479393012708	-0.007314479393012709	0.9926855206069873	0.007350683960697059	0.014592746283251586	-0.007314471457923225	-0.007314481842502532	-0.0073144769435228825	0.0028778278328908647
-0.001216596319594747	-0.0024331926391894933	0.0012165963195947468	0.0012165963195947473	0.0012165963195947468	-0.0012165963195947468	-0.0024331926391894937	0.001216596319594747	0.0012165963195947468	0.001216596319594747	0.9717516188474415	0.024590446067570118	0.0012247424457990656	0.0012164595738743849	0.001216733065315109	-0.02902518546283138
-0.004627445529357054	-0.009254891058714106	0.004627445529357054	0.004627445529357055	0.004627445529357055	-0.004627445529357055	-0.00925489105871411	0.004627445529357055	0.004627445529357054	0.004627445529357054	0.05851706016574191	0.9275993455063309	0.004628703269212699	0.004627178231007151	0.004627712827706956	-0.05736800763248154
0.002438159757701726	0.004876319515403452	-0.002438159757701726	-0.002438159757701726	-0.0024381597577017257	0.0024381597577017257	0.004876319515403451	-0.0024381597577017257	-0.0024381597577017257	-0.002438159757701726	0.002466558050475625	0.004863305214776035	0.9975464562501517	-0.002438160645330771	-0.0024381588700726803	0.000944854132406147
0.0036572558186302147	0.0073145116372604286	-0.0036572558186302147	-0.0036572558186302147	-0.003657255818630214	0.0036572558186302143	0.0073145116372604286	-0.0036572558186302147	-0.0036572558186302143	-0.0036572558186302143	0.003675689633476474	0.007296073771121719	-0.0036572517673377626	0.9963384432342762	-0.0036529548715365677	0.0014349630960425156
0.007314479366667339	0.014628958733334675	-0.007314479366667339	-0.00731447936666734	-0.0073144793666673385	0.007314479366667339	0.014628958733334677	-0.0073144793666673385	-0.0073144793666673385	-0.007314479366667338	0.007351346925287682	0.014592083072144157	-0.007314471264097164	-0.007305882441098256	0.9926769237077634	0.0028699123131699904
-0.0036425365599531633	-0.007285073119906326	0.003642536559953163	0.0036425365599531633	0.003642536559953163	-0.003642536559953163	-0.007285073119906326	0.003642536559953163	0.003642536559953163	0.003642536559953163	-0.16572329134519234	0.15483912217052706	0.003599096054758919	0.003650314231763987	0.0036347588881423397	0.8272786415398306