0.9987067915974984	-0.0025864168050026564	0.001293208402501328	0.0012932084025013284	0.0012932084025013284	-0.001293208402501328	-0.0025864168050026555	0.0012932084025013282	0.0012932084025013286	0.0012932084025013282	-0.0012999925135681253	-0.0025796312438622713	0.001293206952427741	0.0012932088821309428	0.0012932079228717129	-0.0005031060424468628
-0.005172833610005313	0.9896543327799895	0.005172833610005312	0.0051728336100053144	0.0051728336100053144	-0.005172833610005312	-0.010345667220010624	0.005172833610005313	0.005172833610005315	0.005172833610005314	-0.0051999700542725	-0.01031852497544908	0.005172827809710964	0.005172835528523774	0.005172831691486852	-0.002012424169787451
0.0025864168050026572	0.005172833610005314	0.9974135831949971	-0.002586416805002656	-0.0025864168050026564	0.002586416805002656	0.005172833610005311	-0.0025864168050026564	-0.0025864168050026572	-0.0025864168050026564	0.0025999850271362494	0.005159262487724542	-0.0025864139048554814	-0.0025864177642618857	-0.002586415845743425	0.0010062120848937253
0.0038796252075039847	0.0077592504150079695	-0.0038796252075039847	0.9961203747924963	-0.0038796252075039865	0.003879625207503984	0.007759250415007968	-0.003879625207503985	-0.003879625207503987	-0.0038796252075039856	0.003899977540704377	0.007738893731586813	-0.003879620857283226	-0.0038796266463928275	-0.003879623768615138	0.0015093181273405875
0.007759250415007972	0.015518500830015944	-0.007759250415007972	-0.007759250415007974	0.9922407495849924	0.00775925041500797	0.015518500830015937	-0.007759250415007973	-0.007759250415007976	-0.007759250415007972	0.007799955081408759	0.015477787463173631	-0.007759241714566453	-0.007759253292785657	-0.0077592475372302815	0.0030186362546811766
-0.0012932084025013275	-0.002586416805002655	0.0012932084025013277	0.0012932084025013277	0.001293208402501328	0.9987067915974983	-0.002586416805002655	0.0012932084025013277	0.0012932084025013284	0.0012932084025013277	-0.0012999925135681247	-0.0025796312438622704	0.0012932069524277405	0.001293208882130943	0.0012932079228717126	-0.0005031060424468626
-0.005172833610005311	-0.010345667220010622	0.005172833610005312	0.005172833610005312	0.005172833610005313	-0.005172833610005311	0.9896543327799887	0.005172833610005312	0.005172833610005313	0.005172833610005312	-0.005199970054272499	-0.010318524975449085	0.005172827809710963	0.005172835528523773	0.005172831691486851	-0.0020124241697874502
0.0025864168050026564	0.005172833610005312	-0.0025864168050026564	-0.0025864168050026564	-0.002586416805002657	0.002586416805002656	0.005172833610005312	0.9974135831949972	-0.002586416805002657	-0.0025864168050026555	0.0025999850271362502	0.005159262487724542	-0.0025864139048554814	-0.002586417764261886	-0.0025864158457434253	0.0010062120848937253
0.0038796252075039865	0.007759250415007973	-0.0038796252075039865	-0.0038796252075039873	-0.0038796252075039865	0.0038796252075039865	0.007759250415007973	-0.0038796252075039873	0.9961203747924966	-0.0038796252075039865	0.0038999775407043786	0.007738893731586814	-0.0038796208572832247	-0.003879626646392828	-0.0038796237686151403	0.0015093181273405879
0.007759250415007969	0.015518500830015937	-0.007759250415007969	-0.00775925041500797	-0.007759250415007969	0.007759250415007969	0.015518500830015937	-0.007759250415007969	-0.007759250415007972	0.992240749584992	0.0077999550814087555	0.015477787463173628	-0.007759241714566449	-0.007759253292785656	-0.00775924753723028	0.0030186362546811758
-0.0012903224717744294	-0.002580644943548859	0.0012903224717744298	0.0012903224717744298	0.00129032247177443	-0.0012903224717744298	-0.0025806449435488593	0.0012903224717744298	0.00129032247177443	0.00129032247177443	0.9705578412113471	0.02556270060342282	0.0012988132416809374	0.0012901705623152302	0.0012904743812336295	-0.03028412729533543
-0.004895225337768168	-0.009790450675536336	0.004895225337768169	0.004895225337768169	0.004895225337768171	-0.004895225337768169	-0.009790450675536336	0.004895225337768171	0.004895225337768172	0.004895225337768172	0.061182880395114825	0.9241301077151349	0.0048965612142137524	0.004894928678473839	0.004895521997062502	-0.05980434249508215
0.0025864167580768	0.0051728335161536	-0.002586416758076801	-0.0025864167580768017	-0.0025864167580768017	0.002586416758076801	0.005172833516153602	-0.0025864167580768012	-0.0025864167580768025	-0.002586416758076802	0.0026170126384799713	0.005158255196521623	0.9973975656811522	-0.0025864177961512818	-0.00258641572000232	0.0009912197038915223
0.003879643376638201	0.007759286753276402	-0.003879643376638201	-0.003879643376638201	-0.003879643376638202	0.0038796433766382	0.0077592867532763985	-0.0038796433766382	-0.0038796433766382023	-0.003879643376638202	0.003900361290349886	0.007738564397405549	-0.0038796389344790336	0.996115794294521	-0.003875081047797509	0.0015051422453796984
0.007759250382863984	0.01551850076572797	-0.007759250382863984	-0.007759250382863987	-0.007759250382863985	0.007759250382863984	0.015518500765727965	-0.007759250382863984	-0.007759250382863987	-0.007759250382863986	0.0078006861264263115	0.015477056137864082	-0.007759241498562429	-0.007750131558883087	0.992231630793155	0.003010268949617851
-0.0038625305165057916	-0.007725061033011583	0.0038625305165057916	0.0038625305165057924	0.0038625305165057916	-0.0038625305165057907	-0.007725061033011581	0.0038625305165057916	0.0038625305165057933	0.0038625305165057916	-0.17265754954131662	0.16111513325395205	0.0038173552543528944	0.003870739317821784	0.003854321715189796	0.8197948576295655