0.9999169890264202	-0.00016602194715940142	0.00008301097357970071	0.0000830109735797007	0.00008301097357970071	-0.00008301097357970071	-0.00016602194715940142	0.00008301097357970071	0.0000830109735797007	0.00008301097357970071	-0.00008301594752949846	-0.0001660169718491935	0.00008301097221929054	0.00008301097375839048	0.00008301097340101092	-0.000040600297457349
-0.00033204389431880295	0.9993359122113621	0.0003320438943188029	0.00033204389431880284	0.00033204389431880295	-0.00033204389431880295	-0.0006640877886376059	0.00033204389431880295	0.00033204389431880295	0.000332043894318803	-0.00033206379011799366	-0.0006640678873967741	0.0003320438888771622	0.000332043895033562	0.0003320438936040436	-0.00016240118982939608
0.00016602194715940142	0.0003320438943188029	0.9998339780528405	-0.00016602194715940142	-0.00016602194715940145	0.00016602194715940148	0.00033204389431880306	-0.00016602194715940148	-0.0001660219471594015	-0.00016602194715940148	0.0001660318950589968	0.00033203394369838704	-0.00016602194443858116	-0.00016602194751678097	-0.00016602194680202185	0.00008120059491469804
0.0002490329207391021	0.0004980658414782042	-0.00024903292073910204	0.9997509670792609	-0.0002490329207391021	0.0002490329207391021	0.0004980658414782042	-0.0002490329207391021	-0.0002490329207391021	-0.00024903292073910204	0.0002490478425884952	0.0004980509155475806	-0.00024903291665787146	-0.00024903292127517144	-0.0002490329202030329	0.00012180089237204696
0.0004980658414782044	0.0009961316829564088	-0.0004980658414782043	-0.0004980658414782043	0.9995019341585215	0.0004980658414782044	0.0009961316829564086	-0.0004980658414782043	-0.0004980658414782043	-0.0004980658414782043	0.0004980956851769905	0.0009961018310951611	-0.0004980658333157429	-0.0004980658425503428	-0.0004980658404060659	0.000243601784744094
-0.0000830109735797007	-0.00016602194715940142	0.00008301097357970071	0.0000830109735797007	0.00008301097357970072	0.9999169890264205	-0.00016602194715940148	0.00008301097357970074	0.00008301097357970071	0.00008301097357970072	-0.00008301594752949843	-0.0001660169718491935	0.00008301097221929057	0.00008301097375839047	0.0000830109734010109	-0.000040600297457349006
-0.00033204389431880284	-0.0006640877886376058	0.0003320438943188029	0.00033204389431880284	0.00033204389431880295	-0.000332043894318803	0.9993359122113624	0.00033204389431880295	0.00033204389431880284	0.00033204389431880295	-0.0003320637901179938	-0.0006640678873967741	0.00033204388887716227	0.000332043895033562	0.0003320438936040436	-0.00016240118982939605
0.00016602194715940134	0.00033204389431880273	-0.00016602194715940137	-0.00016602194715940134	-0.00016602194715940142	0.00016602194715940145	0.0003320438943188029	0.9998339780528405	-0.00016602194715940145	-0.00016602194715940148	0.0001660318950589969	0.000332033943698387	-0.00016602194443858108	-0.00016602194751678097	-0.0001660219468020218	0.00008120059491469798
0.00024903292073910215	0.0004980658414782043	-0.0002490329207391021	-0.0002490329207391021	-0.0002490329207391022	0.00024903292073910215	0.0004980658414782044	-0.00024903292073910215	0.999750967079261	-0.0002490329207391021	0.0002490478425884953	0.0004980509155475806	-0.00024903291665787157	-0.0002490329212751715	-0.00024903292020303286	0.000121800892372047
0.0004980658414782043	0.0009961316829564086	-0.0004980658414782043	-0.0004980658414782043	-0.0004980658414782043	0.0004980658414782043	0.0009961316829564088	-0.0004980658414782042	-0.0004980658414782043	0.9995019341585214	0.0004980956851769905	0.0009961018310951611	-0.0004980658333157431	-0.0004980658425503429	-0.0004980658404060657	0.00024360178474409393
-0.00008300949925379342	-0.00016601899850758687	0.00008300949925379344	0.00008300949925379344	0.00008300949925379345	-0.00008300949925379346	-0.00016601899850758692	0.00008300949925379345	0.00008300949925379345	0.00008300949925379345	0.9971839975558755	0.0025662108415423876	0.00008377260407409616	0.00008300868487563398	0.00008301031363195303	-0.0027887422273556286
-0.0003306533998139252	-0.0006613067996278504	0.0003306533998139252	0.00033065339981392517	0.0003306533998139253	-0.0003306533998139253	-0.0006613067996278505	0.00033065339981392517	0.0003306533998139253	0.0003306533998139253	0.005224784410178403	0.9937832408509263	0.0003306679392672401	0.0003306517748705703	0.00033065502475728033	-0.005641336367003111
0.00016602194715704737	0.0003320438943140947	-0.00016602194715704735	-0.00016602194715704735	-0.00016602194715704737	0.0001660219471570474	0.0003320438943140948	-0.00016602194715704735	-0.00016602194715704735	-0.00016602194715704737	0.00016755811396661623	0.0003320235280226942	0.9998324622523246	-0.00016602194796188442	-0.0001660219463522101	0.00007969524512703483
0.0002490329938355886	0.0004980659876711772	-0.00024903299383558853	-0.0002490329938355885	-0.0002490329938355886	0.00024903299383558853	0.0004980659876711772	-0.00024903299383558853	-0.0002490329938355886	-0.0002490329938355886	0.0002490503046223601	0.0004980486721480004	-0.00024903298909918336	0.9997506739868526	-0.00024873997452398315	0.00012151030863874842
0.0004980658414771048	0.0009961316829542096	-0.0004980658414771048	-0.0004980658414771047	-0.0004980658414771049	0.0004980658414771048	0.0009961316829542098	-0.0004980658414771047	-0.0004980658414771048	-0.0004980658414771048	0.0004981004630453721	0.0009960970519131331	-0.0004980658320042958	-0.0004974798053397174	0.9995013481223856	0.00024302054541019204
-0.00024902522300547026	-0.0004980504460109406	0.00024902522300547026	0.00024902522300547026	0.0002490252230054703	-0.0002490252230054703	-0.0004980504460109406	0.00024902522300547026	0.0002490252230054703	0.0002490252230054703	-0.016637880851391458	0.015895321388051355	0.00024450901732916844	0.00024960637340747956	0.00024844407260346096	0.9833887531815986