0.9993121756833593	-0.0013756486332815925	0.0006878243166407963	0.0006878243166407963	0.0006878243166407962	-0.0006878243166407964	-0.001375648633281593	0.0006878243166407966	0.0006878243166407963	0.0006878243166407962	-0.0006894977749362294	-0.001373974757166024	0.0006878238988206604	0.0006878244002172249	0.0006878242330643675	-0.0002955169878055505
-0.002751297266563185	0.9944974054668732	0.0027512972665631854	0.002751297266563186	0.002751297266563185	-0.0027512972665631854	-0.005502594533126372	0.002751297266563186	0.0027512972665631854	0.0027512972665631845	-0.0027579910997449168	-0.0054958990286641	0.0027512955952826426	0.0027512976008688995	0.0027512969322574703	-0.0011820679512222025
0.0013756486332815925	0.002751297266563185	0.9986243513667185	-0.001375648633281593	-0.0013756486332815925	0.001375648633281593	0.0027512972665631862	-0.0013756486332815931	-0.0013756486332815927	-0.0013756486332815922	0.001378995549872459	0.0027479495143320496	-0.001375647797641321	-0.0013756488004344498	-0.0013756484661287354	0.0005910339756111013
0.0020634729499223884	0.004126945899844777	-0.002063472949922388	0.9979365270500775	-0.0020634729499223875	0.002063472949922388	0.004126945899844777	-0.0020634729499223892	-0.002063472949922388	-0.0020634729499223875	0.0020684933248086867	0.004121924271498073	-0.002063471696461982	-0.0020634732006516742	-0.0020634726991931003	0.0008865509634166518
0.004126945899844777	0.008253891799689553	-0.004126945899844776	-0.004126945899844776	0.995873054100155	0.004126945899844776	0.008253891799689552	-0.0041269458998447785	-0.004126945899844776	-0.004126945899844775	0.004136986649617374	0.008243848542996146	-0.004126943392923965	-0.004126946401303349	-0.0041269453983862016	0.0017731019268333033
-0.0006878243166407963	-0.0013756486332815927	0.0006878243166407962	0.0006878243166407962	0.0006878243166407963	0.9993121756833594	-0.001375648633281593	0.0006878243166407964	0.0006878243166407963	0.0006878243166407961	-0.0006894977749362292	-0.0013739747571660244	0.0006878238988206605	0.0006878244002172252	0.0006878242330643676	-0.0002955169878055507
-0.002751297266563186	-0.005502594533126371	0.0027512972665631854	0.0027512972665631854	0.0027512972665631854	-0.002751297266563186	0.9944974054668739	0.0027512972665631867	0.0027512972665631862	0.0027512972665631854	-0.002757991099744917	-0.0054958990286640965	0.0027512955952826426	0.0027512976008689004	0.0027512969322574707	-0.0011820679512222023
0.0013756486332815935	0.002751297266563187	-0.0013756486332815933	-0.0013756486332815933	-0.0013756486332815935	0.0013756486332815935	0.002751297266563187	0.9986243513667191	-0.0013756486332815931	-0.001375648633281593	0.0013789955498724586	0.0027479495143320483	-0.0013756477976413217	-0.0013756488004344509	-0.0013756484661287356	0.0005910339756111014
0.0020634729499223884	0.004126945899844777	-0.002063472949922388	-0.002063472949922388	-0.002063472949922388	0.0020634729499223884	0.004126945899844778	-0.0020634729499223884	0.9979365270500775	-0.0020634729499223875	0.0020684933248086867	0.004121924271498072	-0.0020634716964619826	-0.0020634732006516755	-0.002063472699193102	0.0008865509634166518
0.004126945899844777	0.008253891799689553	-0.004126945899844776	-0.004126945899844776	-0.004126945899844776	0.004126945899844777	0.008253891799689555	-0.004126945899844777	-0.004126945899844776	0.995873054100155	0.004136986649617373	0.008243848542996146	-0.004126943392923965	-0.0041269464013033485	-0.004126945398386203	0.001773101926833304
-0.0006872693031648756	-0.0013745386063297512	0.0006872693031648755	0.0006872693031648756	0.0006872693031648757	-0.0006872693031648758	-0.0013745386063297516	0.0006872693031648758	0.0006872693031648756	0.0006872693031648757	0.9815089828715405	0.01642395024410011	0.0006925282780295119	0.0006872210482519465	0.0006873175580778052	-0.018774096063103617
-0.0026660292101948484	-0.005332058420389697	0.002666029210194848	0.0026660292101948484	0.0026660292101948493	-0.0026660292101948493	-0.0053320584203896985	0.002666029210194849	0.0026660292101948484	0.0026660292101948493	0.036985027389728274	0.9550162789803829	0.002666635209499296	0.002665934124985302	0.002666124295404397	-0.037414401503218585
0.0013756486265791691	0.0027512972531583382	-0.0013756486265791691	-0.0013756486265791691	-0.0013756486265791691	0.0013756486265791693	0.0027512972531583382	-0.0013756486265791691	-0.001375648626579169	-0.0013756486265791693	0.0013895196379279167	0.0027475066872393993	0.9986142709279913	-0.0013756488193819158	-0.0013756484337764233	0.0005814056442056236
0.00206347802871902	0.00412695605743804	-0.0020634780287190195	-0.0020634780287190195	-0.0020634780287190195	0.00206347802871902	0.00412695605743804	-0.0020634780287190195	-0.002063478028719019	-0.00206347802871902	0.0020686236884771953	0.004121809111461137	-0.0020634767425002903	0.9979340947635014	-0.002061050820938444	0.000884254584255373
0.004126945896280215	0.00825389179256043	-0.004126945896280214	-0.004126945896280214	-0.004126945896280214	0.004126945896280216	0.00825389179256043	-0.004126945896280213	-0.004126945896280213	-0.004126945896280214	0.0041372372038881245	0.00824359791251798	-0.004126943323845674	-0.00412209250631053	0.9958682007137497	0.0017685045653870642
-0.002060211742892717	-0.004120423485785434	0.0020602117428927167	0.0020602117428927167	0.0020602117428927167	-0.002060211742892717	-0.004120423485785434	0.0020602117428927167	0.0020602117428927167	0.002060211742892717	-0.10881747071991586	0.10266576882449464	0.0020312784096357785	0.0020647758531140105	0.0020556476326714247	0.8882368024874302