0.998610949622202	-0.002778100755596109	0.0013890503777980543	0.0013890503777980545	0.0013890503777980539	-0.001389050377798054	-0.0027781007555961086	0.0013890503777980547	0.0013890503777980545	0.0013890503777980543	-0.0013968309761456428	-0.002770318553044314	0.001389048773593848	0.0013890509604562644	0.0013890497951398438	-0.0005327127132730509
-0.00555620151119222	0.9888875969776162	0.005556201511192217	0.005556201511192218	0.005556201511192217	-0.005556201511192218	-0.011112403022384436	0.005556201511192218	0.005556201511192219	0.005556201511192218	-0.005587323904582571	-0.011081274212177257	0.005556195094375393	0.00555620384182506	0.005556199180559377	-0.002130850853092205
0.0027781007555961086	0.005556201511192217	0.9972218992444041	-0.0027781007555961095	-0.0027781007555961086	0.002778100755596109	0.005556201511192218	-0.0027781007555961095	-0.0027781007555961095	-0.002778100755596109	0.0027936619522912843	0.00554063710608863	-0.002778097547187695	-0.002778101920912529	-0.002778099590279687	0.001065425426546102
0.004167151133394167	0.008334302266788333	-0.004167151133394166	0.9958328488666058	-0.004167151133394164	0.004167151133394164	0.008334302266788331	-0.004167151133394165	-0.004167151133394166	-0.004167151133394165	0.004190492928436929	0.008310955659132938	-0.004167146320781543	-0.004167152881368795	-0.004167149385419533	0.001598138139819153
0.008334302266788335	0.016668604533576666	-0.008334302266788333	-0.008334302266788333	0.9916656977332113	0.008334302266788328	0.01666860453357666	-0.008334302266788328	-0.008334302266788331	-0.008334302266788328	0.008380985856873859	0.016621911318265875	-0.008334292641563086	-0.008334305762737589	-0.008334298770839063	0.003196276279638306
-0.0013890503777980543	-0.002778100755596109	0.0013890503777980545	0.0013890503777980545	0.0013890503777980543	0.9986109496222015	-0.0027781007555961086	0.0013890503777980543	0.0013890503777980545	0.0013890503777980543	-0.0013968309761456423	-0.002770318553044314	0.0013890487735938475	0.0013890509604562646	0.0013890497951398436	-0.000532712713273051
-0.00555620151119222	-0.01111240302238444	0.005556201511192221	0.005556201511192221	0.00555620151119222	-0.005556201511192219	0.9888875969776159	0.005556201511192219	0.005556201511192219	0.005556201511192218	-0.00558732390458257	-0.011081274212177262	0.005556195094375392	0.0055562038418250585	0.005556199180559375	-0.0021308508530922046
0.00277810075559611	0.00555620151119222	-0.0027781007555961103	-0.0027781007555961103	-0.00277810075559611	0.0027781007555961095	0.00555620151119222	0.9972218992444042	-0.0027781007555961103	-0.00277810075559611	0.0027936619522912873	0.005540637106088631	-0.002778097547187696	-0.0027781019209125297	-0.002778099590279689	0.0010654254265461025
0.0041671511333941655	0.00833430226678833	-0.004167151133394165	-0.004167151133394165	-0.004167151133394164	0.004167151133394163	0.008334302266788328	-0.004167151133394163	0.995832848866606	-0.004167151133394163	0.004190492928436929	0.00831095565913294	-0.004167146320781543	-0.004167152881368796	-0.004167149385419532	0.0015981381398191532
0.008334302266788335	0.016668604533576666	-0.008334302266788333	-0.008334302266788333	-0.008334302266788331	0.00833430226678833	0.016668604533576662	-0.00833430226678833	-0.00833430226678833	0.9916656977332114	0.008380985856873859	0.016621911318265882	-0.00833429264156309	-0.00833430576273759	-0.00833429877083907	0.0031962762796383065
-0.0013855925971792322	-0.002771185194358465	0.001385592597179232	0.001385592597179232	0.001385592597179232	-0.0013855925971792316	-0.0027711851943584636	0.0013855925971792322	0.0013855925971792318	0.0013855925971792318	0.9690590182387812	0.026775286030429432	0.0013945105364312274	0.001385420154997686	0.0013857650393607772	-0.03186384957716241
-0.0052393952219956215	-0.010478790443991243	0.0052393952219956215	0.005239395221995621	0.00523939522199562	-0.005239395221995619	-0.010478790443991238	0.005239395221995621	0.005239395221995621	0.00523939522199562	0.06452658092136024	0.9197538035651853	0.005240825069463018	0.005239058855955481	0.005239731588035764	-0.06285881506636147
0.002778100699110854	0.005556201398221708	-0.0027781006991108546	-0.002778100699110854	-0.0027781006991108538	0.0027781006991108533	0.005556201398221708	-0.002778100699110855	-0.0027781006991108546	-0.002778100699110854	0.002811556482596649	0.005539551047586765	0.9972050938680382	-0.00277810195360729	-0.0027780994446144204	0.0010497216563243477
0.004167172135436079	0.008334344270872159	-0.004167172135436078	-0.004167172135436078	-0.0041671721354360775	0.0041671721354360775	0.008334344270872155	-0.0041671721354360775	-0.0041671721354360775	-0.004167172135436076	0.004190925254363356	0.008310586236472559	-0.004167167219963762	0.9958279276198646	-0.004162271890736783	0.0015936731300864183
0.008334302225965226	0.01666860445193045	-0.008334302225965222	-0.00833430222596522	-0.008334302225965222	0.00833430222596522	0.016668604451930445	-0.008334302225965222	-0.008334302225965222	-0.008334302225965219	0.008381808362013013	0.016621088484957358	-0.008334292395039944	-0.008324508818304042	0.9916559043663739	0.003187328440819961
-0.00414665604950807	-0.008293312099016138	0.004146656049508068	0.004146656049508068	0.004146656049508068	-0.004146656049508067	-0.008293312099016136	0.004146656049508067	0.004146656049508068	0.004146656049508067	-0.18135527655530634	0.16896264933396482	0.004099315122325321	0.004155416546402311	0.0041378955526138236	0.8104046584583706