0.9975023781241958	-0.004995243751608108	0.002497621875804054	0.0024976218758040545	0.0024976218758040554	-0.0024976218758040536	-0.00499524375160811	0.0024976218758040545	0.002497621875804055	0.0024976218758040554	-0.002515791661336084	-0.0049770731560411395	0.0024976210657691135	0.0024976246997351617	0.0024976190518729503	-0.0008183507789115531
-0.009990487503216218	0.9800190249935672	0.009990487503216218	0.00999048750321622	0.009990487503216223	-0.009990487503216216	-0.01998097500643244	0.009990487503216221	0.009990487503216221	0.009990487503216223	-0.010063166645344332	-0.01990829262416456	0.009990484263076457	0.009990498798940642	0.0099904762074918	-0.0032734031156462116
0.004995243751608108	0.00999048750321622	0.9950047562483914	-0.00499524375160811	-0.004995243751608111	0.004995243751608107	0.00999048750321622	-0.004995243751608111	-0.00499524375160811	-0.004995243751608111	0.005031583322672168	0.009954146312082282	-0.004995242131538228	-0.004995249399470323	-0.0049952381037459	0.0016367015578231054
0.007492865627412165	0.01498573125482433	-0.007492865627412165	0.9925071343725879	-0.007492865627412168	0.007492865627412164	0.014985731254824329	-0.007492865627412164	-0.007492865627412165	-0.007492865627412166	0.007547374984008254	0.014931219468123424	-0.007492863197307342	-0.007492874099205481	-0.007492857155618851	0.0024550523367346585
0.014985731254824325	0.02997146250964865	-0.014985731254824325	-0.014985731254824327	0.9850142687451761	0.014985731254824327	0.029971462509648654	-0.014985731254824329	-0.014985731254824329	-0.01498573125482433	0.015094749968016512	0.02986243893624685	-0.01498572639461468	-0.01498574819841096	-0.014985714311237701	0.004910104673469319
-0.0024976218758040554	-0.0049952437516081125	0.002497621875804056	0.0024976218758040562	0.0024976218758040562	0.9975023781241957	-0.004995243751608111	0.002497621875804056	0.0024976218758040554	0.0024976218758040554	-0.002515791661336084	-0.004977073156041142	0.0024976210657691143	0.002497624699735162	0.0024976190518729495	-0.000818350778911553
-0.00999048750321622	-0.019980975006432446	0.009990487503216221	0.009990487503216223	0.009990487503216223	-0.00999048750321622	0.9800190249935675	0.009990487503216221	0.009990487503216221	0.009990487503216221	-0.010063166645344335	-0.019908292624164565	0.009990484263076454	0.009990498798940647	0.009990476207491798	-0.003273403115646212
0.00499524375160811	0.009990487503216223	-0.004995243751608111	-0.004995243751608112	-0.004995243751608112	0.00499524375160811	0.009990487503216223	0.9950047562483917	-0.004995243751608111	-0.004995243751608111	0.005031583322672169	0.009954146312082282	-0.0049952421315382295	-0.004995249399470324	-0.004995238103745899	0.0016367015578231058
0.007492865627412164	0.014985731254824329	-0.007492865627412164	-0.007492865627412165	-0.007492865627412167	0.0074928656274121635	0.01498573125482433	-0.007492865627412167	0.9925071343725879	-0.007492865627412167	0.007547374984008256	0.014931219468123423	-0.007492863197307342	-0.0074928740992054816	-0.00749285715561885	0.0024550523367346594
0.014985731254824327	0.029971462509648654	-0.014985731254824325	-0.014985731254824329	-0.01498573125482433	0.014985731254824325	0.029971462509648657	-0.014985731254824332	-0.014985731254824329	0.9850142687451756	0.015094749968016505	0.029862438936246842	-0.014985726394614684	-0.014985748198410963	-0.014985714311237703	0.004910104673469319
-0.0024828395758982325	-0.004965679151796465	0.0024828395758982333	0.0024828395758982333	0.0024828395758982338	-0.002482839575898232	-0.004965679151796465	0.0024828395758982325	0.0024828395758982325	0.0024828395758982325	0.9540241751272184	0.03851469518681864	0.002495450534166738	0.002482362855572364	0.002483316296224102	-0.04747302956499494
-0.00905908305170603	-0.018118166103412065	0.009059083051706033	0.009059083051706034	0.009059083051706034	-0.00905908305170603	-0.018118166103412065	0.009059083051706034	0.009059083051706033	0.009059083051706033	0.09692428014539115	0.8758966731108568	0.009060880640340248	0.009058162151200687	0.009060003952211374	-0.09300451083474279
0.004995243646900816	0.009990487293801633	-0.004995243646900817	-0.004995243646900817	-0.004995243646900818	0.004995243646900815	0.009990487293801633	-0.0049952436469008175	-0.004995243646900817	-0.004995243646900817	0.0050572484508968575	0.009952497600864935	0.99498074124204	-0.004995249534395065	-0.004995237759406567	0.0016141275319548508
0.007492935065329198	0.014985870130658396	-0.007492935065329197	-0.007492935065329197	-0.007492935065329199	0.007492935065329196	0.014985870130658394	-0.0074929350653291996	-0.007492935065329198	-0.007492935065329199	0.00754851689978766	0.014930285612653407	-0.007492932381782666	0.992498259574316	-0.007484129704974623	0.0024473792440153942
0.014985730982061964	0.029971461964123924	-0.014985730982061966	-0.014985730982061967	-0.014985730982061967	0.01498573098206196	0.029971461964123928	-0.014985730982061967	-0.014985730982061966	-0.014985730982061966	0.015096894334082312	0.02986029324498131	-0.014985725614939676	-0.014968154428839581	0.9849966924647153	0.0048947044451604586
-0.007404900195347615	-0.01480980039069523	0.007404900195347613	0.007404900195347615	0.007404900195347615	-0.007404900195347613	-0.014809800390695226	0.007404900195347614	0.007404900195347613	0.007404900195347613	-0.268164029486226	0.24601776187331645	0.007336467222214358	0.007419624880260344	0.007390175510434877	0.7175994364153868