0.9977091956883669	-0.004581608623266399	0.002290804311633199	0.0022908043116331993	0.002290804311633199	-0.002290804311633199	-0.004581608623266398	0.002290804311633199	0.002290804311633198	0.002290804311633199	-0.0023074941970630627	-0.004564917247040652	0.0022908028208373146	0.0022908065529047617	0.002290802070361641	-0.0007728788429440391
-0.009163217246532799	0.9816735655069347	0.009163217246532795	0.009163217246532797	0.009163217246532795	-0.009163217246532797	-0.018326434493065594	0.009163217246532799	0.009163217246532795	0.0091632172465328	-0.009229976788252253	-0.018259668988162607	0.009163211283349258	0.009163226211619047	0.009163208281446561	-0.003091515371776156
0.004581608623266399	0.009163217246532797	0.9954183913767338	-0.004581608623266399	-0.004581608623266398	0.004581608623266398	0.009163217246532797	-0.0045816086232663995	-0.004581608623266398	-0.0045816086232663995	0.004614988394126128	0.009129834494081305	-0.004581605641674631	-0.004581613105809524	-0.0045816041407232815	0.0015457576858880777
0.006872412934899601	0.013744825869799205	-0.006872412934899603	0.9931275870651008	-0.006872412934899603	0.006872412934899603	0.013744825869799207	-0.006872412934899604	-0.006872412934899599	-0.0068724129348996035	0.006922482591189192	0.013694751741121952	-0.0068724084625119445	-0.006872419658714287	-0.00687240621108492	0.0023186365288321168
0.013744825869799202	0.02748965173959841	-0.013744825869799205	-0.013744825869799204	0.9862551741302005	0.013744825869799205	0.027489651739598418	-0.01374482586979921	-0.013744825869799198	-0.013744825869799209	0.013844965182378384	0.027389503482243907	-0.013744816925023886	-0.013744839317428571	-0.013744812422169834	0.0046372730576642335
-0.0022908043116332006	-0.004581608623266401	0.0022908043116332006	0.0022908043116332006	0.0022908043116332006	0.9977091956883668	-0.0045816086232663995	0.0022908043116332	0.0022908043116331993	0.0022908043116332	-0.0023074941970630636	-0.004564917247040651	0.002290802820837315	0.0022908065529047617	0.0022908020703616403	-0.000772878842944039
-0.009163217246532795	-0.01832643449306559	0.009163217246532795	0.009163217246532795	0.009163217246532795	-0.009163217246532795	0.9816735655069346	0.009163217246532795	0.009163217246532792	0.009163217246532797	-0.009229976788252254	-0.018259668988162597	0.009163211283349255	0.009163226211619045	0.00916320828144656	-0.0030915153717761554
0.0045816086232664	0.0091632172465328	-0.0045816086232664	-0.0045816086232664	-0.0045816086232664	0.0045816086232664	0.009163217246532802	0.9954183913767338	-0.0045816086232663995	-0.004581608623266401	0.004614988394126126	0.009129834494081302	-0.004581605641674627	-0.004581613105809524	-0.0045816041407232815	0.0015457576858880781
0.006872412934899602	0.013744825869799207	-0.0068724129348996035	-0.006872412934899603	-0.006872412934899604	0.006872412934899604	0.01374482586979921	-0.006872412934899604	0.9931275870650997	-0.006872412934899606	0.006922482591189192	0.01369475174112195	-0.006872408462511945	-0.006872419658714286	-0.006872406211084917	0.0023186365288321168
0.013744825869799205	0.027489651739598418	-0.013744825869799207	-0.013744825869799209	-0.013744825869799209	0.013744825869799209	0.02748965173959842	-0.013744825869799209	-0.013744825869799205	0.9862551741302009	0.013844965182378387	0.027389503482243907	-0.01374481692502389	-0.013744839317428571	-0.013744812422169838	0.0046372730576642335
-0.0022788534894208653	-0.0045577069788417315	0.0022788534894208658	0.0022788534894208653	0.002278853489420865	-0.0022788534894208658	-0.004557706978841732	0.002278853489420866	0.002278853489420865	0.0022788534894208658	0.9566117692167919	0.03653959710546027	0.0022909266989054804	0.0022784420779174944	0.00227926490092424	-0.04482993458690053
-0.008368632739575273	-0.01673726547915055	0.008368632739575275	0.008368632739575273	0.008368632739575275	-0.008368632739575275	-0.016737265479150557	0.008368632739575279	0.008368632739575275	0.008368632739575275	0.09155708240878214	0.8833351831879492	0.008370468924117552	0.008367836894926251	0.00836942858422431	-0.087896566897676
0.004581608503579833	0.009163217007159665	-0.004581608503579832	-0.0045816085035798315	-0.004581608503579832	0.004581608503579832	0.009163217007159668	-0.004581608503579833	-0.004581608503579832	-0.004581608503579834	0.004639463840176974	0.009128243045142152	0.9953955101218404	-0.0045816131938043285	-0.004581603813355341	0.0015243385613057908
0.006872471103752783	0.01374494220750557	-0.006872471103752783	-0.006872471103752783	-0.006872471103752783	0.006872471103752782	0.013744942207505566	-0.006872471103752783	-0.006872471103752781	-0.006872471103752786	0.0069234717188900174	0.013693936897919808	-0.006872466409304264	0.9931194514533404	-0.006864393660846295	0.0023115438802446485
0.013744825662852272	0.027489651325704547	-0.013744825662852275	-0.013744825662852274	-0.013744825662852275	0.013744825662852277	0.027489651325704557	-0.013744825662852277	-0.013744825662852274	-0.013744825662852277	0.013846826602525585	0.027387640997134536	-0.013744816273955582	-0.013728697909553297	0.9862390465838489	0.0046230417705927585
-0.00680133064142589	-0.013602661282851784	0.006801330641425892	0.00680133064142589	0.006801330641425892	-0.006801330641425892	-0.013602661282851784	0.006801330641425892	0.006801330641425892	0.006801330641425893	-0.253270262050707	0.23293113365843623	0.00673646710941895	0.00681499663383502	0.0067876646490167645	0.7333227766012077