0.9977345824126083	-0.0045308351747833835	0.0022654175873916917	0.002265417587391691	0.0022654175873916917	-0.002265417587391692	-0.004530835174783384	0.002265417587391692	0.002265417587391691	0.0022654175873916926	-0.0022819049723301443	-0.004514346236698928	0.0022654160342456893	0.0022654197628337457	0.0022654154119496357	-0.0007670489212009003
-0.009061670349566769	0.9818766593008666	0.00906167034956677	0.009061670349566767	0.009061670349566769	-0.009061670349566772	-0.018123340699133544	0.00906167034956677	0.009061670349566767	0.009061670349566772	-0.009127619889320574	-0.01805738494679571	0.009061664136982759	0.00906167905133498	0.009061661647798546	-0.0030681956848035994
0.0045308351747833835	0.009061670349566767	0.9954691648252169	-0.004530835174783383	-0.004530835174783384	0.004530835174783385	0.00906167034956677	-0.004530835174783384	-0.004530835174783382	-0.004530835174783385	0.004563809944660289	0.009028692473397855	-0.00453083206849138	-0.00453083952566749	-0.004530830823899273	0.0015340978424018
0.006796252762175077	0.013592505524350155	-0.006796252762175076	0.9932037472378245	-0.006796252762175078	0.006796252762175077	0.013592505524350155	-0.0067962527621750765	-0.006796252762175074	-0.006796252762175077	0.0068457149169904325	0.01354303871009679	-0.00679624810273707	-0.006796259288501238	-0.0067962462358489096	0.0023011467636026997
0.013592505524350151	0.027185011048700303	-0.01359250552435015	-0.01359250552435015	0.9864074944756498	0.013592505524350155	0.02718501104870031	-0.013592505524350151	-0.013592505524350148	-0.013592505524350153	0.013691429833980865	0.02708607742019358	-0.01359249620547414	-0.013592518577002478	-0.01359249247169782	0.004602293527205398
-0.002265417587391692	-0.004530835174783385	0.0022654175873916926	0.0022654175873916917	0.0022654175873916926	0.9977345824126085	-0.004530835174783385	0.002265417587391692	0.0022654175873916913	0.0022654175873916926	-0.0022819049723301443	-0.0045143462366989285	0.00226541603424569	0.0022654197628337457	0.002265415411949637	-0.0007670489212008998
-0.009061670349566767	-0.018123340699133534	0.009061670349566767	0.009061670349566765	0.009061670349566769	-0.009061670349566769	0.9818766593008669	0.009061670349566769	0.009061670349566765	0.00906167034956677	-0.009127619889320576	-0.018057384946795717	0.009061664136982759	0.009061679051334981	0.009061661647798546	-0.0030681956848035994
0.0045308351747833835	0.009061670349566767	-0.0045308351747833835	-0.004530835174783383	-0.004530835174783384	0.0045308351747833835	0.009061670349566769	0.9954691648252166	-0.004530835174783383	-0.004530835174783385	0.004563809944660288	0.009028692473397857	-0.0045308320684913795	-0.004530839525667491	-0.004530830823899273	0.0015340978424017997
0.006796252762175077	0.013592505524350155	-0.0067962527621750765	-0.0067962527621750765	-0.006796252762175077	0.0067962527621750765	0.013592505524350153	-0.006796252762175077	0.9932037472378246	-0.006796252762175077	0.006845714916990432	0.01354303871009679	-0.006796248102737069	-0.0067962592885012375	-0.006796246235848909	0.0023011467636026993
0.013592505524350155	0.02718501104870031	-0.013592505524350153	-0.013592505524350151	-0.013592505524350155	0.013592505524350153	0.027185011048700306	-0.013592505524350153	-0.01359250552435015	0.9864074944756501	0.013691429833980867	0.027086077420193585	-0.01359249620547414	-0.01359251857700248	-0.013592492471697824	0.004602293527205401
-0.0022537896029883276	-0.004507579205976655	0.0022537896029883276	0.0022537896029883276	0.0022537896029883276	-0.0022537896029883276	-0.004507579205976655	0.002253789602988328	0.002253789602988328	0.002253789602988327	0.956934208002932	0.03629242022968684	0.0022657925614045712	0.0022533859556248988	0.002254193250351756	-0.04449916825461548
-0.008283182683684635	-0.01656636536736927	0.008283182683684637	0.008283182683684635	0.008283182683684637	-0.008283182683684637	-0.016566365367369273	0.008283182683684637	0.008283182683684635	0.008283182683684637	0.09088167893920561	0.8842669355027507	0.008285020190674315	0.008282401716539586	0.00828396365082968	-0.08725749832040527
0.004530835054505394	0.009061670109010789	-0.004530835054505394	-0.004530835054505393	-0.0045308350545053945	0.004530835054505394	0.009061670109010787	-0.004530835054505394	-0.004530835054505393	-0.004530835054505394	0.004588132457992306	0.009027109420533804	0.995446428230485	-0.0045308396092635156	-0.004530830499747271	0.001512823202051428
0.006796309619567378	0.013592619239134756	-0.006796309619567375	-0.006796309619567376	-0.006796309619567377	0.006796309619567375	0.01359261923913475	-0.006796309619567376	-0.006796309619567374	-0.006796309619567378	0.006846685940275387	0.013542238040674967	-0.006796304741815594	0.9931957023137712	-0.006788321552906415	0.0022941259234458
0.013592505324636168	0.02718501064927234	-0.013592505324636165	-0.013592505324636165	-0.013592505324636168	0.013592505324636166	0.027185010649272333	-0.013592505324636166	-0.013592505324636165	-0.013592505324636172	0.013693257679576621	0.02708424853883137	-0.013592495569135632	-0.013576555528821326	0.9863915448795487	0.004588206807092404
-0.00672709504955283	-0.01345419009910566	0.00672709504955283	0.006727095049552828	0.00672709504955283	-0.00672709504955283	-0.01345419009910566	0.00672709504955283	0.006727095049552828	0.006727095049552831	-0.25141327546544745	0.2312964079960322	0.00666267737030975	0.006740629472134033	0.006713560626971621	0.7352900346525941