0.9978034768664149	-0.004393046267169891	0.0021965231335849453	0.0021965231335849453	0.0021965231335849453	-0.0021965231335849458	-0.004393046267169892	0.0021965231335849458	0.002196523133584946	0.0021965231335849458	-0.0022124397335511695	-0.00437712796672223	0.0021965214331035074	0.0021965251364649114	0.0021965211307049828	-0.0007509555340988979
-0.008786092534339787	0.9824278149313205	0.008786092534339783	0.008786092534339783	0.008786092534339781	-0.008786092534339783	-0.01757218506867957	0.008786092534339783	0.008786092534339783	0.008786092534339783	-0.00884975893420468	-0.017508511866888926	0.00878608573241403	0.008786100545859642	0.008786084522819934	-0.003003822136395589
0.0043930462671698915	0.008786092534339783	0.9956069537328301	-0.004393046267169892	-0.004393046267169892	0.004393046267169892	0.008786092534339788	-0.004393046267169892	-0.004393046267169893	-0.004393046267169892	0.00442487946710234	0.00875425593344446	-0.004393042866207014	-0.004393050272929822	-0.004393042261409966	0.0015019110681977954
0.00658956940075484	0.01317913880150968	-0.006589569400754841	0.993410430599245	-0.0065895694007548425	0.0065895694007548425	0.013179138801509687	-0.0065895694007548425	-0.006589569400754843	-0.006589569400754841	0.00663731920065351	0.013131383900166684	-0.006589564299310517	-0.006589575409394734	-0.006589563392114947	0.0022528666022966926
0.01317913880150968	0.02635827760301936	-0.01317913880150968	-0.013179138801509682	0.9868208611984904	0.013179138801509682	0.026358277603019366	-0.013179138801509683	-0.013179138801509685	-0.013179138801509678	0.013274638401307017	0.026262767800333375	-0.013179128598621033	-0.01317915081878946	-0.01317912678422989	0.004505733204593384
-0.0021965231335849458	-0.0043930462671698915	0.0021965231335849458	0.0021965231335849453	0.0021965231335849458	0.9978034768664151	-0.004393046267169893	0.002196523133584946	0.0021965231335849466	0.002196523133584946	-0.00221243973355117	-0.00437712796672223	0.0021965214331035074	0.0021965251364649105	0.0021965211307049828	-0.0007509555340988977
-0.008786092534339788	-0.017572185068679576	0.008786092534339788	0.008786092534339787	0.008786092534339788	-0.008786092534339792	0.9824278149313207	0.008786092534339788	0.008786092534339792	0.008786092534339788	-0.008849758934204683	-0.01750851186688893	0.00878608573241403	0.008786100545859645	0.008786084522819934	-0.0030038221363955907
0.004393046267169892	0.008786092534339785	-0.004393046267169893	-0.004393046267169892	-0.004393046267169893	0.004393046267169894	0.00878609253433979	0.99560695373283	-0.004393046267169894	-0.004393046267169893	0.004424879467102341	0.008754255933444463	-0.004393042866207013	-0.004393050272929824	-0.004393042261409967	0.0015019110681977954
0.006589569400754841	0.013179138801509682	-0.006589569400754841	-0.006589569400754842	-0.00658956940075484	0.006589569400754841	0.013179138801509685	-0.006589569400754843	0.9934104305992452	-0.00658956940075484	0.006637319200653511	0.01313138390016669	-0.006589564299310517	-0.006589575409394732	-0.006589563392114949	0.0022528666022966926
0.013179138801509676	0.026358277603019353	-0.013179138801509676	-0.013179138801509678	-0.013179138801509675	0.013179138801509676	0.02635827760301936	-0.01317913880150968	-0.013179138801509682	0.9868208611984901	0.013274638401307017	0.026262767800333375	-0.013179128598621035	-0.013179150818789462	-0.013179126784229892	0.004505733204593385
-0.0021857449000354553	-0.004371489800070911	0.0021857449000354558	0.0021857449000354558	0.0021857449000354558	-0.002185744900035456	-0.004371489800070912	0.0021857449000354566	0.0021857449000354566	0.0021857449000354553	0.9578151173660214	0.0356158404757026	0.0021975523582052296	0.0021853620392444316	0.0021861277608264808	-0.04359391108421104
-0.008050520519380783	-0.016101041038761563	0.00805052051938078	0.00805052051938078	0.008050520519380778	-0.008050520519380782	-0.016101041038761567	0.008050520519380783	0.008050520519380785	0.008050520519380783	0.08902887119115692	0.8868177299464258	0.008052357823655307	0.008049779395265293	0.008051261643496272	-0.08550866950139759
0.004393046146461552	0.008786092292923105	-0.004393046146461552	-0.004393046146461553	-0.004393046146461552	0.004393046146461554	0.008786092292923108	-0.004393046146461555	-0.004393046146461555	-0.004393046146461554	0.004448778904233577	0.008752697251819593	0.9955846161368701	-0.0043930503458917605	-0.004393041947031348	0.0014810319015728167
0.006589622777762502	0.013179245555525004	-0.006589622777762503	-0.006589622777762503	-0.006589622777762503	0.0065896227777625035	0.013179245555525007	-0.006589622777762505	-0.006589622777762504	-0.006589622777762502	0.006638241804298869	0.01313062121928502	-0.006589617468058883	0.9934026317299436	-0.006581877285469004	0.0022460412528614504
0.013179138620550585	0.026358277241101173	-0.013179138620550587	-0.01317913862055059	-0.013179138620550587	0.01317913862055059	0.02635827724110118	-0.01317913862055059	-0.01317913862055059	-0.013179138620550588	0.013276376399152426	0.02626102884310147	-0.013179128001152708	-0.013163671889271405	0.9868053946481704	0.004492040000955642
-0.006525477000961255	-0.01305095400192251	0.006525477000961255	0.006525477000961256	0.006525477000961256	-0.006525477000961255	-0.01305095400192251	0.006525477000961256	0.006525477000961256	0.006525477000961255	-0.24633863512031562	0.2268254022271688	0.0064622788912244745	0.006538652561583158	0.006512301440339352	0.7406737087510223