0.9987718806457382	-0.00245623870852406	0.0012281193542620298	0.00122811935426203	0.0012281193542620296	-0.00122811935426203	-0.00245623870852406	0.00122811935426203	0.0012281193542620298	0.0012281193542620296	-0.001234243730884489	-0.002450112993538998	0.0012281180158994292	0.001228119770836923	0.0012281189376871352	-0.0004825267256765317
-0.004912477417048118	0.9901750451659043	0.004912477417048117	0.004912477417048117	0.004912477417048117	-0.0049124774170481176	-0.009824954834096237	0.0049124774170481176	0.004912477417048117	0.004912477417048116	-0.004936974923537952	-0.009800451974155992	0.004912472063597717	0.004912479083347692	0.004912475750748542	-0.0019301069027061277
0.002456238708524059	0.004912477417048119	0.9975437612914763	-0.0024562387085240588	-0.0024562387085240583	0.0024562387085240588	0.004912477417048118	-0.0024562387085240588	-0.0024562387085240588	-0.002456238708524058	0.0024684874617689773	0.004900225987077997	-0.0024562360317988583	-0.0024562395416738462	-0.0024562378753742713	0.0009650534513530639
0.0036843580627860893	0.007368716125572178	-0.0036843580627860875	0.9963156419372143	-0.0036843580627860875	0.0036843580627860893	0.00736871612557218	-0.0036843580627860875	-0.003684358062786088	-0.0036843580627860875	0.0037027311926534647	0.007350338980616995	-0.003684354047698288	-0.0036843593125107685	-0.003684356813061407	0.0014475801770295962
0.007368716125572176	0.01473743225114435	-0.0073687161255721716	-0.007368716125572174	0.9926312838744278	0.007368716125572176	0.014737432251144354	-0.0073687161255721716	-0.007368716125572173	-0.007368716125572171	0.007405462385306928	0.014700677961233985	-0.007368708095396574	-0.007368718625021534	-0.007368713626122812	0.002895160354059192
-0.0012281193542620292	-0.0024562387085240588	0.001228119354262029	0.001228119354262029	0.0012281193542620287	0.9987718806457382	-0.00245623870852406	0.0012281193542620296	0.0012281193542620294	0.001228119354262029	-0.0012342437308844882	-0.002450112993538998	0.0012281180158994292	0.0012281197708369231	0.0012281189376871359	-0.0004825267256765319
-0.004912477417048119	-0.00982495483409624	0.004912477417048118	0.004912477417048118	0.0049124774170481176	-0.004912477417048118	0.9901750451659042	0.004912477417048118	0.0049124774170481176	0.004912477417048117	-0.004936974923537954	-0.009800451974155992	0.004912472063597717	0.004912479083347692	0.004912475750748543	-0.001930106902706128
0.002456238708524059	0.004912477417048119	-0.0024562387085240588	-0.0024562387085240588	-0.0024562387085240583	0.0024562387085240588	0.004912477417048118	0.9975437612914761	-0.0024562387085240588	-0.002456238708524058	0.002468487461768977	0.004900225987077998	-0.0024562360317988583	-0.0024562395416738454	-0.002456237875374272	0.0009650534513530634
0.003684358062786088	0.007368716125572175	-0.003684358062786086	-0.003684358062786087	-0.003684358062786086	0.0036843580627860875	0.007368716125572177	-0.0036843580627860867	0.9963156419372143	-0.0036843580627860867	0.003702731192653465	0.007350338980616996	-0.003684354047698288	-0.003684359312510767	-0.0036843568130614066	0.0014475801770295962
0.007368716125572175	0.014737432251144348	-0.0073687161255721716	-0.007368716125572173	-0.0073687161255721716	0.007368716125572174	0.014737432251144352	-0.007368716125572172	-0.007368716125572173	0.9926312838744277	0.007405462385306927	0.014700677961233985	-0.007368708095396573	-0.0073687186250215335	-0.00736871362612281	0.0028951603540591916
-0.0012255885519468982	-0.002451177103893797	0.0012255885519468982	0.0012255885519468982	0.001225588551946898	-0.001225588551946898	-0.002451177103893797	0.0012255885519468982	0.001225588551946898	0.0012255885519468976	0.9716043238916426	0.024710721614845572	0.001233777389617888	0.0012254499912838135	0.0012257271126099836	-0.029180536205205627
-0.004660173983421259	-0.009320347966842519	0.0046601739834212594	0.004660173983421258	0.004660173983421258	-0.004660173983421259	-0.00932034796684252	0.004660173983421259	0.004660173983421258	0.004660173983421256	0.058846004974485305	0.927172205567288	0.004661441491384394	0.004659903169090033	0.004660444797752489	-0.0576687613967187
0.0024562386677304993	0.004912477335460999	-0.0024562386677304993	-0.002456238667730499	-0.0024562386677304984	0.002456238667730499	0.0049124773354609986	-0.002456238667730499	-0.0024562386677304984	-0.0024562386677304975	0.002484903891383874	0.0048992745436940545	0.9975282989003832	-0.0024562395729336305	-0.002456237762527368	0.0009505610486482434
0.003684374427821782	0.007368748855643564	-0.0036843744278217804	-0.003684374427821781	-0.00368437442782178	0.0036843744278217813	0.007368748855643563	-0.0036843744278217795	-0.00368437442782178	-0.003684374427821779	0.0037030831775512526	0.007350036006092096	-0.0036843703279997877	0.9963112927503929	-0.003680041606036041	0.0014436018432784235
0.00736871609856054	0.014737432197121082	-0.007368716098560538	-0.007368716098560539	-0.007368716098560537	0.00736871609856054	0.014737432197121083	-0.007368716098560537	-0.007368716098560539	-0.007368716098560536	0.007406133525442179	0.014700006570610432	-0.007368707898931535	-0.00736005552453843	0.9926226233274177	0.002887189609643832
-0.0036693742817920996	-0.007338748563584199	0.0036693742817920988	0.0036693742817920988	0.0036693742817920988	-0.0036693742817920996	-0.007338748563584201	0.0036693742817920988	0.0036693742817920988	0.0036693742817920975	-0.16657920502376683	0.15561473720362828	0.0036257192565543246	0.003677204737306154	0.003661543826278046	0.8263551375363191