0.9991658576295095	-0.0016682847409809725	0.0008341423704904859	0.0008341423704904859	0.000834142370490486	-0.0008341423704904859	-0.0016682847409809725	0.0008341423704904861	0.0008341423704904857	0.0008341423704904859	-0.0008367869220634297	-0.0016656395481028615	0.0008341417291853188	0.0008341425138220959	0.0008341422271588773	-0.00034923599883507643
-0.003336569481961945	0.9933268610360765	0.0033365694819619453	0.0033365694819619453	0.003336569481961946	-0.0033365694819619453	-0.006673138963923892	0.0033365694819619458	0.0033365694819619445	0.0033365694819619458	-0.003347147688253719	-0.0066625581924114495	0.003336566916741276	0.0033365700552883846	0.003336568908635509	-0.0013969439953403053
0.0016682847409809725	0.0033365694819619453	0.9983317152590186	-0.0016682847409809722	-0.0016682847409809727	0.0016682847409809725	0.003336569481961946	-0.0016682847409809727	-0.001668284740980972	-0.0016682847409809727	0.0016735738441268598	0.0033312790962057234	-0.0016682834583706377	-0.0016682850276441917	-0.0016682844543177552	0.0006984719976701526
0.002502427111471459	0.005004854222942919	-0.002502427111471459	0.9974975728885284	-0.0025024271114714594	0.0025024271114714586	0.005004854222942921	-0.0025024271114714594	-0.0025024271114714586	-0.002502427111471459	0.0025103607661902893	0.004996918644308586	-0.0025024251875559564	-0.002502427541466287	-0.002502426681476631	0.001047707996505229
0.00500485422294292	0.010009708445885841	-0.00500485422294292	-0.005004854222942918	0.9949951457770569	0.005004854222942917	0.010009708445885841	-0.005004854222942919	-0.005004854222942916	-0.005004854222942919	0.00502072153238058	0.009993837288617177	-0.0050048503751119145	-0.005004855082932577	-0.005004853362953264	0.002095415993010459
-0.0008341423704904864	-0.0016682847409809729	0.0008341423704904863	0.0008341423704904862	0.0008341423704904864	0.9991658576295093	-0.0016682847409809729	0.0008341423704904864	0.000834142370490486	0.0008341423704904863	-0.0008367869220634295	-0.0016656395481028615	0.0008341417291853185	0.0008341425138220958	0.0008341422271588771	-0.0003492359988350763
-0.0033365694819619458	-0.006673138963923893	0.0033365694819619453	0.003336569481961945	0.0033365694819619458	-0.003336569481961945	0.9933268610360767	0.003336569481961946	0.003336569481961945	0.0033365694819619453	-0.00334714768825372	-0.006662558192411447	0.0033365669167412767	0.0033365700552883855	0.003336568908635509	-0.0013969439953403057
0.001668284740980972	0.0033365694819619445	-0.0016682847409809718	-0.0016682847409809716	-0.001668284740980972	0.0016682847409809716	0.0033365694819619445	0.9983317152590191	-0.0016682847409809716	-0.0016682847409809722	0.0016735738441268594	0.0033312790962057217	-0.0016682834583706375	-0.0016682850276441914	-0.0016682844543177537	0.0006984719976701524
0.002502427111471459	0.005004854222942919	-0.002502427111471459	-0.0025024271114714586	-0.0025024271114714594	0.002502427111471459	0.005004854222942919	-0.002502427111471459	0.9974975728885281	-0.002502427111471459	0.002510360766190289	0.0049969186443085825	-0.0025024251875559573	-0.002502427541466287	-0.002502426681476631	0.0010477079965052285
0.005004854222942917	0.010009708445885838	-0.005004854222942918	-0.005004854222942916	-0.005004854222942919	0.005004854222942917	0.010009708445885838	-0.005004854222942918	-0.005004854222942917	0.9949951457770569	0.0050207215323805785	0.009993837288617172	-0.005004850375111915	-0.005004855082932576	-0.005004853362953263	0.002095415993010458
-0.0008332148924300281	-0.0016664297848600564	0.0008332148924300279	0.0008332148924300278	0.0008332148924300281	-0.000833214892430028	-0.0016664297848600564	0.000833214892430028	0.0008332148924300279	0.0008332148924300281	0.9785664885836928	0.0189277323016636	0.0008393493297834415	0.0008331460490295903	0.0008332837358304664	-0.021851140906668672
-0.0032139238252276658	-0.0064278476504553315	0.003213923825227665	0.0032139238252276645	0.0032139238252276658	-0.0032139238252276658	-0.006427847650455333	0.003213923825227665	0.0032139238252276645	0.0032139238252276653	0.04339134943493208	0.9469660845960075	0.003214718318605053	0.0032137885034414543	0.003214059147013877	-0.043430626321387375
0.001668284728294437	0.003336569456588874	-0.0016682847282944368	-0.0016682847282944366	-0.001668284728294437	0.0016682847282944368	0.0033365694565888745	-0.0016682847282944366	-0.0016682847282944364	-0.0016682847282944368	0.0016858538217004034	0.0033306951382930734	0.9983200204965959	-0.001668285051313165	-0.00166828440527571	0.000687374377172874
0.00250243460240242	0.00500486920480484	-0.00250243460240242	-0.0025024346024024196	-0.00250243460240242	0.0025024346024024196	0.005004869204804841	-0.0025024346024024196	-0.0025024346024024196	-0.00250243460240242	0.002510543134030179	0.004996758703991212	-0.0025024326332165545	0.9974946220441748	-0.0024994912489792955	0.0010449479816023945
0.005004854215851341	0.010009708431702683	-0.005004854215851341	-0.005004854215851341	-0.005004854215851341	0.00500485421585134	0.010009708431702683	-0.005004854215851341	-0.005004854215851341	-0.005004854215851341	0.005021071256697466	0.00999348745249012	-0.005004850277484912	-0.004998969262108947	0.9949892608304066	0.002089889277593359
-0.002496960898565063	-0.004993921797130126	0.002496960898565063	0.0024969608985650625	0.002496960898565063	-0.0024969608985650625	-0.004993921797130128	0.0024969608985650625	0.0024969608985650625	0.0024969608985650625	-0.12602098011863863	0.11856346618180551	0.0024635921397030127	0.0025024332202531144	0.002491488576877012	0.8699345736271987