0.9991116569750136	-0.0017766860499732	0.0008883430249865998	0.0008883430249866003	0.0008883430249866	-0.0008883430249865998	-0.0017766860499731994	0.0008883430249866001	0.0008883430249866002	0.0008883430249865998	-0.0008913983232906158	-0.001773630019504388	0.0008883422928218033	0.0008883431957285505	0.0008883428542446492	-0.000368517422070081
-0.003553372099946401	0.9928932558001073	0.0035533720999464	0.0035533720999464014	0.0035533720999464	-0.0035533720999464	-0.0071067441998928	0.0035533720999464014	0.003553372099946402	0.0035533720999464	-0.0035655932931624645	-0.007094520078017554	0.0035533691712872147	0.0035533727829142043	0.003553371416978599	-0.0014740696882803242
0.0017766860499732	0.0035533720999464	0.9982233139500265	-0.0017766860499732003	-0.0017766860499731998	0.0017766860499731994	0.0035533720999463988	-0.0017766860499731998	-0.0017766860499732003	-0.0017766860499731994	0.0017827966465812318	0.0035472600390087762	-0.0017766845856436071	-0.0017766863914571015	-0.0017766857084892988	0.0007370348441401618
0.0026650290749598	0.0053300581499196	-0.0026650290749598	0.9973349709250408	-0.0026650290749598007	0.0026650290749597994	0.0053300581499196	-0.0026650290749598	-0.0026650290749598003	-0.0026650290749598	0.002674194969871848	0.0053208900585131605	-0.0026650268784654103	-0.0026650295871856523	-0.0026650285627339496	0.0011055522662102425
0.0053300581499196	0.010660116299839198	-0.005330058149919599	-0.0053300581499196	0.9946699418500806	0.005330058149919598	0.010660116299839196	-0.005330058149919599	-0.0053300581499196	-0.0053300581499196	0.005348389939743695	0.01064178011702632	-0.0053300537569308205	-0.005330059174371303	-0.0053300571254678965	0.0022111045324204855
-0.0008883430249866	-0.0017766860499732	0.0008883430249865999	0.0008883430249866	0.0008883430249866	0.9991116569750127	-0.0017766860499731996	0.0008883430249866	0.0008883430249866001	0.0008883430249865999	-0.0008913983232906155	-0.0017736300195043875	0.0008883422928218031	0.0008883431957285505	0.000888342854244649	-0.0003685174220700807
-0.0035533720999464014	-0.007106744199892802	0.0035533720999464	0.0035533720999464014	0.0035533720999464005	-0.0035533720999463996	0.992893255800107	0.003553372099946401	0.0035533720999464014	0.0035533720999464	-0.003565593293162463	-0.0070945200780175525	0.003553369171287214	0.003553372782914203	0.0035533714169785984	-0.0014740696882803235
0.001776686049973201	0.003553372099946402	-0.0017766860499732005	-0.001776686049973201	-0.0017766860499732007	0.0017766860499732003	0.003553372099946401	0.9982233139500272	-0.0017766860499732007	-0.0017766860499732	0.0017827966465812316	0.0035472600390087754	-0.001776684585643607	-0.0017766863914571013	-0.0017766857084892988	0.0007370348441401618
0.0026650290749597994	0.005330058149919598	-0.002665029074959799	-0.0026650290749597994	-0.0026650290749597994	0.002665029074959799	0.005330058149919599	-0.0026650290749597994	0.9973349709250406	-0.0026650290749598	0.0026741949698718486	0.005320890058513161	-0.002665026878465411	-0.002665029587185652	-0.002665028562733949	0.0011055522662102427
0.0053300581499196005	0.0106601162998392	-0.0053300581499196	-0.0053300581499196005	-0.0053300581499196005	0.0053300581499196	0.0106601162998392	-0.005330058149919601	-0.005330058149919601	0.9946699418500803	0.005348389939743696	0.010641780117026324	-0.005330053756930823	-0.005330059174371305	-0.005330057125467899	0.002211104532420486
-0.00088724830381408	-0.0017744966076281602	0.0008872483038140799	0.0008872483038140804	0.00088724830381408	-0.0008872483038140799	-0.0017744966076281598	0.00088724830381408	0.0008872483038140802	0.0008872483038140802	0.9775328698818913	0.01979894310109101	0.000893690409389508	0.0008871710651904318	0.0008873255424377289	-0.02293591524024706
-0.0034153545964324765	-0.006830709192864954	0.0034153545964324757	0.003415354596432477	0.0034153545964324757	-0.0034153545964324744	-0.006830709192864949	0.0034153545964324752	0.0034153545964324765	0.0034153545964324757	0.04566482344792121	0.9440882490011915	0.0034162183580221106	0.0034152029031028893	0.0034155062897620624	-0.04554537664100979
0.001776686034453822	0.003553372068907644	-0.0017766860344538215	-0.001776686034453822	-0.0017766860344538217	0.001776686034453821	0.0035533720689076426	-0.0017766860344538215	-0.001776686034453822	-0.0017766860344538215	0.001795694387466988	0.003546623656695806	0.9982110540247443	-0.0017766864166329495	-0.001776685652274695	0.0007254258353407151
0.002665037580077563	0.005330075160155127	-0.0026650375800775627	-0.0026650375800775635	-0.002665037580077563	0.002665037580077563	0.005330075160155126	-0.002665037580077563	-0.0026650375800775635	-0.002665037580077564	0.002674398216235922	0.005320712277270746	-0.0026650353333515404	0.9973318278856919	-0.0026619030458466903	0.0011026221605195607
0.0053300581410685366	0.010660116282137073	-0.005330058141068536	-0.005330058141068537	-0.005330058141068537	0.0053300581410685366	0.010660116282137073	-0.005330058141068537	-0.005330058141068538	-0.005330058141068538	0.00534877938599785	0.0106413905437621	-0.005330053647622876	-0.005323791158990111	0.9946636748768536	0.0022052367713705115
-0.00265857160834425	-0.005317143216688501	0.0026585716083442497	0.002658571608344251	0.0026585716083442506	-0.0026585716083442506	-0.0053171432166885	0.0026585716083442506	0.002658571608344251	0.002658571608344251	-0.13205550136532365	0.12411470117586061	0.002623656972774512	0.002664375668975414	0.0026527675477130896	0.8634833608666351