0.9993338495915638	-0.00133230081687235	0.0006661504084361746	0.0006661504084361746	0.0006661504084361748	-0.0006661504084361748	-0.0013323008168723493	0.0006661504084361744	0.0006661504084361744	0.0006661504084361746	-0.0006676983021408075	-0.0013307525351494462	0.0006661500204179032	0.0006661504848181997	0.0006661503320541507	-0.0002873416770019607
-0.0026646016337447003	0.9946707967325109	0.0026646016337447	0.0026646016337447	0.0026646016337447003	-0.0026646016337447008	-0.005329203267489401	0.0026646016337446995	0.0026646016337447	0.0026646016337447008	-0.0026707932085632304	-0.005323010140597783	0.0026646000816716135	0.0026646019392727997	0.0026646013282166036	-0.0011493667080078433
0.0013323008168723504	0.0026646016337447008	0.9986676991831279	-0.0013323008168723497	-0.0013323008168723497	0.00133230081687235	0.0026646016337446995	-0.0013323008168723493	-0.0013323008168723495	-0.0013323008168723497	0.001335396604281615	0.0026615050702988915	-0.0013323000408358068	-0.0013323009696363996	-0.001332300664108301	0.0005746833540039212
0.001998451225308526	0.0039969024506170524	-0.001998451225308526	0.9980015487746918	-0.0019984512253085262	0.0019984512253085262	0.003996902450617052	-0.001998451225308526	-0.0019984512253085262	-0.0019984512253085262	0.0020030949064224228	0.003992257605448337	-0.0019984500612537106	-0.0019984514544545986	-0.0019984509961624526	0.000862025031005882
0.00399690245061705	0.007993804901234101	-0.00399690245061705	-0.003996902450617051	0.9960030975493831	0.003996902450617051	0.0079938049012341	-0.00399690245061705	-0.003996902450617051	-0.003996902450617051	0.004006189812844845	0.007984515210896673	-0.003996900122507419	-0.003996902908909197	-0.003996901992324903	0.001724050062011764
-0.0006661504084361751	-0.0013323008168723502	0.0006661504084361751	0.0006661504084361751	0.000666150408436175	0.9993338495915642	-0.0013323008168723497	0.0006661504084361748	0.0006661504084361748	0.0006661504084361749	-0.0006676983021408078	-0.001330752535149446	0.0006661500204179033	0.0006661504848181997	0.0006661503320541506	-0.00028734167700196066
-0.0026646016337446995	-0.005329203267489399	0.0026646016337446995	0.0026646016337446995	0.002664601633744699	-0.002664601633744699	0.9946707967325105	0.002664601633744698	0.0026646016337446986	0.0026646016337446995	-0.0026707932085632304	-0.0053230101405977856	0.002664600081671613	0.002664601939272799	0.0026646013282166027	-0.0011493667080078424
0.0013323008168723497	0.0026646016337446995	-0.0013323008168723497	-0.0013323008168723497	-0.0013323008168723495	0.0013323008168723495	0.002664601633744699	0.9986676991831276	-0.0013323008168723493	-0.0013323008168723495	0.0013353966042816152	0.002661505070298892	-0.001332300040835807	-0.001332300969636399	-0.0013323006641083011	0.0005746833540039211
0.0019984512253085262	0.003996902450617053	-0.0019984512253085262	-0.0019984512253085262	-0.0019984512253085262	0.0019984512253085262	0.003996902450617053	-0.0019984512253085262	0.9980015487746917	-0.0019984512253085262	0.0020030949064224223	0.003992257605448338	-0.0019984500612537097	-0.0019984514544545986	-0.001998450996162452	0.0008620250310058821
0.003996902450617052	0.007993804901234103	-0.003996902450617052	-0.003996902450617052	-0.003996902450617052	0.003996902450617052	0.007993804901234103	-0.003996902450617052	-0.003996902450617052	0.9960030975493831	0.0040061898128448455	0.007984515210896674	-0.00399690012250742	-0.003996902908909197	-0.003996901992324903	0.0017240500620117638
-0.0006656411402256024	-0.0013312822804512048	0.0006656411402256024	0.0006656411402256022	0.0006656411402256022	-0.0006656411402256022	-0.0013312822804512044	0.0006656411402256022	0.0006656411402256021	0.0006656411402256021	0.9819656991889745	0.01603225397640696	0.0006707645541673345	0.0006655956674583898	0.0006656866129928151	-0.018298194335651597
-0.0025843470666506527	-0.005168694133301307	0.002584347066650653	0.002584347066650653	0.0025843470666506527	-0.002584347066650653	-0.0051686941333013055	0.0025843470666506523	0.0025843470666506527	0.0025843470666506527	0.03600067765187994	0.9562457029160829	0.002584925298735621	0.002584257429470917	0.0025844367038303892	-0.03648142468532903
0.0013323008108594558	0.0026646016217189124	-0.001332300810859456	-0.001332300810859456	-0.0013323008108594556	0.001332300810859456	0.0026646016217189115	-0.0013323008108594556	-0.0013323008108594553	-0.0013323008108594558	0.0013456490048796598	0.002661082871485686	0.9986578697453534	-0.0013323009878189484	-0.0013323006338999625	0.0005652848171983
0.0019984559870454464	0.003996911974090894	-0.001998455987045447	-0.001998455987045447	-0.0019984559870454464	0.0019984559870454464	0.003996911974090893	-0.001998455987045446	-0.0019984559870454464	-0.0019984559870454464	0.0020032181380649243	0.003992148627993096	-0.001998454791967125	0.9979991932662474	-0.001996105240338351	0.0008597979167698942
0.003996902447441047	0.007993804894882097	-0.003996902447441048	-0.003996902447441048	-0.003996902447441047	0.003996902447441047	0.007993804894882096	-0.003996902447441047	-0.003996902447441047	-0.003996902447441047	0.004006426738782658	0.007984278213386474	-0.003996900057287038	-0.003992201891900937	0.9959983969970191	0.001719591507482717
-0.0019954604822110178	-0.003990920964422036	0.0019954604822110178	0.001995460482211018	0.0019954604822110178	-0.001995460482211018	-0.003990920964422036	0.0019954604822110178	0.001995460482211018	0.001995460482211018	-0.10614406249812855	0.10018592144009932	0.0019672200936071793	0.0019998884293744934	0.0019910325350475416	0.8910678529983193