0.9984789068543691	-0.00304218629126229	0.0015210931456311444	0.001521093145631145	0.001521093145631145	-0.0015210931456311454	-0.0030421862912622913	0.0015210931456311452	0.0015210931456311457	0.0015210931456311452	-0.0015302761347184147	-0.0030330015148992075	0.0015210913583553315	0.0015210938910076707	0.0015210924002546206	-0.0005721769204400433
-0.006084372582524578	0.9878312548349509	0.006084372582524575	0.006084372582524579	0.006084372582524579	-0.00608437258252458	-0.012168745165049162	0.006084372582524578	0.006084372582524581	0.006084372582524578	-0.006121104538873657	-0.012132006059596825	0.006084365433421326	0.006084375564030681	0.006084369601018482	-0.0022887076817601727
0.003042186291262289	0.0060843725825245765	0.996957813708737	-0.00304218629126229	-0.0030421862912622896	0.00304218629126229	0.00608437258252458	-0.0030421862912622887	-0.00304218629126229	-0.003042186291262289	0.003060552269436828	0.006066003029798413	-0.0030421827167106627	-0.0030421877820153405	-0.0030421848005092412	0.0011443538408800861
0.004563279436893437	0.009126558873786873	-0.004563279436893436	0.9954367205631068	-0.004563279436893437	0.004563279436893438	0.009126558873786873	-0.0045632794368934354	-0.004563279436893436	-0.004563279436893436	0.004590828404155246	0.00909900454469762	-0.004563274075065996	-0.004563281673023009	-0.004563277200763861	0.0017165307613201295
0.009126558873786867	0.01825311774757373	-0.009126558873786866	-0.00912655887378687	0.990873441126213	0.009126558873786871	0.018253117747573735	-0.009126558873786866	-0.00912655887378687	-0.009126558873786867	0.009181656808310488	0.01819800908939524	-0.009126548150131992	-0.009126563346046015	-0.009126554401527725	0.003433061522640259
-0.0015210931456311452	-0.00304218629126229	0.001521093145631145	0.0015210931456311454	0.0015210931456311452	0.9984789068543694	-0.0030421862912622913	0.0015210931456311452	0.0015210931456311454	0.001521093145631145	-0.0015302761347184147	-0.003033001514899207	0.0015210913583553324	0.0015210938910076705	0.001521092400254621	-0.0005721769204400434
-0.006084372582524582	-0.012168745165049162	0.006084372582524582	0.006084372582524583	0.006084372582524582	-0.0060843725825245835	0.9878312548349512	0.006084372582524581	0.006084372582524583	0.00608437258252458	-0.006121104538873661	-0.012132006059596823	0.006084365433421329	0.006084375564030681	0.006084369601018486	-0.0022887076817601727
0.0030421862912622887	0.006084372582524576	-0.003042186291262288	-0.0030421862912622887	-0.0030421862912622883	0.003042186291262289	0.006084372582524578	0.9969578137087376	-0.0030421862912622887	-0.003042186291262288	0.003060552269436828	0.006066003029798411	-0.003042182716710662	-0.003042187782015338	-0.003042184800509241	0.0011443538408800863
0.004563279436893436	0.009126558873786871	-0.0045632794368934354	-0.004563279436893437	-0.004563279436893436	0.0045632794368934354	0.009126558873786871	-0.004563279436893434	0.9954367205631068	-0.004563279436893435	0.004590828404155245	0.009099004544697623	-0.004563274075065994	-0.0045632816730230095	-0.004563277200763862	0.0017165307613201293
0.009126558873786866	0.018253117747573728	-0.009126558873786864	-0.009126558873786867	-0.009126558873786866	0.009126558873786864	0.018253117747573728	-0.00912655887378686	-0.009126558873786867	0.9908734411262127	0.009181656808310486	0.01819800908939524	-0.009126548150131988	-0.009126563346046019	-0.009126554401527721	0.0034330615226402577
-0.0015167498242870548	-0.003033499648574109	0.0015167498242870546	0.0015167498242870548	0.0015167498242870548	-0.0015167498242870552	-0.0030334996485741105	0.0015167498242870546	0.0015167498242870555	0.0015167498242870548	0.9670669281607905	0.02837334824716507	0.0015262239434694065	0.0015165474416749456	0.0015169522068991636	-0.03396028346846753
-0.005709834964331551	-0.0114196699286631	0.00570983496433155	0.00570983496433155	0.00570983496433155	-0.005709834964331552	-0.011419669928663103	0.00570983496433155	0.0057098349643315525	0.00570983496433155	0.06895639415402402	0.9139125558929704	0.0057113800243422455	0.005709440788345921	0.005710229140317182	-0.06690897959706288
0.0030421862209649222	0.006084372441929843	-0.003042186220964922	-0.0030421862209649222	-0.0030421862209649214	0.0030421862209649222	0.0060843724419298445	-0.0030421862209649214	-0.003042186220964923	-0.0030421862209649222	0.0030795804367390006	0.0060648158086500726	0.9969399761965404	-0.0030421878159419173	-0.0030421846259879298	0.0011277130177228113
0.004563304688075668	0.009126609376151337	-0.004563304688075667	-0.00456330468807567	-0.004563304688075668	0.004563304688075669	0.00912660937615134	-0.004563304688075667	-0.004563304688075671	-0.004563304688075668	0.004591331089636587	0.009098577494272465	-0.004563299207757713	0.9954313295737554	-0.0045579389499063525	0.001711670718614178
0.009126558818646548	0.018253117637293096	-0.009126558818646546	-0.00912655881864655	-0.009126558818646548	0.009126558818646548	0.018253117637293093	-0.009126558818646545	-0.00912655881864655	-0.009126558818646546	0.009182611493030894	0.018197054002295255	-0.009126547858033062	-0.009115836394050558	0.9908627187567576	0.0034233202442346742
-0.004537516223120282	-0.009075032446240564	0.004537516223120282	0.004537516223120283	0.004537516223120282	-0.004537516223120283	-0.009075032446240566	0.004537516223120282	0.0045375162231202845	0.004537516223120282	-0.19290132059180412	0.1793389703700149	0.00448731777554872	0.00454702658125119	0.004528005864989376	0.7979435209667304