0.9999711276171761	-0.00005774476564758253	0.000028872382823791257	0.000028872382823791257	0.000028872382823791257	-0.00002887238282379125	-0.00005774476564758251	0.000028872382823791257	0.000028872382823791253	0.000028872382823791253	-0.000028872602879608517	-0.00005774454553116288	0.000028872382763188895	0.000028872382831468313	0.00002887238281611418	-0.00001432362773346454
-0.00011548953129516505	0.9997690209374102	0.00011548953129516504	0.00011548953129516505	0.00011548953129516505	-0.00011548953129516503	-0.00023097906259033013	0.00011548953129516504	0.00011548953129516504	0.00011548953129516505	-0.00011549041151843408	-0.00023097818212465163	0.00011548953105275558	0.00011548953132587333	0.00011548953126445673	-0.000057294510933858174
0.00005774476564758251	0.00011548953129516505	0.9999422552343524	-0.00005774476564758252	-0.00005774476564758252	0.00005774476564758251	0.00011548953129516505	-0.00005774476564758251	-0.00005774476564758251	-0.00005774476564758251	0.00005774520575921704	0.00011548909106232578	-0.0000577447655263778	-0.000057744765662936646	-0.00005774476563222836	0.00002864725546692908
0.00008661714847137383	0.00017323429694274765	-0.00008661714847137381	0.9999133828515283	-0.00008661714847137377	0.00008661714847137379	0.00017323429694274757	-0.00008661714847137379	-0.00008661714847137377	-0.00008661714847137377	0.0000866178086388256	0.0001732336365934886	-0.00008661714828956674	-0.00008661714849440498	-0.00008661714844834258	0.000042970883200393615
0.0001732342969427476	0.0003464685938854952	-0.00017323429694274757	-0.0001732342969427476	0.9998267657030574	0.0001732342969427475	0.00034646859388549504	-0.0001732342969427475	-0.0001732342969427475	-0.0001732342969427475	0.00017323561727765118	0.0003464672731869772	-0.00017323429657913346	-0.00017323429698880996	-0.00017323429689668516	0.00008594176640078719
-0.00002887238282379126	-0.000057744765647582534	0.000028872382823791263	0.000028872382823791267	0.00002887238282379126	0.999971127617176	-0.00005774476564758253	0.000028872382823791257	0.000028872382823791257	0.00002887238282379126	-0.000028872602879608524	-0.000057744545531162895	0.000028872382763188902	0.000028872382831468336	0.000028872382816114187	-0.00001432362773346454
-0.00011548953129516503	-0.0002309790625903301	0.00011548953129516504	0.00011548953129516505	0.00011548953129516503	-0.00011548953129516503	0.9997690209374098	0.00011548953129516503	0.00011548953129516501	0.00011548953129516501	-0.0001154904115184341	-0.0002309781821246516	0.00011548953105275561	0.0001154895313258733	0.00011548953126445672	-0.00005729451093385816
0.00005774476564758251	0.00011548953129516505	-0.00005774476564758252	-0.00005774476564758253	-0.00005774476564758251	0.00005774476564758251	0.00011548953129516503	0.9999422552343527	-0.00005774476564758251	-0.000057744765647582506	0.00005774520575921704	0.00011548909106232578	-0.00005774476552637779	-0.000057744765662936666	-0.000057744765632228374	0.00002864725546692908
0.00008661714847137377	0.00017323429694274755	-0.00008661714847137376	-0.00008661714847137377	-0.00008661714847137375	0.00008661714847137376	0.00017323429694274752	-0.00008661714847137376	0.9999133828515284	-0.00008661714847137375	0.00008661780863882559	0.00017323363659348855	-0.00008661714828956669	-0.00008661714849440498	-0.00008661714844834257	0.000042970883200393615
0.00017323429694274752	0.00034646859388549504	-0.0001732342969427475	-0.00017323429694274752	-0.00017323429694274747	0.0001732342969427475	0.000346468593885495	-0.0001732342969427475	-0.0001732342969427475	0.9998267657030573	0.00017323561727765118	0.00034646727318697715	-0.0001732342965791334	-0.00017323429698880993	-0.00017323429689668508	0.00008594176640078722
-0.000028872303711152392	-0.0000577446074223048	0.00002887230371115239	0.000028872303711152392	0.000028872303711152392	-0.000028872303711152392	-0.000057744607422304785	0.000028872303711152386	0.00002887230371115239	0.000028872303711152386	0.9989954221900958	0.0009176903360603235	0.000029142866421665987	0.000028872203671928516	0.00002887240375037623	-0.000991941173398464
-0.00011531925700751881	-0.00023063851401503767	0.0001153192570075188	0.00011531925700751882	0.0001153192570075188	-0.0001153192570075188	-0.00023063851401503762	0.00011531925700751878	0.0001153192570075188	0.00011531925700751878	0.001847033201954138	0.9978070071816858	0.00011532110234495807	0.00011531905713028324	0.0001153194568847543	-0.002009993575301093
0.000057744765647549106	0.00011548953129509825	-0.00005774476564754912	-0.000057744765647549127	-0.000057744765647549106	0.000057744765647549106	0.00011548953129509821	-0.0000577447656475491	-0.0000577447656475491	-0.00005774476564754909	0.000058286331036957446	0.00011548777159368032	0.9999417154286646	-0.0000577447657180662	-0.00005774476557703201	0.00002810877076098821
0.00008661715730463221	0.00017323431460926442	-0.0000866171573046322	-0.00008661715730463221	-0.00008661715730463218	0.00008661715730463218	0.00017323431460926437	-0.00008661715730463218	-0.00008661715730463218	-0.00008661715730463218	0.0000866181150977493	0.00017323335655230332	-0.00008661715704078829	0.9999132809230883	-0.00008651523769761876	0.00004286926618821078
0.00017323429694273134	0.0003464685938854627	-0.0001732342969427313	-0.00017323429694273134	-0.00017323429694273128	0.0001732342969427313	0.0003464685938854626	-0.0001732342969427313	-0.0001732342969427313	-0.00017323429694273128	0.00017323621252885796	0.0003464666777716479	-0.00017323429641504345	-0.00017303045786229822	0.9998265618639769	0.00008573852360974761
-0.00008661681475340809	-0.00017323362950681618	0.00008661681475340808	0.00008661681475340808	0.00008661681475340805	-0.00008661681475340806	-0.00017323362950681613	0.00008661681475340805	0.00008661681475340806	0.00008661681475340805	-0.0059376113423849465	0.005679376358988728	0.00008500135388940143	0.00008682005362142075	0.00008641357588539539	0.9940911189449101