0.9997419150120107	-0.000516169975979281	0.00025808498798964057	0.00025808498798964057	0.0002580849879896406	-0.0002580849879896406	-0.0005161699759792811	0.00025808498798964057	0.00025808498798964057	0.0002580849879896406	-0.0002582126451407814	-0.0005160422847109676	0.00025808495387246767	0.000258084993030894	0.0002580849829483868	-0.00012098519334300184
-0.001032339951958562	0.9979353200960828	0.0010323399519585616	0.0010323399519585618	0.001032339951958562	-0.001032339951958562	-0.0020646799039171237	0.0010323399519585616	0.0010323399519585618	0.001032339951958562	-0.0010328505805631252	-0.0020641691388438694	0.00103233981548987	0.0010323399721235756	0.0010323399317935474	-0.00048394077337200715
0.0005161699759792809	0.0010323399519585618	0.9994838300240204	-0.0005161699759792808	-0.0005161699759792809	0.0005161699759792809	0.0010323399519585616	-0.0005161699759792808	-0.0005161699759792809	-0.000516169975979281	0.0005164252902815628	0.0010320845694219347	-0.000516169907744935	-0.0005161699860617879	-0.0005161699658967736	0.00024197038668600355
0.0007742549639689209	0.0015485099279378414	-0.0007742549639689208	0.999225745036031	-0.0007742549639689213	0.0007742549639689211	0.0015485099279378418	-0.0007742549639689209	-0.0007742549639689208	-0.000774254963968921	0.0007746379354223438	0.0015481268541329015	-0.0007742548616174024	-0.000774254979092682	-0.0007742549488451606	0.00036295558002900533
0.0015485099279378427	0.0030970198558756845	-0.0015485099279378424	-0.0015485099279378424	0.9984514900720622	0.0015485099279378429	0.0030970198558756853	-0.0015485099279378427	-0.0015485099279378422	-0.0015485099279378427	0.001549275870844688	0.0030962537082658034	-0.0015485097232348045	-0.001548509958185364	-0.0015485098976903212	0.0007259111600580108
-0.00025808498798964057	-0.000516169975979281	0.0002580849879896405	0.0002580849879896405	0.00025808498798964057	0.9997419150120104	-0.000516169975979281	0.0002580849879896405	0.00025808498798964057	0.0002580849879896406	-0.00025821264514078136	-0.0005160422847109675	0.00025808495387246756	0.0002580849930308941	0.0002580849829483869	-0.0001209851933430018
-0.0010323399519585618	-0.0020646799039171237	0.0010323399519585618	0.0010323399519585618	0.0010323399519585618	-0.001032339951958562	0.9979353200960827	0.0010323399519585618	0.001032339951958562	0.0010323399519585623	-0.0010328505805631254	-0.0020641691388438694	0.00103233981548987	0.0010323399721235758	0.0010323399317935477	-0.00048394077337200704
0.0005161699759792808	0.0010323399519585616	-0.0005161699759792808	-0.0005161699759792808	-0.0005161699759792808	0.0005161699759792809	0.0010323399519585616	0.9994838300240203	-0.0005161699759792808	-0.0005161699759792809	0.0005164252902815626	0.0010320845694219345	-0.0005161699077449349	-0.000516169986061788	-0.0005161699658967736	0.0002419703866860036
0.0007742549639689212	0.001548509927937842	-0.0007742549639689211	-0.0007742549639689211	-0.0007742549639689211	0.0007742549639689213	0.0015485099279378422	-0.0007742549639689211	0.9992257450360308	-0.0007742549639689213	0.0007746379354223439	0.0015481268541329015	-0.0007742548616174023	-0.0007742549790926821	-0.0007742549488451604	0.00036295558002900533
0.0015485099279378429	0.003097019855875685	-0.0015485099279378427	-0.0015485099279378427	-0.0015485099279378427	0.001548509927937843	0.0030970198558756853	-0.0015485099279378427	-0.0015485099279378427	0.9984514900720622	0.0015492758708446882	0.0030962537082658043	-0.0015485097232348047	-0.0015485099581853642	-0.001548509897690321	0.0007259111600580109
-0.00025804806119948475	-0.0005160961223989694	0.00025804806119948475	0.0002580480611994847	0.00025804806119948475	-0.00025804806119948475	-0.0005160961223989695	0.00025804806119948475	0.00025804806119948475	0.00025804806119948475	0.9918870252846776	0.007336592524828753	0.00026028606809462947	0.00025804054925135936	0.00025805557314761	-0.008104196970976018
-0.0010193841096201271	-0.0020387682192402543	0.0010193841096201271	0.001019384109620127	0.0010193841096201271	-0.0010193841096201273	-0.0020387682192402543	0.0010193841096201271	0.0010193841096201271	0.0010193841096201273	0.015456484588955795	0.9814852421652615	0.0010195050265423852	0.0010193691816655504	0.0010193990375747034	-0.01631141753957906
0.000516169975785816	0.0010323399515716318	-0.000516169975785816	-0.000516169975785816	-0.0005161699757858161	0.0005161699757858161	0.001032339951571632	-0.000516169975785816	-0.000516169975785816	-0.0005161699757858161	0.0005209016507732711	0.001031997455039911	0.9994794408457583	-0.0005161699899515161	-0.0005161699616201161	0.00023766918754036947
0.0007742556729905313	0.0015485113459810622	-0.0007742556729905311	-0.0007742556729905311	-0.0007742556729905311	0.0007742556729905313	0.0015485113459810622	-0.0007742556729905311	-0.0007742556729905311	-0.0007742556729905311	0.0007746597843842817	0.001548107126525615	-0.0007742555649288335	0.9992248334059854	-0.0007733447519665667	0.0003620663902740282
0.0015485099278458381	0.0030970198556916754	-0.001548509927845838	-0.0015485099278458373	-0.0015485099278458377	0.001548509927845838	0.0030970198556916754	-0.0015485099278458377	-0.0015485099278458377	-0.0015485099278458377	0.0015493181502658634	0.0030962114171483534	-0.0015485097117225396	-0.0015466881495584807	0.9984496682938666	0.0007241321023283944
-0.0007740440229814178	-0.0015480880459628353	0.0007740440229814176	0.0007740440229814176	0.0007740440229814178	-0.000774044022981418	-0.0015480880459628355	0.0007740440229814178	0.0007740440229814178	0.0007740440229814178	-0.04787694758790196	0.04556772301286158	0.0007611365290775383	0.0007758207446363783	0.0007722673013264572	0.9517358839720416