0.9990375747074283	-0.0019248505851435216	0.0009624252925717611	0.0009624252925717606	0.0009624252925717611	-0.0009624252925717611	-0.0019248505851435218	0.0009624252925717611	0.0009624252925717611	0.0009624252925717613	-0.0009660821531807052	-0.0019211928632574373	0.0009624244312946212	0.000962425505729532	0.00096242507941399	-0.0003943619510127496
-0.0038497011702870432	0.9923005976594259	0.0038497011702870432	0.003849701170287041	0.0038497011702870432	-0.0038497011702870424	-0.007699402340574083	0.0038497011702870432	0.003849701170287043	0.003849701170287044	-0.0038643286127228197	-0.007684771453029748	0.003849697725178484	0.003849702022918124	0.003849700317655957	-0.001577447804050998
0.0019248505851435214	0.0038497011702870437	0.9980751494148565	-0.0019248505851435214	-0.0019248505851435223	0.0019248505851435223	0.003849701170287043	-0.001924850585143522	-0.0019248505851435216	-0.0019248505851435227	0.0019321643063614107	0.0038423857265148745	-0.0019248488625892425	-0.0019248510114590642	-0.0019248501588279795	0.0007887239020254994
0.002887275877715282	0.005774551755430564	-0.0028872758777152823	0.9971127241222845	-0.002887275877715282	0.002887275877715282	0.005774551755430562	-0.002887275877715282	-0.0028872758777152814	-0.002887275877715282	0.0028982464595421163	0.005763578589772312	-0.0028872732938838627	-0.0028872765171885978	-0.00288727523824197	0.0011830858530382494
0.005774551755430565	0.01154910351086113	-0.0057745517554305655	-0.005774551755430564	0.9942254482445697	0.005774551755430565	0.011549103510861126	-0.005774551755430565	-0.005774551755430563	-0.0057745517554305655	0.005796492919084234	0.011527157179544627	-0.005774546587767727	-0.005774553034377194	-0.005774550476483941	0.0023661717060764983
-0.0009624252925717606	-0.0019248505851435216	0.0009624252925717612	0.0009624252925717608	0.000962425292571761	0.9990375747074285	-0.0019248505851435214	0.000962425292571761	0.0009624252925717609	0.0009624252925717613	-0.0009660821531807056	-0.001921192863257437	0.0009624244312946208	0.000962425505729532	0.0009624250794139901	-0.00039436195101274954
-0.0038497011702870415	-0.007699402340574085	0.003849701170287044	0.0038497011702870424	0.0038497011702870432	-0.0038497011702870424	0.9923005976594256	0.0038497011702870432	0.003849701170287042	0.0038497011702870432	-0.0038643286127228206	-0.007684771453029744	0.0038496977251784832	0.003849702022918125	0.0038497003176559586	-0.0015774478040509973
0.0019248505851435218	0.0038497011702870445	-0.001924850585143523	-0.0019248505851435223	-0.0019248505851435227	0.0019248505851435223	0.0038497011702870437	0.9980751494148562	-0.0019248505851435218	-0.0019248505851435225	0.0019321643063614112	0.003842385726514874	-0.0019248488625892418	-0.0019248510114590637	-0.00192485015882798	0.0007887239020254991
0.0028872758777152823	0.005774551755430565	-0.002887275877715283	-0.0028872758777152823	-0.0028872758777152827	0.002887275877715283	0.0057745517554305655	-0.0028872758777152827	0.9971127241222848	-0.0028872758777152836	0.0028982464595421168	0.005763578589772313	-0.002887273293883863	-0.0028872765171885965	-0.00288727523824197	0.0011830858530382487
0.005774551755430563	0.011549103510861126	-0.005774551755430565	-0.005774551755430563	-0.005774551755430564	0.005774551755430565	0.011549103510861128	-0.005774551755430564	-0.005774551755430564	0.9942254482445698	0.0057964929190842335	0.011527157179544625	-0.005774546587767727	-0.005774553034377193	-0.00577455047648394	0.002366171706076498
-0.0009610753110910411	-0.0019221506221820822	0.0009610753110910413	0.0009610753110910407	0.0009610753110910411	-0.0009610753110910409	-0.0019221506221820809	0.0009610753110910408	0.0009610753110910406	0.0009610753110910408	0.9761637331444841	0.02094619193714079	0.0009679242961931401	0.0009609859555860896	0.0009611646665959924	-0.024375271271528713
-0.0036893733916853392	-0.0073787467833706785	0.0036893733916853414	0.0036893733916853384	0.0036893733916853405	-0.0036893733916853397	-0.007378746783370677	0.0036893733916853405	0.003689373391685339	0.0036893733916853397	0.048691128631400925	0.9402397941977411	0.0036903303874873798	0.003689198100242642	0.0036895486831280333	-0.04834689245968933
0.0019248505651996708	0.0038497011303993416	-0.001924850565199671	-0.00192485056519967	-0.0019248505651996704	0.0019248505651996704	0.00384970113039934	-0.0019248505651996704	-0.0019248505651996695	-0.00192485056519967	0.0019458797319968275	0.0038416781949916264	0.9980621432034109	-0.0019248510384513458	-0.0019248500919479942	0.000776441405239048
0.0028872858751184498	0.0057745717502368996	-0.00288728587511845	-0.002887285875118449	-0.0028872858751184493	0.0028872858751184493	0.005774571750236897	-0.0028872858751184493	-0.002887285875118449	-0.002887285875118449	0.00289847957113634	0.0057633754131148195	-0.0028872832340142607	0.9971093182954204	-0.0028838900456572914	0.0011799246174993244
0.005774551743721646	0.011549103487443292	-0.005774551743721647	-0.005774551743721645	-0.005774551743721646	0.005774551743721646	0.011549103487443289	-0.005774551743721645	-0.005774551743721644	-0.005774551743721646	0.005796939100572374	0.011526710848392211	-0.005774546461521292	-0.005767762686545293	0.9942186591991019	0.0023598404244543677
-0.0028793045255161615	-0.005758609051032323	0.002879304525516162	0.002879304525516161	0.0028793045255161615	-0.002879304525516162	-0.005758609051032323	0.002879304525516162	0.002879304525516161	0.0028793045255161615	-0.14004183723759814	0.13144087602140436	0.0028423521651614143	0.0028855580867765355	0.002873050964255787	0.8549241995355787