0.998004623664151	-0.003990752671698425	0.001995376335849212	0.001995376335849212	0.0019953763358492114	-0.001995376335849212	-0.003990752671698423	0.0019953763358492114	0.0019953763358492114	0.001995376335849211	-0.0020094666201733087	-0.003976660426431397	0.0019953743749062842	0.001995377884282993	0.001995374787415428	-0.0007017006905638429
-0.007981505343396849	0.9840369893132068	0.007981505343396847	0.007981505343396846	0.007981505343396846	-0.007981505343396847	-0.015963010686793688	0.007981505343396842	0.007981505343396842	0.00798150534339684	-0.008037866480693231	-0.015906641705725595	0.007981497499625139	0.007981511537131974	0.007981499149661713	-0.0028068027622553727
0.003990752671698422	0.007981505343396846	0.9960092473283019	-0.003990752671698424	-0.003990752671698423	0.003990752671698424	0.007981505343396842	-0.003990752671698421	-0.00399075267169842	-0.00399075267169842	0.004018933240346615	0.0079533208528628	-0.003990748749812571	-0.003990755768565986	-0.003990749574830856	0.001403401381127686
0.005986129007547632	0.011972258015095263	-0.005986129007547631	0.9940138709924525	-0.005986129007547631	0.005986129007547633	0.011972258015095263	-0.005986129007547632	-0.005986129007547632	-0.005986129007547631	0.006028399860519924	0.011929981279294196	-0.005986123124718858	-0.005986133652848978	-0.005986124362246282	0.002105102071691531
0.011972258015095265	0.023944516030190526	-0.011972258015095261	-0.011972258015095265	0.9880277419849048	0.011972258015095267	0.023944516030190523	-0.011972258015095265	-0.011972258015095265	-0.011972258015095261	0.012056799721039848	0.023859962558588396	-0.01197224624943772	-0.011972267305697955	-0.011972248724492564	0.004210204143383061
-0.001995376335849212	-0.0039907526716984245	0.001995376335849212	0.0019953763358492114	0.0019953763358492114	0.9980046236641511	-0.003990752671698422	0.001995376335849211	0.001995376335849211	0.0019953763358492105	-0.002009466620173308	-0.0039766604264314	0.0019953743749062855	0.0019953778842829936	0.0019953747874154274	-0.0007017006905638433
-0.00798150534339685	-0.0159630106867937	0.007981505343396849	0.007981505343396849	0.007981505343396849	-0.007981505343396847	0.9840369893132063	0.007981505343396842	0.007981505343396842	0.007981505343396842	-0.008037866480693228	-0.01590664170572559	0.007981497499625139	0.007981511537131973	0.007981499149661713	-0.0028068027622553723
0.0039907526716984245	0.007981505343396849	-0.003990752671698424	-0.003990752671698424	-0.003990752671698424	0.003990752671698423	0.007981505343396844	0.996009247328302	-0.003990752671698423	-0.003990752671698421	0.004018933240346615	0.0079533208528628	-0.003990748749812571	-0.003990755768565988	-0.003990749574830857	0.0014034013811276864
0.005986129007547631	0.01197225801509526	-0.005986129007547629	-0.005986129007547631	-0.00598612900754763	0.0059861290075476315	0.01197225801509526	-0.005986129007547631	0.9940138709924525	-0.00598612900754763	0.006028399860519923	0.011929981279294198	-0.005986123124718858	-0.005986133652848976	-0.005986124362246284	0.0021051020716915305
0.011972258015095261	0.02394451603019052	-0.011972258015095258	-0.011972258015095261	-0.01197225801509526	0.011972258015095261	0.02394451603019052	-0.011972258015095261	-0.011972258015095263	0.9880277419849047	0.012056799721039848	0.023859962558588396	-0.011972246249437716	-0.011972267305697958	-0.011972248724492568	0.004210204143383062
-0.001986865131111668	-0.003973730262223335	0.0019868651311116666	0.0019868651311116666	0.0019868651311116666	-0.0019868651311116666	-0.003973730262223333	0.0019868651311116666	0.0019868651311116666	0.001986865131111667	0.9604417736418612	0.03358643644996632	0.001998059645949168	0.001986540536552051	0.001987189725671281	-0.0408810370095272
-0.007364808326841413	-0.014729616653682826	0.007364808326841413	0.007364808326841414	0.007364808326841414	-0.007364808326841413	-0.014729616653682822	0.007364808326841411	0.007364808326841413	0.007364808326841413	0.08343869243156922	0.8944650776529723	0.007366613261775621	0.007364178991439696	0.007365437662243132	-0.08026955254260487
0.003990752557969322	0.007981505115938642	-0.003990752557969321	-0.003990752557969322	-0.003990752557969321	0.003990752557969321	0.007981505115938642	-0.003990752557969321	-0.003990752557969322	-0.003990752557969321	0.004041526258811022	0.007951847135440983	0.9959881317216864	-0.003990755819814692	-0.0039907492961239535	0.001383708620691886
0.005986172877003845	0.011972345754007688	-0.005986172877003845	-0.005986172877003847	-0.005986172877003846	0.005986172877003847	0.011972345754007692	-0.005986172877003848	-0.005986172877003848	-0.005986172877003847	0.006029187024042164	0.011929325544286822	-0.005986166814321291	0.994006790054804	-0.005979135808811766	0.002098852666755753
0.011972257882016118	0.023944515764032236	-0.01197225788201612	-0.011972257882016122	-0.011972257882016122	0.011972257882016122	0.023944515764032243	-0.011972257882016123	-0.011972257882016125	-0.011972257882016122	0.012058285941953134	0.023858475578751242	-0.011972245756672125	-0.011958202508480032	0.9880136867444479	0.00419766985960748
-0.005935546739999622	-0.011871093479999241	0.0059355467399996205	0.005935546739999622	0.005935546739999621	-0.005935546739999622	-0.011871093479999244	0.005935546739999623	0.005935546739999624	0.005935546739999622	-0.2311950045327139	0.2134479106565049	0.005876000396209791	0.005947659179327199	0.005923434300672048	0.7568044279890626