0.9985187048753952	-0.002962590249208887	0.001481295124604443	0.0014812951246044436	0.0014812951246044436	-0.001481295124604444	-0.002962590249208887	0.0014812951246044436	0.0014812951246044443	0.0014812951246044434	-0.0014900533209788922	-0.002953830316455432	0.001481293388225437	0.0014812958183325442	0.0014812944308763454	-0.0005604418748233544
-0.005925180498417775	0.9881496390031648	0.005925180498417773	0.0059251804984177744	0.005925180498417774	-0.005925180498417775	-0.011850360996835545	0.005925180498417774	0.005925180498417777	0.005925180498417772	-0.0059602132839155705	-0.011815321265821731	0.005925173552901747	0.005925183273330176	0.005925177723505383	-0.0022417674992934187
0.002962590249208887	0.0059251804984177744	0.9970374097507902	-0.002962590249208888	-0.0029625902492088877	0.0029625902492088885	0.005925180498417774	-0.0029625902492088877	-0.002962590249208889	-0.002962590249208887	0.002980106641957785	0.005907660632910864	-0.002962586776450874	-0.002962591636665087	-0.002962588861752691	0.0011208837496467085
0.004443885373813338	0.008887770747626672	-0.004443885373813335	0.9955561146261868	-0.004443885373813335	0.004443885373813337	0.00888777074762667	-0.004443885373813334	-0.004443885373813336	-0.0044438853738133334	0.00447015996293668	0.008861490949366297	-0.0044438801646763115	-0.004443887454997631	-0.0044438832926290365	0.0016813256244700631
0.008887770747626669	0.01777554149525333	-0.008887770747626662	-0.008887770747626667	0.9911122292523732	0.008887770747626669	0.01777554149525333	-0.008887770747626663	-0.008887770747626667	-0.00888777074762666	0.008940319925873358	0.01772298189873259	-0.008887760329352621	-0.008887774909995259	-0.008887766585258071	0.0033626512489401275
-0.0014812951246044436	-0.0029625902492088872	0.0014812951246044434	0.0014812951246044438	0.0014812951246044432	0.9985187048753957	-0.002962590249208887	0.0014812951246044436	0.001481295124604444	0.0014812951246044427	-0.0014900533209788922	-0.0029538303164554315	0.0014812933882254369	0.0014812958183325435	0.0014812944308763452	-0.0005604418748233543
-0.005925180498417777	-0.011850360996835554	0.005925180498417777	0.005925180498417778	0.005925180498417776	-0.005925180498417776	0.9881496390031643	0.0059251804984177744	0.005925180498417777	0.005925180498417773	-0.0059602132839155705	-0.011815321265821728	0.005925173552901748	0.005925183273330176	0.0059251777235053826	-0.002241767499293418
0.002962590249208888	0.005925180498417776	-0.0029625902492088872	-0.0029625902492088885	-0.0029625902492088872	0.0029625902492088877	0.0059251804984177744	0.9970374097507906	-0.0029625902492088894	-0.0029625902492088872	0.0029801066419577853	0.005907660632910865	-0.0029625867764508746	-0.0029625916366650875	-0.0029625888617526904	0.001120883749646709
0.004443885373813336	0.008887770747626669	-0.0044438853738133334	-0.004443885373813335	-0.0044438853738133334	0.004443885373813334	0.008887770747626665	-0.0044438853738133334	0.9955561146261873	-0.004443885373813332	0.004470159962936681	0.008861490949366297	-0.004443880164676313	-0.004443887454997631	-0.004443883292629037	0.0016813256244700636
0.008887770747626667	0.017775541495253327	-0.00888777074762666	-0.008887770747626665	-0.008887770747626662	0.008887770747626663	0.017775541495253316	-0.00888777074762666	-0.008887770747626663	0.9911122292523726	0.008940319925873358	0.017722981898732577	-0.008887760329352621	-0.008887774909995257	-0.008887766585258068	0.0033626512489401262
-0.0014772308013276357	-0.0029544616026552705	0.0014772308013276353	0.001477230801327636	0.001477230801327635	-0.0014772308013276353	-0.0029544616026552705	0.0014772308013276348	0.0014772308013276353	0.0014772308013276348	0.9676591263219263	0.02789987096467393	0.0014865411107441967	0.0014770376401029575	0.0014774239625523137	-0.03333756110490362
-0.005568494432721715	-0.01113698886544343	0.005568494432721715	0.0055684944327217155	0.005568494432721714	-0.005568494432721715	-0.011136988865443427	0.005568494432721714	0.005568494432721715	0.005568494432721713	0.06764184409901687	0.91565116044885	0.0055700065866893566	0.005568118051268624	0.005568870814174808	-0.06570624508951257
0.0029625901831181654	0.005925180366236331	-0.002962590183118165	-0.002962590183118166	-0.002962590183118165	0.0029625901831181654	0.005925180366236329	-0.002962590183118165	-0.0029625901831181654	-0.002962590183118164	0.0029988002619029635	0.005906502967745726	0.9970198771365876	-0.0029625916701730938	-0.0029625886960632374	0.0011045204936057334
0.00444390930189569	0.008887818603791377	-0.004443909301895687	-0.004443909301895689	-0.004443909301895688	0.004443909301895689	0.008887818603791375	-0.004443909301895688	-0.004443909301895688	-0.004443909301895686	0.004470641028145283	0.008861081554694946	-0.004443903979048851	0.9955508652534392	-0.004438683857230325	0.0016765842515053422
0.008887770697102853	0.017775541394205705	-0.00888777069710285	-0.00888777069710285	-0.00888777069710285	0.008887770697102853	0.017775541394205698	-0.00888777069710285	-0.00888777069710285	-0.008887770697102849	0.008941234029215869	0.017722067416420597	-0.00888776005143076	-0.008877328234338854	0.9911017868401334	0.003353148355230771
-0.004419782210996693	-0.008839564421993384	0.004419782210996692	0.004419782210996693	0.004419782210996691	-0.004419782210996692	-0.00883956442199338	0.004419782210996692	0.004419782210996692	0.00441978221099669	-0.18947062132891557	0.17626062611820936	0.00437043078871274	0.004429067781068313	0.004410496640925068	0.8016449271143553