0.9994512377194447	-0.0010975245611105926	0.0005487622805552962	0.0005487622805552963	0.0005487622805552963	-0.0005487622805552963	-0.0010975245611105926	0.0005487622805552963	0.0005487622805552963	0.0005487622805552963	-0.0005497171910241663	-0.001096569406328968	0.0005487620362425422	0.0005487623247240735	0.0005487622363865194	-0.00024201037653032146
-0.0021950491222211856	0.9956099017555579	0.002195049122221186	0.002195049122221187	0.0021950491222211873	-0.002195049122221187	-0.004390098244442372	0.002195049122221187	0.002195049122221187	0.0021950491222211877	-0.0021988687640966662	-0.004386277625315873	0.0021950481449701685	0.002195049298896295	0.0021950489455460774	-0.0009680415061212859
0.0010975245611105926	0.0021950491222211856	0.9989024754388895	-0.0010975245611105926	-0.0010975245611105928	0.0010975245611105928	0.002195049122221185	-0.0010975245611105928	-0.0010975245611105928	-0.001097524561110593	0.0010994343820483331	0.002193138812657937	-0.0010975240724850847	-0.001097524649448147	-0.0010975244727730387	0.00048402075306064297
0.00164628684166589	0.00329257368333178	-0.0016462868416658905	0.9983537131583345	-0.00164628684166589	0.0016462868416658898	0.003292573683331779	-0.0016462868416658898	-0.0016462868416658898	-0.00164628684166589	0.0016491515730725004	0.0032897082189869064	-0.001646286108727628	-0.0016462869741722206	-0.0016462867091595588	0.0007260311295909643
0.003292573683331779	0.006585147366663558	-0.0032925736833317796	-0.0032925736833317796	0.9967074263166684	0.00329257368333178	0.006585147366663558	-0.0032925736833317805	-0.0032925736833317805	-0.003292573683331781	0.003298303146145001	0.006579416437973814	-0.0032925722174552557	-0.003292573948344442	-0.003292573418319118	0.0014520622591819286
-0.0005487622805552964	-0.0010975245611105928	0.0005487622805552965	0.0005487622805552964	0.0005487622805552965	0.9994512377194449	-0.0010975245611105932	0.0005487622805552968	0.0005487622805552968	0.0005487622805552969	-0.0005497171910241666	-0.0010965694063289687	0.0005487620362425421	0.0005487623247240737	0.0005487622363865191	-0.0002420103765303214
-0.0021950491222211856	-0.004390098244442372	0.0021950491222211864	0.002195049122221186	0.0021950491222211864	-0.0021950491222211864	0.9956099017555577	0.0021950491222211864	0.0021950491222211864	0.002195049122221187	-0.0021988687640966667	-0.004386277625315874	0.0021950481449701698	0.002195049298896295	0.002195048945546077	-0.0009680415061212855
0.0010975245611105928	0.002195049122221186	-0.0010975245611105932	-0.001097524561110593	-0.0010975245611105932	0.0010975245611105932	0.0021950491222211864	0.9989024754388897	-0.0010975245611105934	-0.0010975245611105939	0.0010994343820483333	0.002193138812657937	-0.0010975240724850847	-0.0010975246494481482	-0.0010975244727730385	0.0004840207530606427
0.0016462868416658905	0.0032925736833317805	-0.0016462868416658905	-0.0016462868416658907	-0.0016462868416658907	0.0016462868416658907	0.00329257368333178	-0.0016462868416658905	0.9983537131583343	-0.001646286841665891	0.0016491515730725009	0.003289708218986907	-0.0016462861087276277	-0.001646286974172221	-0.0016462867091595588	0.0007260311295909643
0.0032925736833317796	0.006585147366663559	-0.00329257368333178	-0.00329257368333178	-0.00329257368333178	0.00329257368333178	0.006585147366663558	-0.0032925736833317796	-0.003292573683331781	0.9967074263166684	0.003298303146145001	0.006579416437973813	-0.003292572217455255	-0.0032925739483444425	-0.0032925734183191177	0.0014520622591819286
-0.0005484610639911921	-0.0010969221279823846	0.0005484610639911923	0.000548461063991192	0.0005484610639911923	-0.0005484610639911924	-0.0010969221279823848	0.0005484610639911924	0.0005484610639911924	0.0005484610639911926	0.9845456996885366	0.013804556300007325	0.0005528218834736058	0.0005484293955928507	0.0005484927323895343	-0.015619702523439458
-0.0021395244587319377	-0.004279048917463876	0.002139524458731938	0.002139524458731938	0.0021395244587319386	-0.002139524458731938	-0.004279048917463876	0.002139524458731938	0.002139524458731938	0.0021395244587319386	0.03049787484010592	0.9630831209519635	0.0021399552904669463	0.002139461899173303	0.0021395870182905736	-0.03121690352017557
0.0010975245580359888	0.002195049116071978	-0.001097524558035989	-0.0010975245580359888	-0.0010975245580359893	0.001097524558035989	0.002195049116071978	-0.001097524558035989	-0.001097524558035989	-0.0010975245580359895	0.0011081591505964783	0.0021928255290910538	0.9988940644363845	-0.0010975246633196218	-0.001097524452752357	0.00047592877126835314
0.0016462900656112963	0.0032925801312225925	-0.0016462900656112965	-0.0016462900656112965	-0.0016462900656112967	0.0016462900656112965	0.0032925801312225925	-0.0016462900656112963	-0.0016462900656112965	-0.0016462900656112967	0.0016492389475722224	0.0032896304941006744	-0.0016462893104503028	0.9983517733316797	-0.0016443534629022565	0.0007241820153426785
0.0032925736817634886	0.006585147363526977	-0.003292573681763489	-0.003292573681763489	-0.003292573681763489	0.003292573681763489	0.006585147363526977	-0.003292573681763489	-0.0032925736817634894	-0.00329257368176349	0.0032984714401632083	0.006579248094806667	-0.0032925721714428965	-0.0032887010209018894	0.9967035536573752	0.001448361062092267
-0.0016445245848605687	-0.0032890491697211374	0.0016445245848605687	0.0016445245848605687	0.0016445245848605691	-0.001644524584860569	-0.0032890491697211374	0.001644524584860569	0.001644524584860569	0.0016445245848605691	-0.0910264334647804	0.08611716356861336	0.0016202207264459263	0.0016482073672897878	0.00164084180243135	0.9070037106733613