0.9977164492929755	-0.004567101414049728	0.0022835507070248636	0.002283550707024863	0.0022835507070248645	-0.0022835507070248636	-0.004567101414049727	0.002283550707024864	0.0022835507070248636	0.002283550707024863	-0.0023001831744453955	-0.004550467437566439	0.002283549197962105	0.002283552929363012	0.0022835484846867172	-0.0007712186108084295
-0.009134202828099453	0.9817315943438013	0.009134202828099455	0.009134202828099453	0.009134202828099458	-0.009134202828099455	-0.018268405656198906	0.009134202828099455	0.009134202828099453	0.00913420282809945	-0.009200732697781577	-0.018201869750265744	0.009134196791848416	0.009134211717452045	0.009134193938746865	-0.0030848744432337184
0.004567101414049728	0.009134202828099456	0.9954328985859502	-0.004567101414049726	-0.004567101414049729	0.004567101414049727	0.009134202828099455	-0.004567101414049728	-0.004567101414049726	-0.0045671014140497256	0.004600366348890789	0.009100934875132877	-0.0045670983959242096	-0.004567105858726021	-0.004567096969373432	0.0015424372216168583
0.006850652121074592	0.013701304242149187	-0.006850652121074592	0.9931493478789248	-0.006850652121074591	0.006850652121074591	0.013701304242149184	-0.006850652121074591	-0.006850652121074593	-0.006850652121074589	0.00690054952333619	0.013651402312699314	-0.0068506475938863165	-0.006850658788089034	-0.006850645454060147	0.002313655832425288
0.013701304242149185	0.027402608484298374	-0.013701304242149184	-0.013701304242149185	0.9862986957578511	0.013701304242149185	0.027402608484298374	-0.013701304242149184	-0.013701304242149189	-0.01370130424214918	0.013801099046672382	0.027302804625398632	-0.013701295187772635	-0.013701317576178072	-0.013701290908120297	0.004627311664850575
-0.0022835507070248645	-0.004567101414049729	0.0022835507070248645	0.0022835507070248636	0.0022835507070248636	0.9977164492929746	-0.004567101414049726	0.0022835507070248636	0.0022835507070248628	0.0022835507070248623	-0.0023001831744453955	-0.004550467437566435	0.002283549197962105	0.002283552929363011	0.0022835484846867146	-0.0007712186108084294
-0.009134202828099456	-0.018268405656198913	0.009134202828099455	0.009134202828099451	0.009134202828099451	-0.009134202828099453	0.981731594343801	0.009134202828099455	0.009134202828099451	0.00913420282809945	-0.009200732697781582	-0.018201869750265748	0.009134196791848423	0.009134211717452044	0.009134193938746862	-0.003084874443233717
0.004567101414049727	0.009134202828099455	-0.004567101414049727	-0.0045671014140497256	-0.0045671014140497256	0.004567101414049726	0.009134202828099453	0.9954328985859505	-0.004567101414049725	-0.004567101414049724	0.00460036634889079	0.00910093487513287	-0.00456709839592421	-0.004567105858726021	-0.004567096969373431	0.0015424372216168588
0.006850652121074593	0.013701304242149189	-0.006850652121074593	-0.0068506521210745935	-0.006850652121074594	0.006850652121074592	0.013701304242149189	-0.006850652121074593	0.9931493478789253	-0.006850652121074589	0.006900549523336188	0.013651402312699313	-0.006850647593886316	-0.006850658788089034	-0.006850645454060149	0.002313655832425288
0.013701304242149187	0.02740260848429838	-0.013701304242149187	-0.013701304242149189	-0.013701304242149189	0.013701304242149187	0.027402608484298374	-0.013701304242149185	-0.013701304242149189	0.9862986957578503	0.013801099046672378	0.027302804625398632	-0.013701295187772635	-0.013701317576178068	-0.0137012909081203	0.004627311664850577
-0.0022716926662590784	-0.004543385332518158	0.0022716926662590784	0.0022716926662590784	0.0022716926662590784	-0.0022716926662590784	-0.004543385332518157	0.0022716926662590784	0.002271692666259078	0.0022716926662590775	0.9567037824458393	0.03646908632114022	0.002283745900502593	0.0022712834788711483	0.0022721018536470067	-0.04473557695671079
-0.008344233133168007	-0.016688466266336015	0.008344233133168007	0.008344233133168004	0.008344233133168007	-0.008344233133168006	-0.016688466266336008	0.008344233133168004	0.008344233133168004	0.008344233133168	0.09136449636903032	0.8836009675924115	0.008346069772222239	0.008343441550083902	0.008345024716252106	-0.08771425596014856
0.004567101294169239	0.009134202588338476	-0.004567101294169237	-0.0045671012941692355	-0.004567101294169237	0.0045671012941692355	0.009134202588338471	-0.004567101294169236	-0.004567101294169236	-0.0045671012941692355	0.0046247982586316815	0.009099345793477617	0.9954100585362293	-0.004567105945436455	-0.0045670966429020125	0.001521059313731218
0.0068507099136160005	0.013701419827232003	-0.006850709913616	-0.0068507099136160005	-0.0068507099136160005	0.006850709913616	0.013701419827232001	-0.006850709913616	-0.0068507099136160005	-0.006850709913615999	0.006901533463721945	0.013650591528949877	-0.00685070516543982	0.9931412381799216	-0.006842658007153496	0.0023065836887659072
0.013701304037286893	0.027402608074573787	-0.01370130403728689	-0.013701304037286892	-0.013701304037286892	0.01370130403728689	0.027402608074573783	-0.01370130403728689	-0.013701304037286895	-0.013701304037286888	0.013802950848058979	0.027300951767450492	-0.013701294540935676	-0.013685227128225992	0.986282619053652	0.004613121659972921
-0.006780122948323655	-0.013560245896647312	0.006780122948323654	0.006780122948323655	0.006780122948323656	-0.006780122948323654	-0.01356024589664731	0.006780122948323655	0.006780122948323656	0.0067801229483236535	-0.2527403660216205	0.23246473350538915	0.006715386619584009	0.006793751384474284	0.006766494512173029	0.7338839843997719