0.9991911496113091	-0.0016177007773829028	0.0008088503886914514	0.0008088503886914515	0.0008088503886914513	-0.0008088503886914514	-0.0016177007773829028	0.0008088503886914512	0.0008088503886914514	0.0008088503886914514	-0.0008113123209863447	-0.0016152382448776125	0.0008088497884810537	0.0008088505202405938	0.000808850257142309	-0.0003401273943766615
-0.0032354015547658055	0.993529196890468	0.0032354015547658055	0.003235401554765806	0.0032354015547658055	-0.003235401554765806	-0.006470803109531612	0.003235401554765805	0.0032354015547658064	0.0032354015547658055	-0.0032452492839453785	-0.006460952979510448	0.003235399153924215	0.0032354020809623758	0.003235401028569236	-0.0013605095775066456
0.0016177007773829032	0.003235401554765806	0.998382299222617	-0.001617700777382903	-0.001617700777382903	0.001617700777382903	0.0032354015547658064	-0.0016177007773829028	-0.0016177007773829032	-0.001617700777382903	0.0016226246419726892	0.003230476489755225	-0.001617699576962107	-0.0016177010404811874	-0.0016177005142846178	0.0006802547887533232
0.002426551166074354	0.004853102332148708	-0.002426551166074354	0.9975734488339256	-0.002426551166074354	0.002426551166074354	0.004853102332148708	-0.002426551166074353	-0.0024265511660743547	-0.0024265511660743542	0.0024339369629590335	0.004845714734632839	-0.0024265493654431623	-0.002426551560721782	-0.0024265507714269254	0.001020382183129984
0.0048531023321487085	0.009706204664297417	-0.0048531023321487085	-0.0048531023321487085	0.9951468976678512	0.004853102332148708	0.009706204664297415	-0.004853102332148706	-0.004853102332148709	-0.0048531023321487085	0.004867873925918066	0.00969142946926568	-0.004853098730886324	-0.0048531031214435645	-0.004853101542853855	0.002040764366259969
-0.0008088503886914514	-0.0016177007773829025	0.0008088503886914514	0.0008088503886914514	0.0008088503886914513	0.9991911496113086	-0.001617700777382903	0.0008088503886914515	0.0008088503886914515	0.0008088503886914515	-0.0008113123209863445	-0.0016152382448776123	0.0008088497884810536	0.0008088505202405938	0.000808850257142309	-0.00034012739437666155
-0.003235401554765806	-0.00647080310953161	0.0032354015547658055	0.0032354015547658055	0.003235401554765805	-0.0032354015547658055	0.9935291968904686	0.003235401554765805	0.0032354015547658064	0.003235401554765806	-0.003245249283945378	-0.006460952979510449	0.003235399153924214	0.003235402080962376	0.0032354010285692352	-0.0013605095775066464
0.001617700777382903	0.0032354015547658055	-0.001617700777382903	-0.001617700777382903	-0.0016177007773829028	0.001617700777382903	0.0032354015547658064	0.9983822992226166	-0.0016177007773829028	-0.0016177007773829025	0.0016226246419726881	0.0032304764897552237	-0.0016176995769621063	-0.0016177010404811872	-0.0016177005142846174	0.0006802547887533229
0.0024265511660743547	0.004853102332148709	-0.0024265511660743547	-0.0024265511660743547	-0.0024265511660743547	0.002426551166074354	0.00485310233214871	-0.0024265511660743534	0.9975734488339258	-0.0024265511660743547	0.0024339369629590335	0.004845714734632841	-0.0024265493654431623	-0.0024265515607217827	-0.0024265507714269284	0.0010203821831299845
0.00485310233214871	0.00970620466429742	-0.00485310233214871	-0.00485310233214871	-0.00485310233214871	0.0048531023321487085	0.009706204664297422	-0.004853102332148708	-0.00485310233214871	0.9951468976678517	0.004867873925918068	0.009691429469265683	-0.0048530987308863256	-0.004853103121443565	-0.004853101542853856	0.0020407643662599694
-0.0008079954306967223	-0.0016159908613934443	0.000807995430696722	0.0008079954306967221	0.000807995430696722	-0.000807995430696722	-0.0016159908613934443	0.0008079954306967217	0.0008079954306967221	0.0008079954306967219	0.979058681699747	0.018511344128216235	0.0008139833106429304	0.0008079303655363983	0.0008080604958570457	-0.021335234386550925
-0.0031196500627672704	-0.006239300125534541	0.00311965006276727	0.0031196500627672704	0.0031196500627672704	-0.0031196500627672704	-0.0062393001255345425	0.0031196500627672695	0.003119650062767271	0.00311965006276727	0.04231261732348345	0.9483276705163474	0.0031204120346346414	0.003119522115191594	0.0031197780103429463	-0.04242379115436185
0.0016177007659021686	0.0032354015318043377	-0.0016177007659021686	-0.0016177007659021689	-0.0016177007659021689	0.0016177007659021686	0.003235401531804338	-0.0016177007659021682	-0.0016177007659021693	-0.0016177007659021689	0.0016346104895076476	0.0032299170318601926	0.9983708740104358	-0.001617701063398348	-0.0016177004684059888	0.0006694015605793739
0.00242655820612309	0.00485311641224618	-0.0024265582061230896	-0.0024265582061230896	-0.0024265582061230896	0.002426558206123089	0.00485311641224618	-0.0024265582061230887	-0.0024265582061230896	-0.0024265582061230896	0.0024341098783573867	0.004845562896367613	-0.0024265563624788202	0.9975705876551515	-0.0024237040673983153	0.001017701835384241
0.004853102325789033	0.009706204651578065	-0.0048531023257890335	-0.0048531023257890335	-0.0048531023257890335	0.004853102325789032	0.009706204651578067	-0.00485310232578903	-0.004853102325789033	-0.004853102325789033	0.004868205649964806	0.009691097640118586	-0.004853098638505328	-0.004847395658110601	0.9951411910065328	0.002035397371328697
-0.0024215145921715328	-0.0048430291843430655	0.0024215145921715328	0.0024215145921715323	0.0024215145921715328	-0.0024215145921715323	-0.004843029184343067	0.0024215145921715323	0.0024215145921715328	0.0024215145921715323	-0.12314584617889578	0.11591393279164762	0.0023888842029051068	0.0024268312620133866	0.0024161979223296767	0.873002879303161