0.997678365568476	-0.004643268863048768	0.0023216344315243834	0.0023216344315243843	0.002321634431524383	-0.0023216344315243843	-0.004643268863048767	0.0023216344315243834	0.002321634431524384	0.0023216344315243826	-0.002338564361353373	-0.004626337524149462	0.0023216330224540742	0.0023216367543849987	0.002321632108663765	-0.0007798860504941538
-0.009286537726097532	0.9814269245478049	0.009286537726097529	0.009286537726097532	0.009286537726097525	-0.00928653772609753	-0.018573075452195057	0.009286537726097529	0.00928653772609753	0.009286537726097525	-0.009354257445413492	-0.01850535009659784	0.009286532089816292	0.009286547017539995	0.00928652843465506	-0.0031195442019766144
0.004643268863048765	0.009286537726097527	0.9953567311369513	-0.004643268863048767	-0.004643268863048764	0.004643268863048767	0.009286537726097532	-0.004643268863048765	-0.004643268863048766	-0.004643268863048763	0.004677128722706746	0.00925267504829893	-0.004643266044908146	-0.004643273508769997	-0.00464326421732753	0.0015597721009883076
0.006964903294573149	0.013929806589146297	-0.006964903294573148	0.9930350967054272	-0.006964903294573147	0.006964903294573149	0.013929806589146297	-0.006964903294573148	-0.0069649032945731494	-0.006964903294573144	0.00701569308406012	0.01387901257244839	-0.006964899067362219	-0.006964910263154998	-0.006964896325991295	0.002339658151482461
0.013929806589146297	0.02785961317829259	-0.013929806589146295	-0.013929806589146295	0.986070193410854	0.013929806589146297	0.027859613178292594	-0.013929806589146299	-0.013929806589146299	-0.013929806589146292	0.014031386168120245	0.027758025144896788	-0.013929798134724442	-0.013929820526309998	-0.013929792651982598	0.004679316302964922
-0.0023216344315243843	-0.004643268863048767	0.0023216344315243834	0.002321634431524383	0.002321634431524382	0.9976783655684756	-0.004643268863048767	0.002321634431524383	0.0023216344315243834	0.002321634431524382	-0.002338564361353373	-0.004626337524149463	0.002321633022454074	0.0023216367543849987	0.002321632108663765	-0.0007798860504941536
-0.009286537726097542	-0.018573075452195078	0.009286537726097539	0.009286537726097537	0.009286537726097535	-0.009286537726097539	0.9814269245478054	0.009286537726097534	0.009286537726097534	0.009286537726097529	-0.009354257445413499	-0.01850535009659785	0.009286532089816299	0.009286547017539998	0.009286528434655064	-0.0031195442019766144
0.004643268863048768	0.009286537726097534	-0.004643268863048767	-0.004643268863048766	-0.004643268863048765	0.004643268863048767	0.009286537726097534	0.9953567311369513	-0.004643268863048767	-0.004643268863048764	0.0046771287227067495	0.009252675048298927	-0.004643266044908149	-0.004643273508769999	-0.004643264217327532	0.0015597721009883076
0.0069649032945731494	0.013929806589146299	-0.006964903294573148	-0.0069649032945731494	-0.006964903294573148	0.006964903294573149	0.013929806589146302	-0.006964903294573149	0.9930350967054273	-0.006964903294573147	0.007015693084060122	0.013879012572448394	-0.006964899067362222	-0.006964910263155002	-0.006964896325991299	0.0023396581514824617
0.013929806589146299	0.027859613178292594	-0.013929806589146295	-0.013929806589146297	-0.013929806589146295	0.013929806589146295	0.0278596131782926	-0.013929806589146299	-0.013929806589146299	0.9860701934108537	0.01403138616812024	0.02775802514489678	-0.013929798134724442	-0.013929820526310002	-0.013929792651982598	0.004679316302964923
-0.002309284419667047	-0.0046185688393340935	0.002309284419667047	0.0023092844196670463	0.0023092844196670463	-0.0023092844196670476	-0.004618568839334095	0.0023092844196670463	0.0023092844196670463	0.0023092844196670463	0.9562216938507707	0.036838295641203785	0.002321441668690736	0.002308863504170506	0.0023097053351635874	-0.04522966472865374
-0.00847219994466912	-0.016944399889338237	0.008472199944669119	0.008472199944669117	0.008472199944669115	-0.00847219994466912	-0.01694439988933824	0.008472199944669117	0.008472199944669115	0.008472199944669113	0.09237218005612766	0.8822093865405684	0.008474033513965836	0.008471385891854689	0.008473013997483543	-0.08866893109790415
0.004643268744415831	0.009286537488831657	-0.004643268744415829	-0.004643268744415829	-0.004643268744415828	0.004643268744415829	0.009286537488831662	-0.0046432687444158275	-0.004643268744415828	-0.0046432687444158275	0.004701787796222438	0.009251073817818251	0.9953336758747912	-0.004643273602476214	-0.004643263886355445	0.001538178368242166
0.006964963077129016	0.013929926154258032	-0.006964963077129015	-0.006964963077129015	-0.0069649630771290135	0.006964963077129014	0.013929926154258032	-0.006964963077129014	-0.006964963077129014	-0.006964963077129013	0.0070167043885663955	0.013878180388967678	-0.0069649586232760465	0.9930268509467213	-0.006956777100979415	0.002332478461878465
0.013929806373176161	0.027859612746352316	-0.013929806373176158	-0.01392980637317616	-0.013929806373176156	0.013929806373176158	0.02785961274635232	-0.013929806373176156	-0.013929806373176156	-0.013929806373176154	0.014033288700675425	0.027756121511143952	-0.01392979746546707	-0.013913462538664583	0.9860538497923124	0.0046649097685919
-0.006891441133866145	-0.013782882267732284	0.006891441133866142	0.006891441133866142	0.00689144113386614	-0.006891441133866141	-0.013782882267732291	0.006891441133866142	0.006891441133866142	0.006891441133866137	-0.2555164463444276	0.2349075254922771	0.006826038584418123	0.00690526642792592	0.00687761583980636	0.7309452366674359