0.9982635664520121	-0.003472867095974578	0.0017364335479872885	0.001736433547987288	0.0017364335479872883	-0.0017364335479872874	-0.0034728670959745757	0.0017364335479872885	0.0017364335479872883	0.0017364335479872883	-0.0017479070602189994	-0.0034613916045614533	0.0017364315688058744	0.0017364346137028162	0.0017364324822717607	-0.0006333278139314896
-0.006945734191949153	0.9861085316161023	0.006945734191949156	0.006945734191949155	0.0069457341919491565	-0.006945734191949153	-0.013891468383898313	0.006945734191949159	0.006945734191949157	0.006945734191949158	-0.006991628240875997	-0.013845566418245817	0.006945726275223499	0.006945738454811266	0.006945729929087048	-0.0025333112557259577
0.0034728670959745765	0.006945734191949155	0.9965271329040256	-0.0034728670959745774	-0.003472867095974578	0.0034728670959745765	0.006945734191949156	-0.0034728670959745787	-0.0034728670959745783	-0.0034728670959745783	0.003495814120437999	0.006922783209122908	-0.0034728631376117493	-0.003472869227405633	-0.003472864964543524	0.0012666556278629788
0.005209300643961867	0.01041860128792374	-0.005209300643961868	0.9947906993560378	-0.00520930064396187	0.005209300643961867	0.010418601287923738	-0.00520930064396187	-0.005209300643961869	-0.005209300643961869	0.005243721180656999	0.010384174813684357	-0.005209294706417624	-0.0052093038411084504	-0.0052092974468152834	0.0018999834417944696
0.010418601287923736	0.02083720257584748	-0.010418601287923736	-0.010418601287923738	0.9895813987120763	0.010418601287923735	0.02083720257584748	-0.01041860128792374	-0.01041860128792374	-0.010418601287923738	0.010487442361313996	0.020768349627368718	-0.01041858941283525	-0.010418607682216901	-0.010418594893630565	0.003799966883588939
-0.0017364335479872878	-0.003472867095974577	0.0017364335479872883	0.0017364335479872883	0.0017364335479872887	0.9982635664520123	-0.003472867095974577	0.0017364335479872891	0.0017364335479872887	0.0017364335479872887	-0.0017479070602189992	-0.003461391604561452	0.0017364315688058738	0.0017364346137028162	0.0017364324822717605	-0.0006333278139314892
-0.006945734191949155	-0.013891468383898315	0.006945734191949156	0.0069457341919491565	0.006945734191949158	-0.0069457341919491565	0.9861085316161018	0.006945734191949158	0.0069457341919491565	0.006945734191949157	-0.006991628240875998	-0.013845566418245815	0.006945726275223499	0.006945738454811265	0.0069457299290870455	-0.0025333112557259585
0.003472867095974578	0.006945734191949158	-0.0034728670959745787	-0.003472867095974579	-0.00347286709597458	0.0034728670959745787	0.006945734191949158	0.9965271329040258	-0.003472867095974579	-0.0034728670959745796	0.003495814120438	0.006922783209122908	-0.0034728631376117498	-0.003472869227405634	-0.003472864964543524	0.0012666556278629795
0.005209300643961869	0.010418601287923743	-0.00520930064396187	-0.00520930064396187	-0.005209300643961871	0.00520930064396187	0.010418601287923745	-0.005209300643961872	0.9947906993560384	-0.005209300643961868	0.005243721180656999	0.01038417481368436	-0.005209294706417622	-0.005209303841108449	-0.0052092974468152834	0.0018999834417944691
0.010418601287923733	0.020837202575847473	-0.010418601287923733	-0.010418601287923735	-0.010418601287923736	0.010418601287923735	0.020837202575847476	-0.010418601287923736	-0.010418601287923736	0.9895813987120763	0.010487442361313996	0.020768349627368718	-0.010418589412835244	-0.010418607682216901	-0.01041859489363057	0.0037999668835889382
-0.001730394659869613	-0.0034607893197392274	0.0017303946598696135	0.0017303946598696133	0.0017303946598696137	-0.0017303946598696135	-0.003460789319739228	0.0017303946598696144	0.001730394659869614	0.0017303946598696141	0.9639697898741924	0.03082871989100627	0.0017407009150621384	0.0017301395367381985	0.0017306497830010287	-0.03720763592014998
-0.0064679329361679635	-0.012935865872335932	0.006467932936167966	0.006467932936167966	0.006467932936167966	-0.006467932936167966	-0.012935865872335932	0.006467932936167969	0.006467932936167966	0.006467932936167968	0.07578566694545068	0.9048088400828225	0.006469627099390656	0.00646743713960068	0.006468428732735251	-0.0731783906007338
0.0034728670034053326	0.006945734006810667	-0.0034728670034053334	-0.0034728670034053334	-0.003472867003405334	0.003472867003405333	0.006945734006810669	-0.0034728670034053347	-0.0034728670034053343	-0.0034728670034053347	0.00351655269068523	0.0069214507041216854	0.9965077306120036	-0.0034728692653914002	-0.0034728647414192675	0.0012485763864298633
0.005209333693195478	0.010418667386390959	-0.0052093336931954785	-0.0052093336931954785	-0.005209333693195479	0.005209333693195478	0.010418667386390959	-0.005209333693195479	-0.005209333693195479	-0.005209333693195479	0.005244346936846153	0.01038364805983283	-0.005209327610288033	0.9947845415858585	-0.005203208972249763	0.001894487002958158
0.010418601202924826	0.020837202405849662	-0.010418601202924826	-0.010418601202924828	-0.010418601202924831	0.010418601202924828	0.02083720240584966	-0.010418601202924828	-0.01041860120292483	-0.01041860120292483	0.010488627513951089	0.02076716392903359	-0.01041858903713503	-0.010406364688331041	0.9895691622824814	0.003788946740252603
-0.005173444465046263	-0.01034688893009253	0.005173444465046263	0.005173444465046263	0.0051734444650462655	-0.005173444465046263	-0.010346888930092528	0.005173444465046265	0.005173444465046265	0.005173444465046265	-0.21082189029264403	0.19535615307740625	0.005118848285145389	0.005184153428808348	0.005162735501284178	0.7786413945509595