0.9985006153373445	-0.0029987693253105993	0.0014993846626553007	0.0014993846626553005	0.0014993846626553003	-0.0014993846626553003	-0.0029987693253106	0.001499384662655301	0.001499384662655301	0.0014993846626553012	-0.0015083358081532808	-0.0029898164197969274	0.001499382902639605	0.0014993853795763719	0.0014993839457342294	-0.0005657928008912821
-0.0059975386506212	0.9880049226987573	0.005997538650621204	0.005997538650621203	0.005997538650621202	-0.005997538650621201	-0.0119950773012424	0.005997538650621204	0.0059975386506212055	0.0059975386506212055	-0.006033343232613122	-0.011959265679187711	0.005997531610558422	0.005997541518305488	0.005997535782936919	-0.0022631712035651283
0.0029987693253106	0.0059975386506212	0.9970012306746896	-0.0029987693253106015	-0.0029987693253106015	0.002998769325310601	0.005997538650621202	-0.002998769325310602	-0.002998769325310602	-0.0029987693253106023	0.003016671616306561	0.0059796328395938575	-0.00299876580527921	-0.0029987707591527446	-0.0029987678914684605	0.0011315856017825642
0.004498153987965905	0.00899630797593181	-0.0044981539879659065	0.9955018460120341	-0.004498153987965904	0.004498153987965905	0.00899630797593181	-0.004498153987965906	-0.0044981539879659065	-0.004498153987965906	0.004525007424459842	0.00896944925939078	-0.0044981487079188125	-0.004498156138729115	-0.004498151837202691	0.001697378402673846
0.008996307975931811	0.017992615951863623	-0.008996307975931815	-0.008996307975931811	0.9910036920240677	0.008996307975931813	0.017992615951863626	-0.008996307975931813	-0.008996307975931815	-0.008996307975931815	0.009050014848919683	0.017938898518781558	-0.00899629741583763	-0.008996312277458231	-0.008996303674405385	0.0033947568053476927
-0.0014993846626553005	-0.002998769325310601	0.0014993846626553014	0.001499384662655301	0.0014993846626553012	0.9985006153373449	-0.002998769325310601	0.0014993846626553014	0.0014993846626553014	0.0014993846626553016	-0.0015083358081532806	-0.002989816419796928	0.0014993829026396053	0.0014993853795763719	0.0014993839457342298	-0.0005657928008912821
-0.0059975386506211995	-0.011995077301242399	0.005997538650621202	0.005997538650621201	0.005997538650621202	-0.005997538650621201	0.9880049226987575	0.005997538650621204	0.005997538650621205	0.005997538650621205	-0.006033343232613121	-0.011959265679187708	0.005997531610558421	0.005997541518305486	0.005997535782936919	-0.0022631712035651274
0.0029987693253106006	0.005997538650621201	-0.002998769325310602	-0.0029987693253106015	-0.002998769325310602	0.0029987693253106015	0.005997538650621201	0.9970012306746894	-0.0029987693253106028	-0.0029987693253106028	0.0030166716163065608	0.005979632839593856	-0.0029987658052792097	-0.002998770759152743	-0.0029987678914684605	0.0011315856017825642
0.0044981539879659065	0.008996307975931813	-0.004498153987965909	-0.004498153987965907	-0.004498153987965907	0.004498153987965908	0.008996307975931817	-0.004498153987965909	0.9955018460120348	-0.004498153987965907	0.004525007424459842	0.008969449259390784	-0.004498148707918815	-0.004498156138729116	-0.004498151837202692	0.0016973784026738466
0.008996307975931813	0.017992615951863626	-0.008996307975931817	-0.008996307975931813	-0.008996307975931815	0.008996307975931815	0.01799261595186363	-0.008996307975931817	-0.008996307975931817	0.9910036920240684	0.00905001484891968	0.01793889851878156	-0.008996297415837632	-0.008996312277458231	-0.008996303674405381	0.0033947568053476927
-0.0014951948300713793	-0.002990389660142758	0.0014951948300713795	0.0014951948300713797	0.00149519483007138	-0.0014951948300713795	-0.002990389660142758	0.0014951948300713795	0.00149519483007138	0.0014951948300713806	0.9673891117667666	0.028115918574709717	0.0015045799983809066	0.0014949974982603634	0.001495392161882396	-0.033621551968013336
-0.005632786511771689	-0.01126557302354338	0.005632786511771692	0.005632786511771691	0.005632786511771692	-0.005632786511771691	-0.01126557302354338	0.005632786511771693	0.005632786511771693	0.0056327865117716935	0.06824149688407019	0.9148586162706591	0.0056343138217270754	0.005632402081234953	0.00563317094230843	-0.06625477782228525
0.0029987692573101073	0.005997538514620215	-0.0029987692573101086	-0.0029987692573101078	-0.0029987692573101078	0.0029987692573101078	0.005997538514620215	-0.002998769257310108	-0.0029987692573101086	-0.002998769257310108	0.003035518045773143	0.005978461638352013	0.9969835588304947	-0.002998770792843706	-0.002998767721776512	0.0011150956847342662
0.004498178512896278	0.008996357025792554	-0.004498178512896278	-0.004498178512896276	-0.004498178512896277	0.004498178512896277	0.008996357025792552	-0.004498178512896278	-0.004498178512896278	-0.004498178512896277	0.00452549827284136	0.00896903186992492	-0.004498173116973724	0.9954965322735105	-0.004492889299303984	0.0016925830486509584
0.008996307923342701	0.017992615846685406	-0.008996307923342706	-0.008996307923342703	-0.008996307923342703	0.008996307923342703	0.017992615846685406	-0.008996307923342705	-0.008996307923342705	-0.008996307923342701	0.009050947319073402	0.017937965659131565	-0.008996297131519572	-0.00898573820347612	0.9909931223567908	0.003385145477456862
-0.004473304068159041	-0.00894660813631808	0.0044733040681590435	0.004473304068159042	0.004473304068159041	-0.004473304068159042	-0.008946608136318082	0.004473304068159043	0.004473304068159043	0.004473304068159042	-0.19103502967100677	0.17766485534573567	0.004423566188953147	0.004482691941216418	0.004463916195101663	0.7999569085189094