0.9991243042323891	-0.0017513915352210423	0.000875695767610521	0.0008756957676105207	0.0008756957676105213	-0.000875695767610521	-0.0017513915352210423	0.0008756957676105213	0.0008756957676105211	0.0008756957676105213	-0.0008786529174634639	-0.001748433674716235	0.0008756950569586558	0.0008756959316884498	0.0008756956035325927	-0.00036404693085042076
-0.003502783070442084	0.9929944338591162	0.0035027830704420842	0.0035027830704420834	0.0035027830704420855	-0.0035027830704420842	-0.00700556614088417	0.0035027830704420847	0.003502783070442084	0.0035027830704420847	-0.003514611669853854	-0.006993734698864939	0.0035027802278346236	0.0035027837267537984	0.00350278241413037	-0.001456187723401683
0.0017513915352210421	0.0035027830704420842	0.9982486084647788	-0.0017513915352210421	-0.0017513915352210432	0.0017513915352210423	0.0035027830704420855	-0.0017513915352210428	-0.0017513915352210423	-0.0017513915352210428	0.0017573058349269275	0.0034968673494324694	-0.001751390113917312	-0.0017513918633769	-0.0017513912070651859	0.0007280938617008417
0.002627087302831565	0.005254174605663132	-0.0026270873028315664	0.9973729126971679	-0.0026270873028315656	0.0026270873028315647	0.005254174605663131	-0.0026270873028315664	-0.0026270873028315643	-0.0026270873028315656	0.002635958752390393	0.005245301024148704	-0.0026270851708759682	-0.002627087795065349	-0.0026270868105977793	0.0010921407925512622
0.00525417460566313	0.010508349211326262	-0.005254174605663132	-0.005254174605663131	0.9947458253943372	0.005254174605663129	0.010508349211326262	-0.005254174605663132	-0.0052541746056631285	-0.00525417460566313	0.005271917504780787	0.010490602048297408	-0.005254170341751938	-0.005254175590130699	-0.0052541736211955585	0.0021842815851025256
-0.0008756957676105212	-0.0017513915352210423	0.0008756957676105212	0.0008756957676105212	0.0008756957676105216	0.9991243042323893	-0.001751391535221043	0.0008756957676105215	0.0008756957676105213	0.0008756957676105215	-0.0008786529174634639	-0.0017484336747162358	0.000875695056958656	0.0008756959316884499	0.0008756956035325929	-0.0003640469308504207
-0.0035027830704420834	-0.007005566140884167	0.0035027830704420834	0.0035027830704420834	0.003502783070442085	-0.003502783070442084	0.992994433859116	0.0035027830704420847	0.003502783070442084	0.0035027830704420847	-0.0035146116698538546	-0.006993734698864939	0.003502780227834622	0.003502783726753798	0.0035027824141303705	-0.0014561877234016822
0.0017513915352210425	0.003502783070442085	-0.0017513915352210425	-0.0017513915352210425	-0.0017513915352210434	0.0017513915352210428	0.0035027830704420855	0.9982486084647794	-0.0017513915352210425	-0.001751391535221043	0.001757305834926928	0.003496867349432471	-0.0017513901139173118	-0.0017513918633768996	-0.0017513912070651863	0.0007280938617008415
0.002627087302831565	0.005254174605663131	-0.002627087302831566	-0.0026270873028315656	-0.0026270873028315664	0.0026270873028315656	0.005254174605663131	-0.002627087302831567	0.9973729126971684	-0.002627087302831565	0.002635958752390393	0.005245301024148705	-0.0026270851708759687	-0.0026270877950653492	-0.0026270868105977784	0.001092140792551262
0.0052541746056631285	0.010508349211326259	-0.00525417460566313	-0.005254174605663129	-0.005254174605663132	0.005254174605663129	0.010508349211326259	-0.005254174605663132	-0.005254174605663129	0.9947458253943371	0.005271917504780785	0.010490602048297404	-0.0052541703417519365	-0.0052541755901306985	-0.005254173621195557	0.0021842815851025243
-0.00087464152868726	-0.0017492830573745198	0.00087464152868726	0.0008746415286872599	0.0008746415286872602	-0.0008746415286872601	-0.0017492830573745202	0.0008746415286872601	0.0008746415286872601	0.0008746415286872601	0.9777715512380175	0.019598153092837883	0.0008810126117699281	0.0008745662850235126	0.0008747167723510073	-0.02268526715670828
-0.003368424896880404	-0.006736849793760808	0.003368424896880404	0.003368424896880404	0.0033684248968804055	-0.0033684248968804047	-0.006736849793760809	0.0033684248968804047	0.0033684248968804047	0.0033684248968804047	0.04513891301538394	0.9447549646310169	0.003369272559838765	0.0033682770922535002	0.0033685727015073078	-0.04505700949545876
0.0017513915203931924	0.0035027830407863845	-0.0017513915203931924	-0.0017513915203931922	-0.0017513915203931933	0.0017513915203931924	0.0035027830407863853	-0.0017513915203931929	-0.0017513915203931929	-0.001751391520393193	0.0017700609326074216	0.003496243181927481	0.9982364789262519	-0.0017513918882142438	-0.0017513911525721423	0.0007166027186161417
0.002627095565441456	0.005254191130882913	-0.0026270955654414565	-0.0026270955654414557	-0.0026270955654414565	0.0026270955654414557	0.005254191130882912	-0.0026270955654414565	-0.002627095565441456	-0.0026270955654414557	0.002636157052167765	0.005245127463141815	-0.002627093384426674	0.9973698145099843	-0.0026240056408665807	0.0010892502997780266
0.00525417459724669	0.010508349194493382	-0.005254174597246691	-0.00525417459724669	-0.005254174597246692	0.00525417459724669	0.01050834919449338	-0.005254174597246691	-0.00525417459724669	-0.00525417459724669	0.005272297544527954	0.010490221885188673	-0.0052541702352232504	-0.005247996753472427	0.9947396475589788	0.0021784932559437307
-0.0026208698262951058	-0.005241739652590213	0.0026208698262951066	0.0026208698262951058	0.0026208698262951066	-0.0026208698262951058	-0.005241739652590212	0.0026208698262951066	0.002620869826295106	0.002620869826295106	-0.13066242388992566	0.1228343726462217	0.0025863115911137686	0.0026265966984580507	0.002615142954132162	0.8649739336462153