0.9988243071978932	-0.002351385604213305	0.0011756928021066527	0.0011756928021066531	0.001175692802106653	-0.0011756928021066522	-0.002351385604213305	0.001175692802106653	0.001175692802106653	0.0011756928021066531	-0.001181298711166406	-0.0023457784495634626	0.001175691556516561	0.0011756931718215826	0.0011756924323917243	-0.00046566702025004693
-0.004702771208426612	0.9905944575831462	0.004702771208426611	0.0047027712084266125	0.0047027712084266125	-0.004702771208426609	-0.00940554241685322	0.004702771208426611	0.004702771208426612	0.004702771208426612	-0.004725194844665627	-0.00938311379825385	0.0047027662260662444	0.0047027726872863294	0.004702769729566895	-0.001862668081000187
0.002351385604213306	0.004702771208426611	0.9976486143957864	-0.0023513856042133067	-0.0023513856042133067	0.002351385604213305	0.004702771208426611	-0.002351385604213306	-0.002351385604213306	-0.0023513856042133067	0.0023625974223328125	0.004691556899126924	-0.0023513831130331222	-0.002351386343643164	-0.002351384864783447	0.0009313340405000939
0.0035270784063199606	0.00705415681263992	-0.0035270784063199606	0.9964729215936803	-0.0035270784063199606	0.003527078406319959	0.007054156812639919	-0.0035270784063199606	-0.0035270784063199606	-0.00352707840631996	0.0035438961334992186	0.007037335348690386	-0.0035270746695496838	-0.003527079515464747	-0.003527077297175174	0.001397001060750141
0.007054156812639921	0.01410831362527984	-0.007054156812639921	-0.007054156812639921	0.9929458431873605	0.007054156812639919	0.014108313625279839	-0.007054156812639921	-0.007054156812639921	-0.00705415681263992	0.007087792266998436	0.014074670697380772	-0.007054149339099366	-0.007054159030929494	-0.007054154594350346	0.0027940021215002815
-0.0011756928021066533	-0.0023513856042133062	0.0011756928021066527	0.0011756928021066531	0.0011756928021066533	0.9988243071978925	-0.002351385604213306	0.0011756928021066531	0.001175692802106653	0.0011756928021066531	-0.0011812987111664063	-0.0023457784495634617	0.0011756915565165618	0.0011756931718215828	0.0011756924323917243	-0.000465667020250047
-0.004702771208426612	-0.009405542416853221	0.004702771208426609	0.004702771208426611	0.004702771208426612	-0.00470277120842661	0.9905944575831462	0.004702771208426612	0.004702771208426612	0.004702771208426612	-0.004725194844665624	-0.009383113798253849	0.004702766226066245	0.0047027726872863294	0.004702769729566896	-0.0018626680810001882
0.0023513856042133062	0.004702771208426612	-0.002351385604213305	-0.002351385604213306	-0.0023513856042133062	0.002351385604213305	0.004702771208426612	0.9976486143957867	-0.0023513856042133054	-0.0023513856042133054	0.002362597422332812	0.004691556899126924	-0.0023513831130331222	-0.0023513863436431647	-0.0023513848647834477	0.0009313340405000942
0.0035270784063199615	0.007054156812639922	-0.0035270784063199615	-0.003527078406319961	-0.0035270784063199615	0.00352707840631996	0.007054156812639921	-0.0035270784063199606	0.9964729215936798	-0.00352707840631996	0.0035438961334992186	0.007037335348690385	-0.003527074669549684	-0.003527079515464749	-0.003527077297175174	0.0013970010607501412
0.007054156812639921	0.01410831362527984	-0.007054156812639921	-0.007054156812639921	-0.007054156812639921	0.007054156812639919	0.014108313625279839	-0.0070541568126399196	-0.0070541568126399196	0.9929458431873605	0.007087792266998434	0.014074670697380767	-0.007054149339099365	-0.007054159030929492	-0.007054154594350343	0.002794002121500281
-0.0011734288350409747	-0.0023468576700819495	0.0011734288350409745	0.0011734288350409747	0.001173428835040975	-0.0011734288350409745	-0.0023468576700819495	0.0011734288350409745	0.0011734288350409747	0.0011734288350409747	0.9724655888457193	0.02400618623058346	0.0011813672536151484	0.0011733006664632918	0.0011735570036186577	-0.028272164005378027
-0.004470067002502733	-0.008940134005005465	0.004470067002502733	0.004470067002502733	0.004470067002502734	-0.004470067002502733	-0.008940134005005465	0.004470067002502733	0.0044700670025027344	0.004470067002502734	0.05692282771729281	0.929665761300521	0.004471276977180661	0.00446981632706789	0.004470317677937579	-0.055909681556755325
0.002351385568099817	0.004702771136199633	-0.002351385568099816	-0.0023513855680998173	-0.0023513855680998173	0.0023513855680998164	0.004702771136199634	-0.002351385568099817	-0.0023513855680998177	-0.002351385568099818	0.0023785077798034633	0.0046906517093592065	0.9976336116470372	-0.0023513863743048063	-0.0023513847618948287	0.0009172551590934383
0.003527093388396266	0.007054186776792531	-0.0035270933883962655	-0.0035270933883962655	-0.0035270933883962655	0.003527093388396264	0.007054186776792529	-0.003527093388396265	-0.003527093388396265	-0.0035270933883962655	0.0035442232691825877	0.007037053080174364	-0.003527089572564422	0.9964687586587474	-0.003522945435539734	0.0013931825676912657
0.007054156789339882	0.014108313578679763	-0.007054156789339882	-0.0070541567893398814	-0.007054156789339882	0.007054156789339881	0.014108313578679763	-0.007054156789339882	-0.007054156789339882	-0.007054156789339883	0.007088416486846226	0.014074046249523265	-0.007054149157689726	-0.007045865385084595	0.9929375518064045	0.002786352188538483
-0.003513680231818992	-0.0070273604636379855	0.0035136802318189927	0.0035136802318189927	0.0035136802318189927	-0.003513680231818992	-0.007027360463637984	0.0035136802318189927	0.0035136802318189927	0.0035136802318189927	-0.16157318542386764	0.1510745435040605	0.0034712814561690523	0.0035212037299151757	0.003506156733722811	0.8317551744624743