0.9979593324355674	-0.0040813351288660525	0.0020406675644330267	0.002040667564433027	0.0020406675644330263	-0.0020406675644330267	-0.0040813351288660525	0.0020406675644330263	0.002040667564433027	0.0020406675644330267	-0.0020551879096668163	-0.0040668128606255296	0.00204066564142629	0.0020406692089264024	0.0020406659199396515	-0.0007130853368505502
-0.008162670257732109	0.9836746594845355	0.008162670257732105	0.008162670257732109	0.008162670257732105	-0.008162670257732105	-0.01632534051546421	0.008162670257732105	0.008162670257732109	0.008162670257732109	-0.00822075163866726	-0.016267251442502104	0.008162662565705163	0.008162676835705606	0.008162663679758604	-0.0028523413474021994
0.0040813351288660525	0.008162670257732105	0.9959186648711342	-0.004081335128866054	-0.004081335128866052	0.0040813351288660525	0.008162670257732103	-0.004081335128866052	-0.004081335128866053	-0.0040813351288660525	0.004110375819333632	0.008133625721251056	-0.0040813312828525804	-0.004081338417852805	-0.004081331839879304	0.0014261706737010997
0.006122002693299078	0.012244005386598153	-0.006122002693299077	0.9938779973067012	-0.006122002693299076	0.006122002693299077	0.012244005386598152	-0.006122002693299077	-0.006122002693299079	-0.006122002693299076	0.006165563729000449	0.01220043858187658	-0.006121996924278868	-0.006122007626779207	-0.006121997759818954	0.0021392560105516502
0.012244005386598148	0.024488010773196296	-0.012244005386598148	-0.01224400538659815	0.987755994613402	0.012244005386598153	0.024488010773196307	-0.012244005386598153	-0.012244005386598157	-0.01224400538659815	0.012331127458000893	0.024400877163753155	-0.012243993848557736	-0.012244015253558409	-0.012243995519637906	0.0042785120211033
-0.002040667564433027	-0.004081335128866053	0.0020406675644330263	0.002040667564433027	0.0020406675644330267	0.997959332435567	-0.0040813351288660525	0.0020406675644330263	0.002040667564433027	0.0020406675644330267	-0.0020551879096668163	-0.004066812860625527	0.00204066564142629	0.002040669208926401	0.0020406659199396515	-0.0007130853368505501
-0.008162670257732107	-0.01632534051546421	0.008162670257732105	0.008162670257732109	0.008162670257732107	-0.008162670257732107	0.9836746594845357	0.008162670257732105	0.008162670257732109	0.008162670257732107	-0.008220751638667262	-0.016267251442502115	0.00816266256570516	0.008162676835705606	0.008162663679758608	-0.0028523413474021994
0.004081335128866053	0.008162670257732107	-0.0040813351288660525	-0.004081335128866054	-0.004081335128866053	0.004081335128866053	0.008162670257732105	0.9959186648711341	-0.004081335128866055	-0.004081335128866053	0.004110375819333631	0.008133625721251056	-0.00408133128285258	-0.004081338417852803	-0.004081331839879302	0.0014261706737011
0.006122002693299076	0.01224400538659815	-0.006122002693299075	-0.006122002693299077	-0.006122002693299075	0.006122002693299076	0.012244005386598155	-0.006122002693299078	0.9938779973067012	-0.0061220026932990775	0.0061655637290004475	0.01220043858187658	-0.00612199692427887	-0.006122007626779208	-0.006121997759818954	0.0021392560105516494
0.012244005386598152	0.024488010773196296	-0.01224400538659815	-0.012244005386598153	-0.01224400538659815	0.012244005386598152	0.024488010773196303	-0.012244005386598153	-0.012244005386598155	0.9877559946134018	0.012331127458000893	0.024400877163753158	-0.012243993848557736	-0.01224401525355841	-0.012243995519637904	0.0042785120211033005
-0.0020316730892180916	-0.004063346178436183	0.0020316730892180916	0.0020316730892180916	0.0020316730892180916	-0.0020316730892180916	-0.004063346178436183	0.002031673089218091	0.0020316730892180916	0.002031673089218092	0.9598426297245983	0.03405101284012502	0.0020430112568406225	0.0020313356952531276	0.0020320104831830573	-0.04150160273465485
-0.007520042050007941	-0.015040084100015881	0.007520042050007941	0.0075200420500079425	0.007520042050007941	-0.007520042050007941	-0.015040084100015878	0.007520042050007939	0.007520042050007941	0.007520042050007941	0.08472233859389014	0.892715718905158	0.007521858400935931	0.007519388143257168	0.007520695956758714	-0.08146777273210756
0.004081335012648762	0.008162670025297523	-0.0040813350126487615	-0.004081335012648762	-0.0040813350126487615	0.0040813350126487615	0.008162670025297523	-0.004081335012648762	-0.004081335012648764	-0.004081335012648764	0.004133272646923177	0.008132131030395626	0.9958972663479786	-0.004081338472928669	-0.004081331552368855	0.0014062062687679308
0.006122048618925088	0.012244097237850174	-0.006122048618925087	-0.006122048618925089	-0.006122048618925088	0.006122048618925088	0.012244097237850176	-0.006122048618925089	-0.006122048618925091	-0.006122048618925091	0.006166380620735695	0.012199759280892649	-0.006122042663778159	0.9938707547767258	-0.006114852014575532	0.002132876246535322
0.012244005243591403	0.0244880104871828	-0.012244005243591401	-0.012244005243591405	-0.012244005243591401	0.012244005243591403	0.024488010487182806	-0.012244005243591405	-0.012244005243591406	-0.012244005243591406	0.012332669003450486	0.02439933481704912	-0.012243993333316792	-0.012229631958525992	0.9877416214713428	0.004265715484992057
-0.00606854089519617	-0.012137081790392341	0.006068540895196169	0.006068540895196171	0.006068540895196171	-0.006068540895196172	-0.012137081790392345	0.006068540895196172	0.006068540895196173	0.006068540895196172	-0.2346509968353086	0.21650575571103045	0.0060081593338858295	0.006080894737264238	0.006056187053128105	0.7531149035303778