0.9997978708408195	-0.0004042583183612033	0.00020212915918060164	0.00020212915918060162	0.00020212915918060164	-0.00020212915918060164	-0.00040425831836120324	0.00020212915918060162	0.00020212915918060164	0.00020212915918060164	-0.00020219361479477594	-0.0004041938453899404	0.0002021291418235132	0.00020212916165016664	0.00020212915671103654	-0.00009599565275137948
-0.0008085166367224066	0.9983829667265557	0.0008085166367224065	0.0008085166367224063	0.0008085166367224063	-0.0008085166367224064	-0.0016170332734448125	0.0008085166367224064	0.0008085166367224063	0.0008085166367224063	-0.0008087744591791041	-0.0016167753815597614	0.000808516567294053	0.0008085166466006666	0.0008085166268441465	-0.0003839826110055179
0.0004042583183612033	0.0008085166367224064	0.9995957416816386	-0.00040425831836120324	-0.00040425831836120324	0.0004042583183612033	0.0008085166367224064	-0.0004042583183612032	-0.0004042583183612032	-0.0004042583183612032	0.00040438722958955204	0.0008083876907798809	-0.00040425828364702644	-0.0004042583233003333	-0.0004042583134220731	0.00019199130550275889
0.0006063874775418049	0.0012127749550836097	-0.000606387477541805	0.9993936125224577	-0.0006063874775418048	0.0006063874775418048	0.0012127749550836099	-0.0006063874775418049	-0.0006063874775418047	-0.0006063874775418049	0.0006065808443843278	0.001212581536169822	-0.0006063874254705398	-0.0006063874849504999	-0.0006063874701331094	0.0002879869582541382
0.0012127749550836097	0.002425549910167219	-0.0012127749550836099	-0.0012127749550836094	0.9987872250449161	0.0012127749550836094	0.002425549910167219	-0.0012127749550836097	-0.0012127749550836092	-0.0012127749550836094	0.0012131616887686558	0.0024251630723396427	-0.0012127748509410795	-0.001212774969901	-0.0012127749402662195	0.0005759739165082764
-0.0002021291591806017	-0.0004042583183612033	0.00020212915918060167	0.00020212915918060167	0.00020212915918060162	0.9997978708408193	-0.00040425831836120324	0.00020212915918060162	0.00020212915918060164	0.00020212915918060164	-0.00020219361479477602	-0.00040419384538994046	0.0002021291418235132	0.00020212916165016662	0.00020212915671103654	-0.00009599565275137944
-0.0008085166367224068	-0.0016170332734448132	0.0008085166367224067	0.0008085166367224067	0.0008085166367224065	-0.0008085166367224067	0.9983829667265554	0.0008085166367224067	0.0008085166367224067	0.0008085166367224068	-0.0008087744591791042	-0.001616775381559762	0.000808516567294053	0.0008085166466006666	0.0008085166268441462	-0.00038398261100551793
0.0004042583183612034	0.0008085166367224066	-0.00040425831836120334	-0.00040425831836120334	-0.00040425831836120324	0.00040425831836120334	0.0008085166367224065	0.9995957416816388	-0.00040425831836120334	-0.00040425831836120334	0.000404387229589552	0.000808387690779881	-0.00040425828364702644	-0.0004042583233003333	-0.0004042583134220732	0.0001919913055027589
0.0006063874775418047	0.0012127749550836092	-0.0006063874775418048	-0.0006063874775418046	-0.0006063874775418046	0.0006063874775418048	0.0012127749550836092	-0.0006063874775418048	0.9993936125224581	-0.0006063874775418048	0.0006065808443843278	0.001212581536169822	-0.0006063874254705398	-0.0006063874849504998	-0.0006063874701331099	0.00028798695825413826
0.0012127749550836099	0.0024255499101672193	-0.00121277495508361	-0.0012127749550836097	-0.0012127749550836097	0.00121277495508361	0.0024255499101672193	-0.00121277495508361	-0.0012127749550836099	0.9987872250449163	0.0012131616887686558	0.0024251630723396435	-0.00121277485094108	-0.0012127749699009996	-0.0012127749402662197	0.0005759739165082768
-0.00020211067576737218	-0.00040422135153474426	0.00020211067576737216	0.00020211067576737216	0.00020211067576737213	-0.00020211067576737216	-0.00040422135153474426	0.00020211067576737216	0.00020211067576737218	0.00020211067576737216	0.9934952958388014	0.005896587344416594	0.00020389546524743213	0.0002021060005939694	0.00020211535094077484	-0.006480614902448225
-0.000800479145475619	-0.0016009582909512375	0.000800479145475619	0.000800479145475619	0.0008004791454756186	-0.0008004791454756187	-0.001600958290951237	0.0008004791454756186	0.0008004791454756187	0.0008004791454756185	0.01229377783475606	0.9853047069627932	0.0008005569114994701	0.000800469843160591	0.0008004884477906457	-0.013063771192559257
0.00040425831828498247	0.0008085166365699647	-0.0004042583182849824	-0.00040425831828498247	-0.00040425831828498236	0.0004042583182849824	0.0008085166365699647	-0.0004042583182849824	-0.0004042583182849825	-0.0004042583182849824	0.0004079569758297666	0.0008083317633476444	0.9995922278973927	-0.00040425832577380296	-0.0004042583107961617	0.0001885338926332927
0.0006063879119632431	0.001212775823926486	-0.0006063879119632431	-0.0006063879119632429	-0.0006063879119632429	0.0006063879119632431	0.001212775823926486	-0.0006063879119632432	-0.0006063879119632431	-0.000606387911963243	0.0006065946028299131	0.001212569077372588	-0.0006063878562760156	0.9993928986437645	-0.0006056744676912152	0.00028728717626889797
0.001212774955047722	0.002425549910095444	-0.001212774955047722	-0.0012127749550477215	-0.0012127749550477217	0.001212774955047722	0.002425549910095444	-0.001212774955047722	-0.0012127749550477217	-0.0012127749550477215	0.0012131883366326246	0.0024251364171361247	-0.001212774843673307	-0.0012113480981482264	0.9987857981880527	0.0005745739335103546
-0.0006062831801768657	-0.0012125663603537312	0.0006062831801768657	0.0006062831801768655	0.0006062831801768655	-0.0006062831801768657	-0.001212566360353731	0.0006062831801768656	0.0006062831801768656	0.0006062831801768656	-0.03840060816893198	0.03659213285550603	0.000595908953072219	0.0006076819934111714	0.0006048843669425596	0.9614028266959812