0.9995631893631342	-0.0008736212737312283	0.00043681063686561416	0.0004368106368656141	0.0004368106368656141	-0.0004368106368656142	-0.0008736212737312283	0.0004368106368656141	0.0004368106368656141	0.00043681063686561405	-0.00043734038795291733	-0.0008730913846722573	0.0004368104988939466	0.00043681065991488954	0.0004368106138163385	-0.00019699391714766428
-0.001747242547462457	0.9965055149050751	0.0017472425474624566	0.0017472425474624566	0.0017472425474624566	-0.0017472425474624569	-0.0034944850949249137	0.0017472425474624566	0.0017472425474624566	0.0017472425474624564	-0.00174936155181167	-0.003492365538689028	0.0017472419955757862	0.0017472426396595584	0.001747242455265354	-0.0007879756685906571
0.0008736212737312279	0.0017472425474624558	0.9991263787262685	-0.0008736212737312281	-0.0008736212737312281	0.0008736212737312282	0.0017472425474624562	-0.000873621273731228	-0.000873621273731228	-0.0008736212737312279	0.0008746807759058347	0.0017461827693445143	-0.0008736209977878929	-0.0008736213198297792	-0.0008736212276326771	0.0003939878342953286
0.0013104319105968433	0.002620863821193686	-0.001310431910596843	0.9986895680894027	-0.0013104319105968418	0.0013104319105968426	0.0026208638211936844	-0.0013104319105968424	-0.0013104319105968424	-0.0013104319105968418	0.001312021163858752	0.002619274154016772	-0.0013104314966818397	-0.0013104319797446688	-0.001310431841449015	0.0005909817514429927
0.0026208638211936866	0.005241727642387372	-0.002620863821193686	-0.0026208638211936853	0.9973791361788064	0.0026208638211936857	0.00524172764238737	-0.0026208638211936853	-0.0026208638211936853	-0.0026208638211936844	0.0026240423277175047	0.005238548308033544	-0.0026208629933636794	-0.0026208639594893384	-0.002620863682898031	0.0011819635028859857
-0.00043681063686561416	-0.0008736212737312283	0.00043681063686561416	0.0004368106368656141	0.0004368106368656141	0.9995631893631344	-0.0008736212737312283	0.0004368106368656141	0.00043681063686561405	0.00043681063686561405	-0.0004373403879529173	-0.0008730913846722574	0.0004368104988939467	0.0004368106599148898	0.00043681061381633856	-0.0001969939171476643
-0.0017472425474624566	-0.003494485094924914	0.0017472425474624566	0.0017472425474624564	0.0017472425474624564	-0.001747242547462457	0.9965055149050751	0.0017472425474624562	0.0017472425474624564	0.0017472425474624562	-0.0017493615518116693	-0.0034923655386890277	0.001747241995575786	0.0017472426396595584	0.001747242455265354	-0.0007879756685906569
0.0008736212737312281	0.0017472425474624562	-0.0008736212737312281	-0.000873621273731228	-0.000873621273731228	0.0008736212737312282	0.0017472425474624562	0.9991263787262683	-0.000873621273731228	-0.000873621273731228	0.0008746807759058344	0.0017461827693445139	-0.0008736209977878929	-0.0008736213198297793	-0.000873621227632677	0.00039398783429532835
0.001310431910596843	0.0026208638211936857	-0.0013104319105968429	-0.0013104319105968424	-0.0013104319105968424	0.0013104319105968426	0.002620863821193684	-0.0013104319105968424	0.9986895680894029	-0.0013104319105968418	0.0013120211638587525	0.0026192741540167716	-0.0013104314966818395	-0.0013104319797446686	-0.0013104318414490154	0.0005909817514429927
0.0026208638211936875	0.005241727642387374	-0.002620863821193687	-0.002620863821193686	-0.002620863821193686	0.0026208638211936866	0.0052417276423873714	-0.002620863821193686	-0.0026208638211936857	0.9973791361788064	0.002624042327717505	0.005238548308033546	-0.002620862993363679	-0.0026208639594893384	-0.002620863682898031	0.0011819635028859857
-0.0004366496851003992	-0.0008732993702007984	0.0004366496851003992	0.0004366496851003991	0.0004366496851003991	-0.00043664968510039926	-0.0008732993702007984	0.0004366496851003991	0.0004366496851003991	0.00043664968510039905	0.9871944780534051	0.01149198727074526	0.0004402353056485414	0.0004366290934607975	0.00043667027674000093	-0.012889004081436846
-0.001711365940189218	-0.003422731880378436	0.001711365940189218	0.001711365940189218	0.0017113659401892182	-0.0017113659401892182	-0.0034227318803784364	0.0017113659401892182	0.0017113659401892184	0.0017113659401892182	0.024960188069928245	0.969905415311493	0.0017116647382000572	0.001711325173646154	0.0017114067067322827	-0.025824787440485695
0.0008736212723693404	0.0017472425447386804	-0.0008736212723693404	-0.0008736212723693404	-0.0008736212723693402	0.0008736212723693404	0.0017472425447386808	-0.0008736212723693402	-0.0008736212723693402	-0.0008736212723693402	0.0008818536237048438	0.0017459662890951027	0.9991194226319384	-0.000873621329550121	-0.0008736212151885598	0.0003872515760583931
0.0013104339488115404	0.0026208678976230803	-0.0013104339488115404	-0.00131043394881154	-0.00131043394881154	0.0013104339488115401	0.00262086789762308	-0.00131043394881154	-0.0013104339488115401	-0.0013104339488115397	0.0013120790565166868	0.002619222361128716	-0.0013104335200223231	0.9986880244495036	-0.0013088923471263826	0.0005894979872653059
0.00262086382051946	0.005241727641038918	-0.00262086382051946	-0.002620863820519458	-0.0026208638205194586	0.00262086382051946	0.005241727641038917	-0.002620863820519459	-0.0026208638205194586	-0.002620863820519458	0.0026241540334493727	0.005238436570531211	-0.0026208629629416646	-0.00261778090300122	0.9973760532619623	0.0011789940717425416
-0.0013094954133479053	-0.00261899082669581	0.001309495413347905	0.0013094954133479044	0.0013094954133479044	-0.0013094954133479049	-0.0026189908266958085	0.0013094954133479044	0.0013094954133479042	0.001309495413347904	-0.07547954917446884	0.07157128740880006	0.0012892709389729848	0.0013124548498815959	0.0013065359768142132	0.9232537100884151