0.997997377521821	-0.004005244956358656	0.0020026224781793294	0.0020026224781793294	0.0020026224781793294	-0.0020026224781793307	-0.004005244956358659	0.0020026224781793294	0.0020026224781793302	0.0020026224781793302	-0.002016782232473797	-0.00399108324642847	0.002002620522543606	0.002002624041742049	0.002002620914616611	-0.0007035335985734174
-0.008010489912717316	0.9839790201745645	0.008010489912717316	0.008010489912717316	0.008010489912717314	-0.00801048991271732	-0.016020979825434628	0.008010489912717314	0.008010489912717318	0.008010489912717316	-0.008067128929895187	-0.015964332985713876	0.008010482090174423	0.00801049616696819	0.008010483658466449	-0.002814134394293669
0.004005244956358659	0.008010489912717312	0.9959947550436419	-0.004005244956358659	-0.004005244956358658	0.00400524495635866	0.008010489912717316	-0.004005244956358658	-0.00400524495635866	-0.004005244956358659	0.0040335644649475925	0.007982166492856936	-0.004005241045087212	-0.004005248083484097	-0.004005241829233223	0.0014070671971468346
0.006007867434537986	0.012015734869075968	-0.006007867434537986	0.993992132565462	-0.006007867434537987	0.006007867434537988	0.012015734869075971	-0.006007867434537985	-0.006007867434537986	-0.006007867434537986	0.006050346697421386	0.011973249739285407	-0.006007861567630816	-0.006007872125226144	-0.006007862743849832	0.0021106007957202525
0.012015734869075975	0.02403146973815194	-0.012015734869075975	-0.012015734869075971	0.9879842651309243	0.012015734869075975	0.024031469738151942	-0.01201573486907597	-0.012015734869075975	-0.012015734869075975	0.012100693394842776	0.02394649947857082	-0.012015723135261636	-0.012015744250452287	-0.012015725487699665	0.004221201591440503
-0.002002622478179329	-0.004005244956358655	0.0020026224781793285	0.002002622478179328	0.0020026224781793285	0.9979973775218213	-0.004005244956358658	0.002002622478179329	0.0020026224781793294	0.002002622478179329	-0.0020167822324737962	-0.003991083246428469	0.0020026205225436057	0.002002624041742049	0.0020026209146166117	-0.0007035335985734175
-0.008010489912717314	-0.01602097982543462	0.008010489912717312	0.008010489912717312	0.008010489912717312	-0.008010489912717312	0.9839790201745653	0.008010489912717314	0.008010489912717318	0.008010489912717316	-0.008067128929895187	-0.01596433298571387	0.008010482090174423	0.008010496166968197	0.008010483658466445	-0.002814134394293669
0.00400524495635866	0.008010489912717314	-0.004005244956358659	-0.004005244956358658	-0.004005244956358659	0.004005244956358659	0.008010489912717316	0.9959947550436411	-0.004005244956358659	-0.004005244956358658	0.004033564464947593	0.007982166492856938	-0.0040052410450872105	-0.004005248083484096	-0.0040052418292332225	0.0014070671971468344
0.006007867434537986	0.012015734869075971	-0.006007867434537986	-0.006007867434537986	-0.006007867434537987	0.006007867434537989	0.012015734869075973	-0.006007867434537986	0.9939921325654623	-0.006007867434537987	0.006050346697421387	0.011973249739285409	-0.006007861567630818	-0.0060078721252261455	-0.006007862743849835	0.0021106007957202525
0.01201573486907597	0.02403146973815193	-0.01201573486907597	-0.012015734869075968	-0.012015734869075971	0.012015734869075973	0.02403146973815194	-0.012015734869075968	-0.01201573486907597	0.987984265130924	0.012100693394842769	0.02394649947857081	-0.012015723135261634	-0.012015744250452286	-0.012015725487699665	0.004221201591440503
-0.0019940349969771935	-0.003988069993954387	0.001994034996977194	0.001994034996977194	0.001994034996977194	-0.0019940349969771944	-0.003988069993954388	0.001994034996977194	0.0019940349969771944	0.001994034996977194	0.9603455932809782	0.033661084004344505	0.0020052527207226507	0.001993708367329014	0.0019943616266253753	-0.040980724194722526
-0.007389676824665788	-0.014779353649331573	0.007389676824665787	0.007389676824665788	0.007389676824665788	-0.00738967682466579	-0.014779353649331577	0.007389676824665787	0.007389676824665787	0.007389676824665787	0.08364508752902193	0.8941840750748233	0.007391483746823347	0.007389043581858383	0.007390310067473202	-0.08046202585561948
0.004005244842200707	0.008010489684401415	-0.004005244842200707	-0.004005244842200707	-0.004005244842200707	0.004005244842200708	0.008010489684401415	-0.004005244842200707	-0.004005244842200709	-0.004005244842200707	0.004056206480562416	0.007980689346563895	0.9959735938572751	-0.004005248135308588	-0.004005241549092833	0.0013873307864987797
0.006007911629669613	0.01201582325933922	-0.006007911629669612	-0.006007911629669611	-0.006007911629669612	0.006007911629669613	0.012015823259339224	-0.006007911629669611	-0.006007911629669613	-0.006007911629669612	0.006051138587210189	0.011972590254038872	-0.006007905581909846	0.9939850257770726	-0.006000849036411825	0.002104330508084688
0.012015734734440554	0.024031469468881104	-0.012015734734440554	-0.012015734734440552	-0.012015734734440554	0.012015734734440555	0.024031469468881107	-0.012015734734440552	-0.012015734734440554	-0.012015734734440552	0.012102188413826265	0.0239450036939967	-0.01201572263894187	-0.01200162849360034	0.9879701590247201	0.004208625298749414
-0.0059568306980935576	-0.011913661396187112	0.0059568306980935576	0.005956830698093557	0.0059568306980935576	-0.00595683069809356	-0.011913661396187115	0.005956830698093557	0.0059568306980935576	0.0059568306980935576	-0.2317498649179795	0.21393905334151808	0.0058971501802744155	0.005968981839495248	0.005944679556691869	0.7562117579634501