0.9995324947042354	-0.000935010591528638	0.000467505295764319	0.00046750529576431886	0.0004675052957643188	-0.000467505295764319	-0.000935010591528638	0.00046750529576431886	0.00046750529576431896	0.00046750529576431886	-0.000468137915073595	-0.0009343778082350243	0.00046750513177998125	0.000467505323753671	0.00046750526777496697	-0.00020952084016026182
-0.0018700211830572763	0.9962599576338859	0.0018700211830572763	0.001870021183057276	0.0018700211830572759	-0.0018700211830572765	-0.003740042366114553	0.0018700211830572759	0.0018700211830572763	0.001870021183057276	-0.0018725516602943796	-0.0037375112329400967	0.001870020527119925	0.0018700212950146845	0.0018700210710998683	-0.0008380833606410472
0.0009350105915286383	0.0018700211830572765	0.9990649894084713	-0.000935010591528638	-0.0009350105915286379	0.0009350105915286383	0.0018700211830572765	-0.0009350105915286379	-0.0009350105915286381	-0.000935010591528638	0.0009362758301471901	0.001868755616470049	-0.0009350102635599627	-0.0009350106475073423	-0.000935010535549934	0.0004190416803205237
0.0014025158872929583	0.002805031774585917	-0.0014025158872929583	0.9985974841127071	-0.0014025158872929577	0.0014025158872929577	0.002805031774585916	-0.0014025158872929577	-0.001402515887292958	-0.0014025158872929579	0.0014044137452207859	0.0028031334247050734	-0.0014025153953399433	-0.0014025159712610137	-0.0014025158033249012	0.0006285625204807854
0.002805031774585915	0.005610063549171831	-0.002805031774585915	-0.002805031774585915	0.9971949682254136	0.002805031774585914	0.00561006354917183	-0.002805031774585914	-0.002805031774585915	-0.0028050317745859144	0.002808827490441571	0.005606266849410144	-0.0028050307906798866	-0.0028050319425220274	-0.002805031606649801	0.0012571250409615707
-0.0004675052957643191	-0.0009350105915286383	0.00046750529576431907	0.0004675052957643191	0.000467505295764319	0.9995324947042359	-0.0009350105915286381	0.0004675052957643189	0.00046750529576431907	0.000467505295764319	-0.0004681379150735951	-0.0009343778082350244	0.00046750513177998135	0.00046750532375367123	0.000467505267774967	-0.00020952084016026185
-0.0018700211830572759	-0.0037400423661145517	0.0018700211830572756	0.0018700211830572759	0.0018700211830572754	-0.0018700211830572763	0.9962599576338859	0.0018700211830572756	0.0018700211830572763	0.0018700211830572759	-0.0018725516602943802	-0.003737511232940098	0.001870020527119925	0.0018700212950146847	0.0018700210710998683	-0.0008380833606410473
0.0009350105915286378	0.0018700211830572756	-0.0009350105915286377	-0.0009350105915286378	-0.0009350105915286375	0.000935010591528638	0.0018700211830572756	0.9990649894084712	-0.0009350105915286379	-0.0009350105915286378	0.00093627583014719	0.0018687556164700486	-0.0009350102635599625	-0.0009350106475073422	-0.0009350105355499339	0.00041904168032052354
0.0014025158872929579	0.002805031774585916	-0.0014025158872929579	-0.0014025158872929579	-0.0014025158872929577	0.0014025158872929579	0.002805031774585916	-0.0014025158872929577	0.9985974841127074	-0.001402515887292957	0.0014044137452207854	0.0028031334247050725	-0.0014025153953399435	-0.0014025159712610135	-0.001402515803324901	0.0006285625204807856
0.002805031774585915	0.005610063549171831	-0.002805031774585915	-0.002805031774585915	-0.0028050317745859144	0.002805031774585915	0.005610063549171831	-0.0028050317745859144	-0.0028050317745859136	0.997194968225414	0.0028088274904415705	0.005606266849410145	-0.002805030790679887	-0.002805031942522026	-0.0028050316066498015	0.001257125040961571
-0.00046731116579328084	-0.0009346223315865616	0.00046731116579328073	0.0004673111657932808	0.0004673111657932807	-0.0004673111657932809	-0.0009346223315865616	0.0004673111657932807	0.00046731116579328073	0.0004673111657932807	0.9864481897819153	0.012146073625758726	0.0004711142607395366	0.00046728774826405845	0.0004673345833225029	-0.01365628817220998
-0.0018291502986496947	-0.003658300597299389	0.0018291502986496945	0.0018291502986496945	0.0018291502986496943	-0.0018291502986496947	-0.003658300597299389	0.0018291502986496943	0.0018291502986496943	0.0018291502986496943	0.02650830283367813	0.9680039124288867	0.0018294841401359139	0.001829103965798853	0.0018291966315005356	-0.027342534175484615
0.0009350105897889781	0.001870021179577956	-0.000935010589788978	-0.0009350105897889781	-0.0009350105897889779	0.0009350105897889781	0.0018700211795779562	-0.0009350105897889779	-0.0009350105897889779	-0.0009350105897889778	0.0009438839776871771	0.001868513508759112	0.9990576236931317	-0.0009350106583505248	-0.0009350105212274306	0.0004119220259931647
0.0014025182234321263	0.0028050364468642525	-0.0014025182234321263	-0.0014025182234321263	-0.001402518223432126	0.001402518223432126	0.0028050364468642525	-0.001402518223432126	-0.0014025182234321263	-0.001402518223432126	0.0014044792323553556	0.002803074929209865	-0.0014025177147009682	0.9985958318706849	-0.0014008683175491057	0.0006269780824471912
0.0028050317737178714	0.0056100635474357445	-0.002805031773717872	-0.002805031773717872	-0.0028050317737178714	0.0028050317737178714	0.005610063547435743	-0.002805031773717871	-0.002805031773717871	-0.002805031773717871	0.00280895378840992	0.005606140515282187	-0.002805030756256364	-0.0028017323084147806	0.9971916687609791	0.0012539539924124612
-0.0014013843523001106	-0.0028027687046002217	0.0014013843523001106	0.0014013843523001108	0.0014013843523001106	-0.0014013843523001106	-0.0028027687046002217	0.0014013843523001106	0.0014013843523001106	0.0014013843523001104	-0.07986244833062067	0.07567967290738546	0.0013800067186349886	0.0014045433960407948	0.0013982253085594264	0.9186873513431422