0.9998411886705847	-0.00031762265883072976	0.00015881132941536496	0.00015881132941536493	0.0001588113294153649	-0.00015881132941536485	-0.00031762265883072976	0.00015881132941536485	0.00015881132941536485	0.00015881132941536485	-0.0001588438329644255	-0.0003175901464785451	0.00015881132061224072	0.00015881133063190472	0.0001588113281988251	-0.00007621255338227899
-0.0006352453176614596	0.9987295093646769	0.0006352453176614597	0.0006352453176614597	0.0006352453176614596	-0.0006352453176614594	-0.001270490635322919	0.0006352453176614596	0.0006352453176614596	0.0006352453176614596	-0.000635375331857702	-0.0012703605859141803	0.0006352452824489629	0.0006352453225276186	0.0006352453127953004	-0.00030485021352911606
0.00031762265883072987	0.0006352453176614598	0.9996823773411696	-0.0003176226588307298	-0.0003176226588307298	0.0003176226588307297	0.0006352453176614595	-0.00031762265883072976	-0.00031762265883072976	-0.0003176226588307298	0.0003176876659288509	0.0006351802929570897	-0.00031762264122448154	-0.0003176226612638094	-0.00031762265639765014	0.00015242510676455803
0.00047643398824609483	0.0009528679764921898	-0.00047643398824609483	0.999523566011754	-0.00047643398824609483	0.0004764339882460948	0.0009528679764921897	-0.0004764339882460948	-0.0004764339882460947	-0.0004764339882460948	0.00047653149889327666	0.0009527704394356353	-0.0004764339618367224	-0.0004764339918957141	-0.00047643398459647543	0.000228637660146837
0.0009528679764921896	0.0019057359529843793	-0.0009528679764921896	-0.0009528679764921896	0.9990471320235078	0.0009528679764921896	0.0019057359529843795	-0.0009528679764921897	-0.0009528679764921896	-0.0009528679764921896	0.0009530629977865532	0.0019055408788712707	-0.0009528679236734448	-0.0009528679837914283	-0.0009528679691929512	0.00045727532029367417
-0.0001588113294153649	-0.00031762265883072987	0.0001588113294153649	0.00015881132941536488	0.00015881132941536488	0.9998411886705844	-0.00031762265883072976	0.00015881132941536488	0.0001588113294153649	0.0001588113294153649	-0.0001588438329644255	-0.000317590146478545	0.00015881132061224072	0.0001588113306319047	0.00015881132819882507	-0.00007621255338227897
-0.0006352453176614597	-0.0012704906353229197	0.0006352453176614597	0.0006352453176614596	0.0006352453176614596	-0.0006352453176614595	0.9987295093646771	0.0006352453176614595	0.0006352453176614596	0.0006352453176614596	-0.000635375331857702	-0.00127036058591418	0.0006352452824489631	0.0006352453225276189	0.0006352453127953003	-0.000304850213529116
0.0003176226588307299	0.00063524531766146	-0.0003176226588307299	-0.00031762265883072987	-0.00031762265883072987	0.0003176226588307298	0.0006352453176614597	0.9996823773411692	-0.00031762265883072965	-0.00031762265883072976	0.00031768766592885094	0.0006351802929570897	-0.00031762264122448143	-0.0003176226612638094	-0.0003176226563976501	0.000152425106764558
0.0004764339882460948	0.0009528679764921897	-0.0004764339882460948	-0.0004764339882460948	-0.0004764339882460948	0.00047643398824609467	0.0009528679764921896	-0.0004764339882460947	0.9995235660117536	-0.00047643398824609483	0.00047653149889327666	0.0009527704394356353	-0.00047643396183672237	-0.00047643399189571407	-0.0004764339845964755	0.00022863766014683708
0.0009528679764921897	0.0019057359529843795	-0.0009528679764921897	-0.0009528679764921897	-0.0009528679764921897	0.0009528679764921893	0.0019057359529843793	-0.0009528679764921896	-0.0009528679764921898	0.999047132023508	0.0009530629977865534	0.0019055408788712707	-0.0009528679236734448	-0.0009528679837914281	-0.0009528679691929512	0.00045727532029367417
-0.00015880201772095064	-0.0003176040354419014	0.0001588020177209507	0.00015880201772095064	0.00015880201772095067	-0.00015880201772095062	-0.0003176040354419013	0.00015880201772095064	0.00015880201772095064	0.00015880201772095064	0.9947927545827384	0.004729416792799391	0.0001602245890203657	0.0001587990982396537	0.00015880493720224752	-0.0051769707350670735
-0.0006302386559193514	-0.0012604773118387027	0.0006302386559193514	0.0006302386559193513	0.0006302386559193513	-0.000630238655919351	-0.0012604773118387025	0.0006302386559193511	0.0006302386559193511	0.0006302386559193511	0.009777994181398434	0.9883312400305044	0.0006302884762583398	0.000630232841142761	0.000630244470695941	-0.010448797081252124
0.0003176226588006797	0.0006352453176013596	-0.0003176226588006798	-0.0003176226588006798	-0.0003176226588006798	0.00031762265880067963	0.0006352453176013594	-0.0003176226588006797	-0.0003176226588006797	-0.0003176226588006797	0.00032053288841716167	0.000635144513210209	0.9996795679159741	-0.0003176226628301725	-0.00031762265477118697	0.0001496516876782153
0.0004764342561896443	0.0009528685123792887	-0.00047643425618964434	-0.0004764342561896443	-0.0004764342561896443	0.0004764342561896442	0.0009528685123792886	-0.0004764342561896442	-0.00047643425618964423	-0.00047643425618964423	0.0004765401723360265	0.0009527625675338496	-0.0004764342274905876	0.9995230051825805	-0.00047587369495978154	0.00022808570036520962
0.000952867976478127	0.0019057359529562545	-0.000952867976478127	-0.0009528679764781269	-0.0009528679764781269	0.0009528679764781267	0.0019057359529562538	-0.0009528679764781268	-0.000952867976478127	-0.0009528679764781271	0.0009530798087106363	0.0019055240633256475	-0.0009528679190800298	-0.0009517468698608793	0.9990460109169048	0.0004561711405377684
-0.00047638223870747893	-0.000952764477414958	0.000476382238707479	0.000476382238707479	0.000476382238707479	-0.0004763822387074789	-0.0009527644774149579	0.0004763822387074789	0.00047638223870747893	0.00047638223870747893	-0.03075011452355004	0.029329289075715716	0.00046806097041936803	0.0004774858320699075	0.00047527864534505033	0.9691656638453792