0.9977382088845349	-0.0045235822309301265	0.0022617911154650637	0.0022617911154650633	0.0022617911154650637	-0.002261791115465063	-0.004523582230930127	0.002261791115465063	0.002261791115465063	0.0022617911154650633	-0.0022782492225412575	-0.004507122562160982	0.0022617895537721147	0.0022617932816026633	0.0022617889493274654	-0.0007662117090938665
-0.00904716446186025	0.9819056710762791	0.009047164461860253	0.009047164461860253	0.009047164461860253	-0.009047164461860251	-0.018094328923720503	0.00904716446186025	0.009047164461860251	0.009047164461860253	-0.009112996890165023	-0.018028490248643926	0.009047158215088457	0.00904717312641065	0.009047155797309858	-0.003064846836375466
0.004523582230930126	0.00904716446186025	0.9954764177690703	-0.0045235822309301265	-0.0045235822309301265	0.004523582230930126	0.009047164461860253	-0.004523582230930125	-0.0045235822309301265	-0.0045235822309301265	0.004556498445082513	0.009014245124321965	-0.004523579107544228	-0.004523586563205327	-0.004523577898654928	0.0015324234181877327
0.006785373346395189	0.01357074669279038	-0.006785373346395193	0.9932146266536049	-0.006785373346395193	0.006785373346395191	0.01357074669279038	-0.006785373346395191	-0.006785373346395191	-0.006785373346395193	0.006834747667623773	0.013521367686482951	-0.006785368661316341	-0.006785379844807987	-0.006785366847982396	0.0022986351272815987
0.013570746692790379	0.02714149338558076	-0.013570746692790384	-0.01357074669279038	0.9864292533072095	0.01357074669279038	0.027141493385580754	-0.01357074669279038	-0.01357074669279038	-0.013570746692790384	0.013669495335247544	0.027042735372965896	-0.01357073732263268	-0.01357075968961597	-0.01357073369596479	0.004597270254563195
-0.0022617911154650633	-0.004523582230930127	0.0022617911154650637	0.0022617911154650637	0.0022617911154650637	0.9977382088845346	-0.004523582230930127	0.0022617911154650633	0.0022617911154650633	0.0022617911154650637	-0.0022782492225412575	-0.0045071225621609815	0.002261789553772114	0.0022617932816026633	0.0022617889493274645	-0.000766211709093866
-0.009047164461860248	-0.0180943289237205	0.009047164461860251	0.00904716446186025	0.009047164461860251	-0.009047164461860248	0.981905671076279	0.009047164461860251	0.009047164461860253	0.009047164461860255	-0.009112996890165025	-0.018028490248643923	0.009047158215088455	0.009047173126410646	0.009047155797309856	-0.003064846836375464
0.004523582230930125	0.009047164461860251	-0.004523582230930126	-0.004523582230930126	-0.0045235822309301265	0.004523582230930125	0.009047164461860251	0.9954764177690697	-0.004523582230930127	-0.004523582230930128	0.004556498445082514	0.009014245124321965	-0.004523579107544229	-0.0045235865632053274	-0.00452357789865493	0.0015324234181877327
0.006785373346395192	0.013570746692790384	-0.006785373346395195	-0.006785373346395193	-0.006785373346395194	0.006785373346395192	0.013570746692790384	-0.006785373346395195	0.9932146266536047	-0.006785373346395192	0.0068347476676237735	0.013521367686482951	-0.00678536866131634	-0.006785379844807987	-0.006785366847982397	0.002298635127281598
0.013570746692790382	0.027141493385580768	-0.01357074669279039	-0.013570746692790384	-0.013570746692790386	0.013570746692790382	0.027141493385580764	-0.013570746692790387	-0.013570746692790384	0.9864292533072097	0.01366949533524755	0.02704273537296591	-0.013570737322632682	-0.013570759689615975	-0.013570733695964794	0.0045972702545631966
-0.0022502088181368305	-0.004500417636273662	0.002250208818136831	0.002250208818136831	0.0022502088181368314	-0.002250208818136831	-0.004500417636273663	0.0022502088181368314	0.002250208818136831	0.0022502088181368314	0.956980361104953	0.03625701959549004	0.002262201663283301	0.0022498062752984416	0.002250611360975222	-0.044451797499285864
-0.008270963775342153	-0.01654192755068431	0.008270963775342153	0.008270963775342153	0.008270963775342153	-0.008270963775342153	-0.016541927550684305	0.008270963775342153	0.008270963775342153	0.008270963775342154	0.09078488168744825	0.8844003893519728	0.008272801409894967	0.008270184924864057	0.008271742625820252	-0.0871659772414306
0.00452358211058737	0.009047164221174743	-0.004523582110587371	-0.004523582110587371	-0.004523582110587372	0.004523582110587371	0.009047164221174743	-0.004523582110587372	-0.004523582110587372	-0.0045235821105873725	0.004580798983356283	0.009012663296260395	0.9954537019415577	-0.0045235866461947796	-0.0045235775749799655	0.001511169470510029
0.0067854300177221626	0.013570860035444325	-0.006785430017722164	-0.006785430017722162	-0.006785430017722163	0.006785430017722162	0.013570860035444322	-0.0067854300177221626	-0.0067854300177221626	-0.006785430017722165	0.0068357161162570105	0.01352056903405027	-0.006785425114862952	0.9932065946833535	-0.006777454718797897	0.002291624554888256
0.013570746494095256	0.027141492988190512	-0.01357074649409526	-0.013570746494095256	-0.013570746494095258	0.013570746494095256	0.02714149298819051	-0.01357074649409526	-0.013570746494095256	-0.013570746494095261	0.013671318405292465	0.027040911271278296	-0.013570736688380226	-0.013554822121382714	0.986413329133192	0.0045832042049994
-0.006716487987784221	-0.013432975975568445	0.0067164879877842235	0.0067164879877842235	0.0067164879877842235	-0.0067164879877842235	-0.013432975975568442	0.0067164879877842235	0.0067164879877842235	0.006716487987784224	-0.2511474501675161	0.2310623400421908	0.006652134149756776	0.006730003586543599	0.006702972389024845	0.7355717690256757