0.9994440144189928	-0.0011119711620142104	0.0005559855810071053	0.0005559855810071051	0.0005559855810071053	-0.0005559855810071051	-0.0011119711620142107	0.0005559855810071055	0.0005559855810071053	0.0005559855810071053	-0.0005569726582365816	-0.001110983832545418	0.0005559853287677889	0.0005559856268450488	0.0005559855351691614	-0.0002448530589591949
-0.00222394232402842	0.9955521153519432	0.002223942324028421	0.0022239423240284204	0.0022239423240284213	-0.0022239423240284204	-0.004447884648056843	0.0022239423240284213	0.0022239423240284217	0.0022239423240284213	-0.0022278906329463257	-0.004443935330181673	0.0022239413150711568	0.002223942507380196	0.002223942140676646	-0.0009794122358367792
0.0011119711620142102	0.0022239423240284204	0.9988880288379858	-0.0011119711620142102	-0.0011119711620142107	0.0011119711620142102	0.0022239423240284213	-0.001111971162014211	-0.0011119711620142109	-0.0011119711620142109	0.0011139453164731629	0.002221967665090836	-0.0011119706575355784	-0.0011119712536900972	-0.0011119710703383226	0.0004897061179183897
0.0016679567430213154	0.0033359134860426313	-0.0016679567430213159	0.9983320432569786	-0.001667956743021316	0.0016679567430213159	0.0033359134860426326	-0.0016679567430213159	-0.001667956743021316	-0.0016679567430213159	0.0016709179747097446	0.003332951497636253	-0.0016679559863033671	-0.001667956880535147	-0.0016679566055074846	0.0007345591768775845
0.0033359134860426317	0.006671826972085264	-0.0033359134860426326	-0.0033359134860426317	0.9966640865139575	0.0033359134860426317	0.006671826972085265	-0.0033359134860426317	-0.003335913486042632	-0.0033359134860426317	0.0033418359494194897	0.006665902995272508	-0.003335911972606735	-0.0033359137610702947	-0.0033359132110149688	0.0014691183537551694
-0.0005559855810071053	-0.0011119711620142107	0.0005559855810071053	0.0005559855810071054	0.0005559855810071054	0.9994440144189928	-0.0011119711620142104	0.0005559855810071053	0.0005559855810071052	0.0005559855810071052	-0.0005569726582365815	-0.0011109838325454183	0.0005559853287677893	0.000555985626845049	0.0005559855351691613	-0.00024485305895919485
-0.0022239423240284213	-0.004447884648056843	0.0022239423240284213	0.0022239423240284217	0.0022239423240284217	-0.0022239423240284217	0.9955521153519434	0.0022239423240284213	0.002223942324028421	0.0022239423240284213	-0.002227890632946326	-0.004443935330181673	0.0022239413150711576	0.002223942507380195	0.0022239421406766457	-0.0009794122358367794
0.0011119711620142104	0.002223942324028421	-0.0011119711620142104	-0.0011119711620142107	-0.0011119711620142107	0.0011119711620142107	0.002223942324028421	0.9988880288379859	-0.0011119711620142102	-0.00111197116201421	0.0011139453164731626	0.0022219676650908357	-0.0011119706575355782	-0.001111971253690098	-0.0011119710703383228	0.0004897061179183896
0.001667956743021316	0.0033359134860426326	-0.0016679567430213165	-0.0016679567430213163	-0.0016679567430213165	0.0016679567430213163	0.0033359134860426326	-0.0016679567430213163	0.998332043256979	-0.0016679567430213165	0.0016709179747097453	0.003332951497636255	-0.001667955986303368	-0.0016679568805351471	-0.001667956605507485	0.0007345591768775848
0.0033359134860426313	0.0066718269720852635	-0.0033359134860426326	-0.0033359134860426317	-0.0033359134860426326	0.0033359134860426317	0.0066718269720852635	-0.0033359134860426317	-0.003335913486042633	0.9966640865139573	0.00334183594941949	0.006665902995272508	-0.0033359119726067356	-0.0033359137610702947	-0.003335913211014969	0.0014691183537551692
-0.0005556734322097323	-0.0011113468644194644	0.0005556734322097323	0.0005556734322097324	0.0005556734322097324	-0.0005556734322097326	-0.0011113468644194649	0.0005556734322097326	0.0005556734322097328	0.0005556734322097324	0.9843814335128758	0.013947137011633326	0.0005600826110715071	0.000555640977568791	0.0005557058868506737	-0.01578971162260196
-0.0021670160286784944	-0.004334032057356988	0.002167016028678494	0.0021670160286784944	0.0021670160286784944	-0.002167016028678495	-0.00433403205735699	0.0021670160286784952	0.0021670160286784952	0.002167016028678495	0.030845153257387712	0.9626533589594107	0.0021674557258443286	0.0021669519246444754	0.002167080132712516	-0.03155175603690215
0.00111197115879515	0.0022239423175903	-0.00111197115879515	-0.00111197115879515	-0.00111197115879515	0.0011119711587951504	0.0022239423175903	-0.0011119711587951504	-0.0011119711587951504	-0.0011119711587951504	0.0011227669267516826	0.0022216478570576534	0.9988795275337812	-0.0011119712678316124	-0.001111971049758688	0.00048153052999490406
0.0016679600528679216	0.0033359201057358433	-0.0016679600528679216	-0.0016679600528679216	-0.001667960052867922	0.0016679600528679216	0.003335920105735843	-0.0016679600528679216	-0.0016679600528679219	-0.0016679600528679216	0.0016710074151218787	0.00333287196403033	-0.0016679592734163665	0.9983300778595724	-0.0016659979653081693	0.0007326866582031844
0.0033359134843972994	0.006671826968794599	-0.0033359134843972994	-0.0033359134843972994	-0.0033359134843973003	0.0033359134843973	0.0066718269687946	-0.0033359134843973	-0.0033359134843973007	-0.0033359134843973007	0.00334200820312777	0.006665730691162481	-0.00333591192549565	-0.003331989874243903	0.9966601629054495	0.0014653702713190635
-0.0016661300190782017	-0.0033322600381564035	0.0016661300190782015	0.0016661300190782017	0.0016661300190782024	-0.0016661300190782024	-0.003332260038156404	0.0016661300190782024	0.0016661300190782026	0.0016661300190782026	-0.09198972719649737	0.08701589273446729	0.0016415744238736036	0.0016698590383314729	0.001662400999824931	0.9059921286859592