0.9986887097289376	-0.0026225805421233326	0.001311290271061666	0.0013112902710616667	0.001311290271061667	-0.0013112902710616656	-0.002622580542123334	0.0013112902710616667	0.0013112902710616667	0.001311290271061667	-0.0013182603586656485	-0.002615608974302418	0.0013112887908447335	0.0013112907691885526	0.0013112897729347798	-0.0005087546833231515
-0.005245161084246664	0.9895096778315066	0.005245161084246667	0.005245161084246669	0.0052451610842466695	-0.005245161084246664	-0.010490322168493337	0.005245161084246668	0.005245161084246668	0.005245161084246668	-0.005273041434662596	-0.01046243589720968	0.005245155163378937	0.0052451630767542156	0.005245159091739122	-0.0020350187332926076
0.002622580542123332	0.005245161084246667	0.9973774194578762	-0.0026225805421233334	-0.002622580542123334	0.0026225805421233313	0.005245161084246668	-0.0026225805421233334	-0.0026225805421233334	-0.002622580542123334	0.0026365207173312975	0.005231217948604839	-0.0026225775816894684	-0.0026225815383771065	-0.0026225795458695595	0.0010175093666463034
0.003933870813185002	0.007867741626370007	-0.003933870813185003	0.996066129186815	-0.003933870813185002	0.003933870813184999	0.007867741626370005	-0.003933870813185001	-0.003933870813185	-0.003933870813185001	0.003954781075996945	0.007846826922907257	-0.003933866372534201	-0.003933872307565662	-0.00393386931880434	0.001526264049969454
0.007867741626370004	0.015735483252740014	-0.007867741626370005	-0.007867741626370005	0.9921322583736304	0.007867741626369999	0.015735483252740014	-0.007867741626370004	-0.007867741626370002	-0.007867741626370004	0.007909562151993892	0.01569365384581452	-0.007867732745068402	-0.007867744615131326	-0.007867738637608684	0.00305252809993891
-0.0013112902710616658	-0.002622580542123333	0.001311290271061666	0.001311290271061666	0.0013112902710616667	0.9986887097289375	-0.0026225805421233334	0.0013112902710616667	0.0013112902710616665	0.0013112902710616667	-0.0013182603586656485	-0.002615608974302418	0.0013112887908447337	0.001311290769188553	0.0013112897729347802	-0.0005087546833231517
-0.005245161084246665	-0.010490322168493334	0.005245161084246665	0.005245161084246665	0.005245161084246667	-0.005245161084246666	0.9895096778315073	0.005245161084246668	0.005245161084246668	0.005245161084246668	-0.005273041434662596	-0.010462435897209675	0.005245155163378937	0.005245163076754214	0.005245159091739122	-0.002035018733292607
0.0026225805421233317	0.005245161084246666	-0.002622580542123332	-0.002622580542123332	-0.002622580542123333	0.002622580542123332	0.005245161084246666	0.9973774194578767	-0.0026225805421233326	-0.002622580542123333	0.0026365207173312966	0.005231217948604835	-0.0026225775816894675	-0.002622581538377106	-0.00262257954586956	0.0010175093666463036
0.003933870813185	0.007867741626370004	-0.003933870813185001	-0.003933870813185001	-0.003933870813185001	0.003933870813185	0.007867741626370004	-0.003933870813185	0.996066129186815	-0.003933870813185001	0.003954781075996946	0.007846826922907255	-0.003933866372534202	-0.003933872307565663	-0.003933869318804342	0.0015262640499694544
0.007867741626370002	0.01573548325274001	-0.007867741626370004	-0.007867741626370004	-0.007867741626370004	0.007867741626370002	0.01573548325274001	-0.007867741626370002	-0.007867741626370005	0.9921322583736303	0.007909562151993893	0.015693653845814514	-0.007867732745068403	-0.007867744615131324	-0.007867738637608684	0.00305252809993891
-0.0013083009437201522	-0.002616601887440306	0.0013083009437201527	0.0013083009437201527	0.001308300943720153	-0.0013083009437201522	-0.0026166018874403062	0.0013083009437201527	0.001308300943720153	0.0013083009437201527	0.970271362475167	0.025795161767692414	0.001316873869700134	0.0013081452396133896	0.0013084566478269168	-0.030586173197918003
-0.004960333434328735	-0.009920666868657474	0.004960333434328735	0.004960333434328735	0.004960333434328737	-0.004960333434328735	-0.009920666868657474	0.004960333434328735	0.004960333434328736	0.004960333434328737	0.06182240454355348	0.9232952409199001	0.004961687667888715	0.004960029432692323	0.004960637435965148	-0.06038857258189887
0.002622580493437642	0.005245160986875287	-0.0026225804934376425	-0.002622580493437643	-0.002622580493437643	0.0026225804934376425	0.005245160986875288	-0.002622580493437643	-0.002622580493437643	-0.002622580493437643	0.0026537148441133735	0.00523019547162445	0.9973612506711377	-0.002622581570425371	-0.0026225794164499152	0.001002380586578432
0.003933889500675951	0.007867779001351905	-0.003933889500675952	-0.0039338895006759515	-0.0039338895006759515	0.003933889500675951	0.007867779001351905	-0.003933889500675951	-0.0039338895006759515	-0.003933889500675951	0.003955173827066337	0.007846490140340018	-0.003933884966054454	0.9960614844155893	-0.0039292634169412035	0.0015220334618587653
0.007867741592693135	0.01573548318538628	-0.007867741592693139	-0.007867741592693139	-0.007867741592693137	0.007867741592693135	0.015735483185386277	-0.007867741592693135	-0.007867741592693139	-0.007867741592693137	0.007910310158343944	0.015692905550509745	-0.007867732523467423	-0.007858495483037686	0.9921230122976517	0.0030440509638530342
-0.003916161403004329	-0.007832322806008664	0.00391616140300433	0.00391616140300433	0.00391616140300433	-0.003916161403004329	-0.007832322806008662	0.003916161403004329	0.00391616140300433	0.003916161403004329	-0.17432071731403148	0.1626178233628897	0.003870571145132993	0.003924474777444898	0.003907848028563761	0.8179993980185115