0.9990267326019017	-0.0019465347961960704	0.0009732673980980351	0.0009732673980980343	0.0009732673980980348	-0.0009732673980980346	-0.00194653479619607	0.0009732673980980348	0.0009732673980980346	0.000973267398098035	-0.0009770159450588722	-0.0019427853686980836	0.000973266517560885	0.0009732676179590112	0.0009732671782370593	-0.000398096269949889
-0.0038930695923921396	0.9922138608152159	0.003893069592392141	0.0038930695923921387	0.0038930695923921404	-0.0038930695923921396	-0.007786139184784283	0.003893069592392141	0.0038930695923921396	0.0038930695923921413	-0.003908063780235493	-0.007771141474792338	0.0038930660702435416	0.0038930704718360466	0.003893068712948239	-0.0015923850797995567
0.0019465347961960696	0.00389306959239214	0.9980534652038038	-0.0019465347961960687	-0.0019465347961960696	0.0019465347961960691	0.00389306959239214	-0.0019465347961960696	-0.0019465347961960696	-0.0019465347961960704	0.001954031890117746	0.0038855707373961676	-0.001946533035121769	-0.0019465352359180229	-0.0019465343564741176	0.000796192539899778
0.0029198021942941034	0.00583960438858821	-0.0029198021942941047	0.9970801978057054	-0.002919802194294105	0.002919802194294105	0.005839604388588212	-0.0029198021942941047	-0.0029198021942941047	-0.002919802194294106	0.002931047835176619	0.0058283561060942495	-0.0029197995526826555	-0.002919802853877035	-0.002919801534711179	0.0011942888098496669
0.005839604388588207	0.011679208777176419	-0.005839604388588209	-0.0058396043885882085	0.9941603956114115	0.005839604388588209	0.011679208777176424	-0.005839604388588209	-0.005839604388588208	-0.005839604388588211	0.0058620956703532385	0.011656712212188496	-0.00583959910536531	-0.005839605707754069	-0.005839603069422356	0.0023885776196993337
-0.000973267398098035	-0.0019465347961960704	0.0009732673980980352	0.0009732673980980348	0.0009732673980980354	0.9990267326019019	-0.0019465347961960704	0.0009732673980980348	0.0009732673980980348	0.0009732673980980352	-0.0009770159450588729	-0.0019427853686980832	0.0009732665175608851	0.0009732676179590115	0.0009732671782370594	-0.0003980962699498892
-0.0038930695923921404	-0.007786139184784283	0.0038930695923921413	0.0038930695923921396	0.003893069592392142	-0.0038930695923921413	0.992213860815216	0.0038930695923921413	0.0038930695923921413	0.003893069592392143	-0.0039080637802354915	-0.0077711414747923336	0.003893066070243541	0.0038930704718360466	0.003893068712948238	-0.0015923850797995565
0.0019465347961960698	0.0038930695923921404	-0.0019465347961960702	-0.0019465347961960693	-0.0019465347961960706	0.0019465347961960702	0.003893069592392142	0.9980534652038036	-0.0019465347961960693	-0.0019465347961960702	0.0019540318901177457	0.0038855707373961663	-0.0019465330351217697	-0.0019465352359180226	-0.0019465343564741189	0.0007961925398997782
0.0029198021942941034	0.00583960438858821	-0.0029198021942941047	-0.0029198021942941042	-0.0029198021942941047	0.0029198021942941042	0.005839604388588212	-0.002919802194294105	0.9970801978057057	-0.0029198021942941055	0.0029310478351766193	0.00582835610609425	-0.0029197995526826564	-0.002919802853877035	-0.0029198015347111786	0.0011942888098496673
0.005839604388588208	0.011679208777176419	-0.005839604388588209	-0.0058396043885882085	-0.005839604388588209	0.0058396043885882085	0.011679208777176422	-0.00583960438858821	-0.005839604388588209	0.9941603956114119	0.0058620956703532385	0.011656712212188504	-0.005839599105365312	-0.005839605707754071	-0.005839603069422356	0.002388577619699334
-0.0009718774278381526	-0.001943754855676306	0.000971877427838153	0.0009718774278381526	0.0009718774278381533	-0.000971877427838153	-0.001943754855676307	0.0009718774278381533	0.000971877427838153	0.0009718774278381537	0.9759673343065249	0.021110126159444055	0.0009787846783551085	0.0009717862381388011	0.0009719686175375061	-0.024581939807577134
-0.0037293522486745094	-0.00745870449734902	0.00372935224867451	0.003729352248674509	0.0037293522486745107	-0.0037293522486745094	-0.0074587044973490205	0.0037293522486745107	0.0037293522486745094	0.0037293522486745116	0.04912644990171802	0.9396845228921985	0.0037303227087350558	0.003729173388030203	0.003729531109318822	-0.048748750007888045
0.0019465347755513267	0.003893069551102655	-0.0019465347755513271	-0.0019465347755513267	-0.0019465347755513276	0.0019465347755513271	0.003893069551102656	-0.0019465347755513276	-0.0019465347755513267	-0.0019465347755513271	0.001967864485032048	0.0038848528685615524	0.9980403521975084	-0.00194653526315196	-0.0019465342879506958	0.0007838138020154075
0.002919812420402551	0.005839624840805103	-0.0029198124204025512	-0.0029198124204025512	-0.0029198124204025517	0.0029198124204025512	0.005839624840805104	-0.002919812420402552	-0.0029198124204025517	-0.0029198124204025525	0.0029312854427828374	0.005828149118485996	-0.002919809720463728	0.9970767535103291	-0.0029163783511339946	0.0011910938749702335
0.005839604376414402	0.011679208752828808	-0.005839604376414404	-0.005839604376414403	-0.005839604376414404	0.005839604376414403	0.011679208752828811	-0.005839604376414406	-0.005839604376414403	-0.005839604376414405	0.005862550384751495	0.011656257344622351	-0.005839598976545032	-0.0058327389210348895	0.9941535301682062	0.0023821787471793136
-0.0029115935913485162	-0.005823187182697034	0.0029115935913485167	0.002911593591348517	0.0029115935913485175	-0.002911593591348517	-0.005823187182697037	0.0029115935913485184	0.0029115935913485167	0.0029115935913485184	-0.14118679442628554	0.13248925738031495	0.0028743498632735286	0.0029179125656888087	0.002905274617008228	0.8536953098338722