0.9995758279594495	-0.0008483440811005785	0.00042417204055028926	0.00042417204055028937	0.00042417204055028937	-0.0004241720405502894	-0.0008483440811005786	0.0004241720405502893	0.0004241720405502894	0.0004241720405502894	-0.0004246624187606968	-0.0008478535749272965	0.00042417191258741415	0.00042417206174019255	0.0004241720193603864	-0.00019179371325811628
-0.0016966881622011577	0.9966066236755976	0.001696688162201158	0.001696688162201158	0.001696688162201158	-0.0016966881622011583	-0.0033933763244023154	0.0016966881622011577	0.001696688162201158	0.0016966881622011581	-0.0016986496750427866	-0.0033914142997091856	0.0016966876503496568	0.0016966882469607702	0.0016966880774415456	-0.0007671748530324653
0.0008483440811005787	0.0016966881622011573	0.9991516559188993	-0.0008483440811005791	-0.000848344081100579	0.0008483440811005792	0.0016966881622011577	-0.0008483440811005788	-0.0008483440811005791	-0.0008483440811005791	0.0008493248375213934	0.0016957071498545932	-0.0008483438251748282	-0.0008483441234803853	-0.0008483440387207729	0.00038358742651623266
0.0012725161216508676	0.002545032243301736	-0.001272516121650868	0.9987274838783492	-0.0012725161216508684	0.0012725161216508682	0.002545032243301737	-0.0012725161216508684	-0.0012725161216508684	-0.001272516121650868	0.0012739872562820907	0.00254356072478189	-0.0012725157377622435	-0.0012725161852205778	-0.0012725160580811588	0.0005753811397743492
0.0025450322433017347	0.005090064486603471	-0.0025450322433017356	-0.0025450322433017364	0.9974549677566982	0.0025450322433017364	0.005090064486603474	-0.002545032243301737	-0.002545032243301737	-0.0025450322433017364	0.002547974512564181	0.0050871214495637794	-0.002545031475524486	-0.0025450323704411548	-0.0025450321161623185	0.0011507622795486987
-0.0004241720405502895	-0.0008483440811005788	0.00042417204055028953	0.00042417204055028964	0.00042417204055028953	0.99957582795945	-0.0008483440811005788	0.00042417204055028953	0.00042417204055028953	0.0004241720405502896	-0.0004246624187606969	-0.0008478535749272964	0.00042417191258741415	0.0004241720617401926	0.0004241720193603864	-0.00019179371325811628
-0.0016966881622011575	-0.0033933763244023145	0.0016966881622011577	0.0016966881622011581	0.0016966881622011577	-0.001696688162201158	0.9966066236755974	0.0016966881622011577	0.001696688162201158	0.001696688162201158	-0.0016986496750427866	-0.0033914142997091856	0.0016966876503496568	0.0016966882469607702	0.0016966880774415454	-0.0007671748530324651
0.0008483440811005791	0.001696688162201158	-0.0008483440811005792	-0.0008483440811005794	-0.0008483440811005792	0.0008483440811005793	0.0016966881622011581	0.9991516559188993	-0.0008483440811005792	-0.0008483440811005792	0.0008493248375213936	0.001695707149854593	-0.0008483438251748283	-0.0008483441234803854	-0.0008483440387207728	0.00038358742651623277
0.0012725161216508678	0.0025450322433017364	-0.0012725161216508682	-0.0012725161216508686	-0.0012725161216508682	0.0012725161216508682	0.002545032243301736	-0.0012725161216508682	0.998727483878349	-0.001272516121650868	0.0012739872562820905	0.0025435607247818884	-0.0012725157377622425	-0.0012725161852205778	-0.001272516058081159	0.000575381139774349
0.0025450322433017356	0.005090064486603473	-0.0025450322433017364	-0.0025450322433017373	-0.0025450322433017364	0.0025450322433017364	0.005090064486603472	-0.0025450322433017364	-0.0025450322433017364	0.9974549677566982	0.002547974512564181	0.005087121449563779	-0.0025450314755244854	-0.0025450323704411556	-0.0025450321161623185	0.0011507622795486987
-0.00042402364833008514	-0.0008480472966601703	0.0004240236483300852	0.00042402364833008524	0.0004240236483300852	-0.00042402364833008524	-0.0008480472966601704	0.0004240236483300853	0.0004240236483300853	0.00042402364833008524	0.9875064357022948	0.011217998403055358	0.00042751859798923137	0.00042400417267561606	0.0004240431239845543	-0.012568769129975406
-0.0016627801521126248	-0.003325560304225249	0.001662780152112625	0.001662780152112625	0.0016627801521126248	-0.001662780152112625	-0.003325560304225249	0.001662780152112625	0.0016627801521126254	0.001662780152112625	0.02431595553395091	0.9706954193361854	0.0016630648256389699	0.0016627415851500334	0.0016628187190752177	-0.025190714207569975
0.00084834407987619	0.0016966881597523797	-0.00084834407987619	-0.0008483440798761903	-0.00084834407987619	0.0008483440798761901	0.00169668815975238	-0.0008483440798761903	-0.0008483440798761904	-0.0008483440798761903	0.0008563162122061026	0.0016955009858293153	0.9991448709617171	-0.0008483441327446392	-0.0008483440270077411	0.0003770117566616767
0.001272518043147522	0.0025450360862950445	-0.0012725180431475225	-0.0012725180431475231	-0.0012725180431475225	0.0012725180431475227	0.002545036086295045	-0.0012725180431475231	-0.0012725180431475227	-0.0012725180431475225	0.0012740421340347787	0.002543511597403081	-0.0012725176451428147	0.9987259849504928	-0.0012710210367880858	0.0005739389435393788
0.0025450322426974945	0.005090064485394989	-0.0025450322426974945	-0.002545032242697495	-0.002545032242697495	0.0025450322426974945	0.005090064485394989	-0.0025450322426974945	-0.0025450322426974954	-0.0025450322426974945	0.002548080422237623	0.005087015509846024	-0.002545031446688657	-0.002542038492996013	0.9974519740076012	0.0011478760903462033
-0.001271653390911656	-0.0025433067818233126	0.0012716533909116563	0.0012716533909116565	0.0012716533909116563	-0.001271653390911656	-0.0025433067818233118	0.001271653390911656	0.001271653390911656	0.0012716533909116559	-0.07364685597593315	0.0698516373716008	0.0012519118225089985	0.001274530349984173	0.00126877643183914	0.9251596158307122