0.998281667011822	-0.0034366659763565115	0.0017183329881782564	0.0017183329881782562	0.0017183329881782564	-0.0017183329881782562	-0.0034366659763565128	0.0017183329881782564	0.0017183329881782566	0.0017183329881782564	-0.0017296161662403058	-0.003425380828968907	0.001718331018852701	0.0017183340242282442	0.001718331952128269	-0.0006283387249416135
-0.006873331952713024	0.9862533360945731	0.006873331952713025	0.0068733319527130255	0.0068733319527130255	-0.006873331952713025	-0.013746663905426051	0.006873331952713025	0.0068733319527130255	0.006873331952713025	-0.006918464664961224	-0.013701523315875624	0.006873324075410803	0.006873336096912974	0.006873327808513075	-0.002513354899766452
0.0034366659763565128	0.0068733319527130255	0.9965633340236434	-0.0034366659763565128	-0.0034366659763565128	0.0034366659763565128	0.0068733319527130255	-0.0034366659763565128	-0.003436665976356513	-0.0034366659763565128	0.0034592323324806116	0.006850761657937812	-0.0034366620377054022	-0.003436668048456488	-0.003436663904256538	0.0012566774498832267
0.005154998964534769	0.010309997929069536	-0.005154998964534768	0.9948450010354649	-0.00515499896453477	0.00515499896453477	0.010309997929069541	-0.00515499896453477	-0.005154998964534771	-0.00515499896453477	0.005188848498720916	0.010276142486906724	-0.0051549930565581	-0.005155002072684731	-0.005154995856384809	0.0018850161748248401
0.010309997929069538	0.020619995858139072	-0.010309997929069536	-0.010309997929069534	0.9896900020709305	0.01030999792906954	0.020619995858139083	-0.010309997929069538	-0.01030999792906954	-0.010309997929069538	0.010377696997441833	0.020552284973813444	-0.0103099861131162	-0.01031000414536946	-0.010309991712769619	0.0037700323496496803
-0.0017183329881782566	-0.0034366659763565128	0.0017183329881782566	0.0017183329881782566	0.0017183329881782566	0.998281667011822	-0.003436665976356513	0.0017183329881782566	0.0017183329881782568	0.0017183329881782566	-0.0017296161662403056	-0.003425380828968907	0.0017183310188527005	0.001718334024228244	0.001718331952128269	-0.0006283387249416132
-0.0068733319527130255	-0.01374666390542605	0.006873331952713026	0.006873331952713026	0.0068733319527130255	-0.0068733319527130255	0.9862533360945737	0.0068733319527130255	0.006873331952713026	0.006873331952713026	-0.006918464664961223	-0.013701523315875626	0.006873324075410803	0.006873336096912975	0.006873327808513075	-0.002513354899766452
0.003436665976356512	0.006873331952713023	-0.0034366659763565128	-0.0034366659763565128	-0.003436665976356512	0.003436665976356512	0.0068733319527130255	0.9965633340236433	-0.0034366659763565128	-0.0034366659763565123	0.0034592323324806103	0.006850761657937811	-0.0034366620377054	-0.003436668048456487	-0.0034366639042565377	0.001256677449883226
0.005154998964534769	0.010309997929069538	-0.005154998964534768	-0.005154998964534767	-0.005154998964534769	0.005154998964534771	0.010309997929069541	-0.005154998964534768	0.9948450010354652	-0.005154998964534769	0.005188848498720916	0.010276142486906725	-0.005154993056558101	-0.005155002072684731	-0.005154995856384809	0.0018850161748248401
0.01030999792906954	0.020619995858139076	-0.010309997929069538	-0.010309997929069536	-0.01030999792906954	0.010309997929069541	0.020619995858139083	-0.010309997929069538	-0.010309997929069538	0.9896900020709304	0.010377696997441833	0.020552284973813447	-0.010309986113116206	-0.010310004145369462	-0.01030999171276962	0.0037700323496496803
-0.0017124489333300698	-0.00342489786666014	0.0017124489333300702	0.0017124489333300704	0.00171244893333007	-0.00171244893333007	-0.003424897866660141	0.0017124489333300702	0.0017124489333300702	0.0017124489333300707	0.964223791557231	0.03062862193524231	0.001722688640866531	0.0017121984238230616	0.0017126994428370808	-0.03694201372434356
-0.00640464113919255	-0.0128092822783851	0.006404641139192552	0.00640464113919255	0.00640464113919255	-0.00640464113919255	-0.012809282278385101	0.006404641139192551	0.006404641139192551	0.006404641139192553	0.07522900843747408	0.9055553845722004	0.006406324711940282	0.006404154222795553	0.006405128055589554	-0.07266566440951182
0.003436665885571159	0.006873331771142318	-0.00343666588557116	-0.0034366658855711596	-0.0034366658855711596	0.0034366658855711596	0.006873331771142322	-0.0034366658855711604	-0.0034366658855711604	-0.003436665885571161	0.0034798333260856267	0.006849440395711202	0.9965440580493451	-0.0034366680859303452	-0.0034366636852119744	0.0012387153655148606
0.005155031316578531	0.010310062633157062	-0.005155031316578531	-0.005155031316578531	-0.005155031316578532	0.005155031316578532	0.010310062633157063	-0.005155031316578531	-0.005155031316578531	-0.005155031316578532	0.005189463517975887	0.010275624380742749	-0.005155025265561571	0.994838907750751	-0.005148970383907898	0.001879572865065952
0.01030999784691412	0.020619995693828243	-0.010309997846914123	-0.010309997846914122	-0.010309997846914122	0.010309997846914122	0.020619995693828247	-0.01030999784691412	-0.010309997846914122	-0.010309997846914125	0.010378862077525261	0.020551119361208226	-0.010309985744905239	-0.010297888550089007	0.9896778928562611	0.003759119001671027
-0.005120064700091654	-0.010240129400183307	0.0051200647000916545	0.005120064700091653	0.005120064700091654	-0.005120064700091654	-0.010240129400183314	0.0051200647000916545	0.0051200647000916545	0.005120064700091657	-0.20935351045241657	0.19404755381546798	0.005065827236765182	0.005130674039033574	0.005109455361149741	0.7802202812137171