0.9997563556200495	-0.0004872887599014029	0.0002436443799507015	0.00024364437995070154	0.00024364437995070157	-0.00024364437995070157	-0.000487288759901403	0.00024364437995070154	0.00024364437995070157	0.0002436443799507015	-0.00024375316800961003	-0.00048717994271077025	0.00024364435081897744	0.00024364438421339607	0.00024364437568800694	-0.00011459489239393259
-0.0009745775198028062	0.9980508449603942	0.0009745775198028061	0.0009745775198028061	0.0009745775198028062	-0.0009745775198028063	-0.0019491550396056124	0.0009745775198028063	0.0009745775198028064	0.0009745775198028062	-0.0009750126720384401	-0.0019487197708430812	0.0009745774032759099	0.0009745775368535845	0.0009745775027520276	-0.0004583795695757305
0.00048728875990140314	0.0009745775198028063	0.9995127112400986	-0.0004872887599014031	-0.00048728875990140314	0.00048728875990140325	0.0009745775198028063	-0.0004872887599014032	-0.00048728875990140325	-0.00048728875990140314	0.00048750633601922017	0.0009743598854215408	-0.000487288701637955	-0.00048728876842679214	-0.00048728875137601376	0.00022918978478786518
0.0007309331398521045	0.001461866279704209	-0.0007309331398521046	0.9992690668601479	-0.0007309331398521044	0.0007309331398521043	0.0014618662797042084	-0.0007309331398521045	-0.0007309331398521044	-0.0007309331398521043	0.0007312595040288303	0.001461539828132312	-0.0007309330524569327	-0.0007309331526401885	-0.0007309331270640207	0.0003437846771817978
0.0014618662797042088	0.0029237325594084177	-0.001461866279704209	-0.0014618662797042093	0.9985381337202957	0.0014618662797042088	0.0029237325594084177	-0.0014618662797042093	-0.001461866279704209	-0.0014618662797042088	0.0014625190080576609	0.0029230796562646237	-0.0014618661049138654	-0.0014618663052803765	-0.0014618662541280411	0.0006875693543635954
-0.00024364437995070146	-0.0004872887599014029	0.00024364437995070146	0.0002436443799507015	0.0002436443799507015	0.9997563556200494	-0.00048728875990140287	0.00024364437995070146	0.0002436443799507015	0.00024364437995070144	-0.00024375316800961	-0.0004871799427107703	0.00024364435081897747	0.0002436443842133961	0.00024364437568800685	-0.0001145948923939326
-0.0009745775198028061	-0.0019491550396056121	0.0009745775198028061	0.0009745775198028062	0.0009745775198028062	-0.0009745775198028062	0.9980508449603942	0.0009745775198028061	0.0009745775198028062	0.0009745775198028059	-0.0009750126720384402	-0.0019487197708430819	0.00097457740327591	0.0009745775368535844	0.0009745775027520276	-0.0004583795695757304
0.00048728875990140303	0.0009745775198028061	-0.00048728875990140303	-0.0004872887599014031	-0.0004872887599014031	0.0004872887599014031	0.0009745775198028062	0.9995127112400987	-0.00048728875990140314	-0.00048728875990140303	0.00048750633601922017	0.0009743598854215407	-0.0004872887016379551	-0.0004872887684267923	-0.0004872887513760138	0.0002291897847878652
0.0007309331398521044	0.0014618662797042088	-0.0007309331398521045	-0.0007309331398521046	-0.0007309331398521045	0.0007309331398521043	0.0014618662797042088	-0.0007309331398521045	0.999269066860148	-0.0007309331398521043	0.0007312595040288304	0.0014615398281323118	-0.0007309330524569325	-0.0007309331526401886	-0.0007309331270640206	0.0003437846771817978
0.0014618662797042084	0.002923732559408417	-0.0014618662797042086	-0.0014618662797042088	-0.0014618662797042086	0.0014618662797042082	0.002923732559408417	-0.0014618662797042086	-0.0014618662797042086	0.9985381337202955	0.0014625190080576607	0.0029230796562646237	-0.0014618661049138652	-0.001461866305280377	-0.001461866254128041	0.0006875693543635954
-0.00024361299854632897	-0.00048722599709265783	0.00024361299854632891	0.00024361299854632897	0.000243612998546329	-0.000243612998546329	-0.00048722599709265794	0.000243612998546329	0.00024361299854632902	0.00024361299854632902	0.9922950850747455	0.006971953353301819	0.0002457355748601917	0.00024360627879395453	0.00024361971829870335	-0.007691452778373863
-0.000962997532654907	-0.0019259950653098138	0.000962997532654907	0.000962997532654907	0.0009629975326549071	-0.0009629975326549071	-0.0019259950653098142	0.0009629975326549071	0.0009629975326549074	0.0009629975326549074	0.014649394933315725	0.982461503385414	0.0009631066159602693	0.0009629841746930545	0.0009630108906167597	-0.015486759166327278
0.00048728875974587564	0.0009745775194917512	-0.00048728875974587564	-0.00048728875974587564	-0.0004872887597458757	0.0004872887597458757	0.0009745775194917514	-0.00048728875974587575	-0.0004872887597458758	-0.00048728875974587575	0.0004917517810746476	0.0009742813322118358	0.9995085444062053	-0.0004872887719269463	-0.0004872887475648052	0.0002251022443560894
0.0007309337715695044	0.0014618675431390088	-0.0007309337715695045	-0.0007309337715695045	-0.0007309337715695044	0.0007309337715695044	0.001461867543139009	-0.0007309337715695045	-0.0007309337715695045	-0.0007309337715695043	0.0007312791070406679	0.0014615221151421177	-0.0007309336790437768	0.9992682062694892	-0.0007300738126286298	0.00034294420774482105
0.0014618662796304482	0.0029237325592608968	-0.0014618662796304484	-0.0014618662796304484	-0.0014618662796304482	0.001461866279630448	0.0029237325592608963	-0.0014618662796304482	-0.0014618662796304482	-0.001461866279630448	0.0014625569502757256	0.0029230417035642424	-0.001461866094579072	-0.0014601464158138532	0.998536413856553	0.0006858878099363658
-0.0007307543488493681	-0.0014615086976987363	0.0007307543488493679	0.0007307543488493679	0.0007307543488493679	-0.0007307543488493677	-0.0014615086976987356	0.0007307543488493679	0.0007307543488493677	0.0007307543488493676	-0.045473294362488016	0.043293297266811526	0.0007184883979777506	0.0007324339068826042	0.0007290747908161311	0.9541932866988336