0.9982400343618533	-0.003519931276293386	0.0017599656381466933	0.0017599656381466935	0.0017599656381466935	-0.0017599656381466927	-0.003519931276293384	0.0017599656381466929	0.0017599656381466927	0.0017599656381466929	-0.0017716855511642838	-0.003508209373234546	0.0017599636481054448	0.0017599667432040868	0.0017599645330892988	-0.0006397728726739552
-0.007039862552586772	0.9859202748948263	0.007039862552586774	0.007039862552586774	0.007039862552586773	-0.0070398625525867715	-0.014079725105173536	0.00703986255258677	0.007039862552586769	0.00703986255258677	-0.0070867422046571385	-0.014032837492938186	0.007039854592421778	0.007039866972816349	0.007039858132357197	-0.00255909149069582
0.0035199312762933853	0.007039862552586771	0.9964800687237066	-0.003519931276293386	-0.003519931276293386	0.003519931276293385	0.007039862552586766	-0.003519931276293385	-0.0035199312762933845	-0.0035199312762933845	0.0035433711023285675	0.007016418746469091	-0.0035199272962108895	-0.0035199334864081736	-0.0035199290661785984	0.0012795457453479101
0.005279896914440078	0.010559793828880153	-0.005279896914440077	0.9947201030855601	-0.005279896914440079	0.005279896914440078	0.010559793828880153	-0.0052798969144400775	-0.005279896914440078	-0.0052798969144400775	0.005315056653492855	0.010524628119703634	-0.0052798909443163315	-0.005279900229612263	-0.005279893599267898	0.0019193186180218652
0.010559793828880153	0.021119587657760307	-0.010559793828880153	-0.010559793828880157	0.9894402061711198	0.010559793828880153	0.021119587657760303	-0.010559793828880153	-0.010559793828880153	-0.010559793828880153	0.010630113306985708	0.021049256239407264	-0.010559781888632666	-0.010559800459224522	-0.010559787198535798	0.0038386372360437316
-0.001759965638146693	-0.003519931276293386	0.0017599656381466927	0.001759965638146693	0.0017599656381466929	0.9982400343618532	-0.003519931276293384	0.0017599656381466927	0.0017599656381466924	0.0017599656381466927	-0.001771685551164284	-0.0035082093732345465	0.0017599636481054448	0.001759966743204087	0.0017599645330892994	-0.0006397728726739553
-0.0070398625525867715	-0.014079725105173543	0.007039862552586771	0.0070398625525867715	0.007039862552586771	-0.007039862552586771	0.9859202748948257	0.007039862552586771	0.007039862552586771	0.007039862552586771	-0.007086742204657134	-0.014032837492938183	0.0070398545924217765	0.007039866972816346	0.007039858132357197	-0.0025590914906958202
0.003519931276293387	0.007039862552586773	-0.003519931276293386	-0.003519931276293387	-0.0035199312762933866	0.003519931276293386	0.0070398625525867715	0.9964800687237064	-0.003519931276293386	-0.003519931276293386	0.003543371102328568	0.007016418746469093	-0.0035199272962108895	-0.003519933486408175	-0.003519929066178599	0.0012795457453479105
0.00527989691444008	0.010559793828880159	-0.005279896914440079	-0.005279896914440082	-0.00527989691444008	0.005279896914440079	0.010559793828880157	-0.005279896914440079	0.9947201030855594	-0.0052798969144400775	0.005315056653492855	0.010524628119703635	-0.005279890944316335	-0.005279900229612261	-0.005279893599267897	0.0019193186180218667
0.01055979382888016	0.021119587657760317	-0.010559793828880159	-0.010559793828880164	-0.01055979382888016	0.010559793828880159	0.02111958765776031	-0.010559793828880159	-0.010559793828880159	0.9894402061711197	0.010630113306985708	0.021049256239407264	-0.010559781888632666	-0.01055980045922452	-0.010559787198535793	0.003838637236043733
-0.001753722011165311	-0.0035074440223306215	0.0017537220111653105	0.0017537220111653112	0.0017537220111653112	-0.0017537220111653107	-0.0035074440223306206	0.0017537220111653105	0.0017537220111653107	0.0017537220111653107	0.9636411462042296	0.031087295890056287	0.0017641138833836153	0.0017534608415825355	0.0017539831807480864	-0.03755110453434045
-0.0065500995846139425	-0.013100199169227885	0.006550099584613942	0.006550099584613943	0.006550099584613943	-0.006550099584613942	-0.01310019916922788	0.006550099584613941	0.006550099584613941	0.006550099584613942	0.07650487203732162	0.9038431218241916	0.006551806969258394	0.00654959215246886	0.006550607016759027	-0.0738413760355484
0.003519931181445993	0.007039862362891986	-0.0035199311814459924	-0.003519931181445993	-0.003519931181445993	0.003519931181445993	0.007039862362891983	-0.0035199311814459924	-0.003519931181445992	-0.003519931181445993	0.003564286910006519	0.007015071893639137	0.9964605035592461	-0.0035199335251225724	-0.003519928837769412	0.0012613151253290658
0.005279930881576824	0.010559861763153646	-0.005279930881576822	-0.005279930881576825	-0.005279930881576823	0.005279930881576822	0.010559861763153643	-0.005279930881576822	-0.005279930881576823	-0.005279930881576822	0.005315696475437968	0.01052409005076825	-0.005279924763052571	0.9947138614703979	-0.005273723233551532	0.0019137532054437766
0.010559793740088242	0.02111958748017648	-0.01055979374008824	-0.010559793740088242	-0.010559793740088242	0.01055979374008824	0.021119587480176477	-0.010559793740088239	-0.01055979374008824	-0.01055979374008824	0.010631324746206865	0.02104804423703447	-0.010559781503064853	-0.010547391847111905	0.9894278043669356	0.003827478439574531
-0.0052428216019950544	-0.010485643203990109	0.0052428216019950544	0.005242821601995055	0.0052428216019950544	-0.0052428216019950544	-0.010485643203990105	0.005242821601995054	0.005242821601995055	0.005242821601995056	-0.21272143963064272	0.1970480346431246	0.005187761783528057	0.005253659783196903	0.005231983420793205	0.7765997617072714