0.998645310374366	-0.002709379251267343	0.0013546896256336712	0.0013546896256336715	0.0013546896256336717	-0.0013546896256336717	-0.0027093792512673433	0.0013546896256336712	0.0013546896256336717	0.0013546896256336717	-0.001362110129842943	-0.002701957196418198	0.001354688074993801	0.001354690169932115	0.0013546890813352288	-0.0005221925117478367
-0.0054187585025346815	0.9891624829949301	0.005418758502534685	0.005418758502534685	0.005418758502534686	-0.005418758502534684	-0.01083751700506937	0.005418758502534683	0.005418758502534685	0.005418758502534685	-0.0054484405193717745	-0.010807828785672798	0.005418752299975204	0.00541876067972846	0.005418756325340913	-0.002088770046991346
0.002709379251267343	0.005418758502534686	0.9972906207487329	-0.002709379251267343	-0.0027093792512673433	0.0027093792512673433	0.0054187585025346876	-0.002709379251267343	-0.0027093792512673438	-0.0027093792512673438	0.002724220259685887	0.005403914392836398	-0.0027093761499876012	-0.0027093803398642296	-0.0027093781626704562	0.0010443850234956732
0.004064068876901016	0.008128137753802034	-0.004064068876901016	0.9959359311230986	-0.004064068876901017	0.004064068876901016	0.008128137753802032	-0.004064068876901014	-0.004064068876901015	-0.004064068876901016	0.004086330389528829	0.008105871589254595	-0.0040640642249814	-0.0040640705097963435	-0.004064067244005687	0.0015665775352435092
0.008128137753802037	0.016256275507604074	-0.008128137753802035	-0.008128137753802034	0.9918718622461983	0.008128137753802035	0.016256275507604067	-0.00812813775380203	-0.008128137753802034	-0.008128137753802034	0.008172660779057664	0.016211743178509198	-0.008128128449962805	-0.008128141019592687	-0.008128134488011375	0.0031331550704870215
-0.0013546896256336712	-0.002709379251267343	0.0013546896256336712	0.001354689625633671	0.0013546896256336717	0.9986453103743664	-0.002709379251267343	0.0013546896256336708	0.0013546896256336715	0.0013546896256336715	-0.0013621101298429434	-0.0027019571964181986	0.0013546880749938004	0.0013546901699321146	0.0013546890813352281	-0.0005221925117478365
-0.005418758502534686	-0.010837517005069372	0.005418758502534685	0.005418758502534685	0.005418758502534687	-0.005418758502534685	0.9891624829949305	0.005418758502534684	0.005418758502534687	0.005418758502534687	-0.0054484405193717745	-0.010807828785672798	0.005418752299975202	0.005418760679728461	0.0054187563253409125	-0.0020887700469913464
0.002709379251267343	0.005418758502534686	-0.0027093792512673425	-0.0027093792512673425	-0.0027093792512673433	0.0027093792512673425	0.005418758502534685	0.9972906207487322	-0.002709379251267342	-0.002709379251267342	0.0027242202596858872	0.005403914392836396	-0.0027093761499876	-0.0027093803398642287	-0.0027093781626704554	0.001044385023495673
0.004064068876901018	0.008128137753802035	-0.004064068876901017	-0.004064068876901016	-0.004064068876901017	0.004064068876901017	0.008128137753802034	-0.004064068876901015	0.995935931123099	-0.004064068876901017	0.004086330389528832	0.008105871589254597	-0.004064064224981402	-0.004064070509796345	-0.004064067244005686	0.0015665775352435099
0.008128137753802035	0.01625627550760407	-0.008128137753802034	-0.008128137753802032	-0.008128137753802034	0.008128137753802034	0.016256275507604067	-0.008128137753802028	-0.008128137753802034	0.991871862246198	0.008172660779057664	0.016211743178509198	-0.008128128449962805	-0.008128141019592689	-0.008128134488011375	0.0031331550704870197
-0.0013514436316289884	-0.0027028872632579764	0.0013514436316289882	0.0013514436316289877	0.0013514436316289882	-0.0013514436316289877	-0.0027028872632579764	0.0013514436316289877	0.001351443631628988	0.0013514436316289882	0.9695908993426005	0.02634600263598559	0.001360210758155737	0.0013512786689897365	0.00135160859426824	-0.031303432003696514
-0.0051162689309186835	-0.010232537861837365	0.005116268930918683	0.005116268930918682	0.0051162689309186835	-0.005116268930918682	-0.010232537861837364	0.005116268930918681	0.005116268930918683	0.005116268930918684	0.06334073569839103	0.9213090603946763	0.0051176660450951116	0.0051159470227742625	0.005116590839063103	-0.06177551654807632
0.0027093791982709934	0.005418758396541987	-0.0027093791982709934	-0.0027093791982709934	-0.0027093791982709947	0.0027093791982709934	0.0054187583965419886	-0.0027093791982709934	-0.0027093791982709943	-0.0027093791982709943	0.0027418083943197757	0.005402856078305884	0.9972740939239162	-0.0027093803722771006	-0.0027093780242648875	0.0010289330696748524
0.004064088839079481	0.008128177678158962	-0.004064088839079481	-0.004064088839079479	-0.004064088839079481	0.00406408883907948	0.00812817767815896	-0.004064088839079478	-0.004064088839079478	-0.004064088839079478	0.004086745055944792	0.008105516710471777	-0.004064084088257618	0.9959311320601266	-0.004059309738285804	0.0015622159455128048
0.008128137716249392	0.016256275432498784	-0.008128137716249392	-0.008128137716249388	-0.00812813771624939	0.008128137716249388	0.016256275432498777	-0.008128137716249383	-0.008128137716249387	-0.008128137716249388	0.008173450054778651	0.016210953592344233	-0.008128128214624115	-0.008118586131799976	0.9918623106993013	0.003124414905074796
-0.004044833305104872	-0.008089666610209746	0.004044833305104873	0.004044833305104872	0.004044833305104874	-0.004044833305104872	-0.008089666610209744	0.004044833305104871	0.0040448333051048705	0.0040448333051048705	-0.17826981321734015	0.16618188727327457	0.003998259333855847	0.004053396741274799	0.004036269868934943	0.8137358478542975