0.9992724383125603	-0.0014551233748789382	0.000727561687439469	0.000727561687439469	0.0007275616874394691	-0.0007275616874394691	-0.0014551233748789382	0.0007275616874394689	0.000727561687439469	0.0007275616874394691	-0.0007294779533081354	-0.001453206634157986	0.0007275612125871826	0.0007275617852803928	0.0007275615895985451	-0.0003103558221297795
-0.0029102467497578747	0.9941795065004846	0.0029102467497578756	0.002910246749757875	0.0029102467497578756	-0.0029102467497578756	-0.005820493499515751	0.0029102467497578747	0.002910246749757875	0.0029102467497578756	-0.0029179118132325417	-0.00581282653663194	0.002910244850348729	0.00291024714112157	0.0029102463583941802	-0.001241423288519118
0.001455123374878938	0.0029102467497578765	0.9985448766251215	-0.0014551233748789378	-0.0014551233748789382	0.0014551233748789382	0.0029102467497578765	-0.0014551233748789378	-0.001455123374878938	-0.0014551233748789384	0.0014589559066162708	0.0029064132683159706	-0.001455122425174365	-0.0014551235705607855	-0.0014551231791970903	0.0006207116442595591
0.0021826850623184063	0.004365370124636812	-0.002182685062318406	0.9978173149376816	-0.002182685062318407	0.0021826850623184067	0.004365370124636813	-0.0021826850623184054	-0.002182685062318406	-0.0021826850623184063	0.002188433859924405	0.004359619902473954	-0.002182683637761546	-0.0021826853558411766	-0.002182684768795636	0.0009310674663893387
0.004365370124636814	0.008730740249273627	-0.004365370124636813	-0.004365370124636813	0.9956346298753637	0.004365370124636813	0.008730740249273627	-0.0043653701246368125	-0.0043653701246368125	-0.004365370124636814	0.00437686771984881	0.008719239804947914	-0.004365367275523095	-0.004365370711682355	-0.004365369537591272	0.0018621349327786767
-0.000727561687439469	-0.0014551233748789382	0.0007275616874394691	0.000727561687439469	0.0007275616874394688	0.9992724383125607	-0.0014551233748789387	0.000727561687439469	0.0007275616874394691	0.0007275616874394692	-0.0007294779533081354	-0.0014532066341579855	0.0007275612125871827	0.0007275617852803926	0.0007275615895985452	-0.0003103558221297795
-0.002910246749757877	-0.005820493499515755	0.0029102467497578773	0.002910246749757877	0.0029102467497578765	-0.002910246749757877	0.9941795065004845	0.0029102467497578765	0.002910246749757877	0.002910246749757877	-0.002917911813232542	-0.005812826536631943	0.0029102448503487304	0.002910247141121571	0.0029102463583941807	-0.0012414232885191176
0.0014551233748789384	0.0029102467497578773	-0.0014551233748789387	-0.0014551233748789384	-0.001455123374878938	0.0014551233748789382	0.002910246749757877	0.9985448766251211	-0.0014551233748789384	-0.0014551233748789384	0.001458955906616271	0.0029064132683159715	-0.0014551224251743654	-0.0014551235705607857	-0.0014551231791970914	0.000620711644259559
0.0021826850623184067	0.0043653701246368125	-0.0021826850623184063	-0.0021826850623184063	-0.0021826850623184067	0.0021826850623184076	0.004365370124636814	-0.002182685062318407	0.9978173149376817	-0.002182685062318407	0.0021884338599244056	0.004359619902473956	-0.002182683637761548	-0.002182685355841176	-0.002182684768795635	0.0009310674663893383
0.004365370124636815	0.00873074024927363	-0.004365370124636815	-0.004365370124636815	-0.004365370124636816	0.004365370124636818	0.008730740249273634	-0.004365370124636816	-0.004365370124636817	0.9956346298753637	0.004376867719848812	0.008719239804947912	-0.004365367275523095	-0.004365370711682353	-0.004365369537591273	0.0018621349327786767
-0.0007269166159768021	-0.0014538332319536042	0.0007269166159768021	0.0007269166159768021	0.000726916615976802	-0.0007269166159768021	-0.0014538332319536046	0.0007269166159768022	0.0007269166159768021	0.0007269166159768022	0.98068627388355	0.01712747279950277	0.0007324200849931107	0.0007268630774701335	0.0007269701544834698	-0.019632585551338032
-0.0028154321241846934	-0.005630864248369387	0.002815432124184694	0.002815432124184694	0.0028154321241846934	-0.0028154321241846943	-0.0056308642483693895	0.0028154321241846947	0.0028154321241846947	0.0028154321241846943	0.03876535779965091	0.9527876886984432	0.002816089253536689	0.0028153267001614054	0.0028155375482079806	-0.039095674155738336
0.001455123366784299	0.0029102467335685974	-0.0014551233667842987	-0.0014551233667842987	-0.0014551233667842987	0.001455123366784299	0.0029102467335685982	-0.0014551233667842991	-0.001455123366784299	-0.0014551233667842991	0.0014699701254337859	0.002905932355439231	0.998534344252695	-0.0014551235908727398	-0.0014551231426958588	0.0006106705348044865
0.0021826907493365955	0.00436538149867319	-0.0021826907493365947	-0.002182690749336595	-0.002182690749336595	0.002182690749336596	0.004365381498673191	-0.002182690749336595	-0.0021826907493365955	-0.002182690749336596	0.00218857769308995	0.004359493094341315	-0.002182689288758075	0.9978147418610419	-0.002180123359715053	0.0009286445004635043
0.004365370120275888	0.008730740240551775	-0.004365370120275887	-0.004365370120275888	-0.004365370120275889	0.0043653701202758894	0.008730740240551777	-0.004365370120275889	-0.0043653701202758894	-0.00436537012027589	0.004377143993430567	0.008718963446243554	-0.004365367199122338	-0.004360236540446584	0.9956294962998945	0.0018572838686479673
-0.002178891129492484	-0.004357782258984966	0.002178891129492483	0.0021788911294924837	0.0021788911294924837	-0.0021788911294924845	-0.004357782258984969	0.002178891129492484	0.0021788911294924845	0.002178891129492485	-0.11363109936891291	0.10712460453110298	0.002148712578824949	0.0021837037706464875	0.002174078488338481	0.8831300779135612