0.9983631085382502	-0.0032737829235009613	0.0016368914617504806	0.0016368914617504809	0.0016368914617504804	-0.0016368914617504798	-0.003273782923500961	0.0016368914617504804	0.0016368914617504804	0.0016368914617504804	-0.001647311441115715	-0.0032633610343397027	0.0016368895519544553	0.0016368923706352229	0.001636890552865739	-0.0006055493712606697
-0.006547565847001923	0.9869048683059964	0.0065475658470019234	0.006547565847001924	0.006547565847001923	-0.00654756584700192	-0.013095131694003845	0.0065475658470019234	0.006547565847001923	0.0065475658470019234	-0.0065892457644628625	-0.013053444137358814	0.0065475582078178204	0.006547569482540893	0.006547562211462956	-0.0024221974850426797
0.003273782923500962	0.0065475658470019234	0.9967262170764992	-0.0032737829235009613	-0.003273782923500961	0.00327378292350096	0.0065475658470019234	-0.003273782923500962	-0.0032737829235009617	-0.003273782923500962	0.0032946228822314304	0.006526722068679407	-0.003273779103908911	-0.003273784741270447	-0.0032737811057314777	0.00121109874252134
0.00491067438525144	0.00982134877050288	-0.00491067438525144	0.9950893256147489	-0.004910674385251442	0.004910674385251441	0.009821348770502886	-0.004910674385251444	-0.004910674385251443	-0.004910674385251441	0.004941934323347144	0.009790083103019103	-0.004910668655863366	-0.0049106771119056675	-0.004910671658597216	0.0018166481137820083
0.009821348770502879	0.019642697541005758	-0.009821348770502879	-0.009821348770502879	0.9901786512294969	0.009821348770502876	0.01964269754100576	-0.00982134877050288	-0.00982134877050288	-0.009821348770502879	0.009883868646694285	0.019580166206038207	-0.00982133731172673	-0.009821354223811333	-0.009821343317194427	0.0036332962275640165
-0.0016368914617504804	-0.0032737829235009604	0.0016368914617504804	0.0016368914617504804	0.0016368914617504802	0.9983631085382491	-0.0032737829235009613	0.0016368914617504806	0.0016368914617504806	0.0016368914617504809	-0.0016473114411157147	-0.003263361034339703	0.0016368895519544553	0.0016368923706352226	0.0016368905528657389	-0.0006055493712606699
-0.006547565847001923	-0.013095131694003843	0.006547565847001923	0.006547565847001923	0.006547565847001922	-0.006547565847001921	0.9869048683059963	0.0065475658470019234	0.0065475658470019234	0.006547565847001924	-0.00658924576446286	-0.013053444137358816	0.006547558207817822	0.006547569482540894	0.0065475622114629555	-0.0024221974850426797
0.0032737829235009626	0.0065475658470019234	-0.003273782923500962	-0.0032737829235009626	-0.0032737829235009617	0.0032737829235009617	0.0065475658470019234	0.9967262170764994	-0.0032737829235009626	-0.003273782923500963	0.00329462288223143	0.006526722068679408	-0.003273779103908911	-0.003273784741270447	-0.003273781105731478	0.00121109874252134
0.004910674385251442	0.009821348770502884	-0.004910674385251442	-0.004910674385251442	-0.004910674385251442	0.004910674385251443	0.009821348770502886	-0.004910674385251444	0.9950893256147487	-0.004910674385251443	0.0049419343233471445	0.009790083103019105	-0.004910668655863367	-0.004910677111905669	-0.004910671658597216	0.0018166481137820087
0.009821348770502886	0.01964269754100577	-0.009821348770502884	-0.009821348770502884	-0.009821348770502884	0.009821348770502886	0.019642697541005772	-0.009821348770502888	-0.009821348770502886	0.9901786512294969	0.009883868646694289	0.01958016620603821	-0.00982133731172673	-0.009821354223811337	-0.009821343317194427	0.0036332962275640174
-0.0016316758486218327	-0.003263351697243665	0.0016316758486218325	0.0016316758486218327	0.0016316758486218323	-0.0016316758486218318	-0.0032633516972436637	0.0016316758486218327	0.001631675848621832	0.0016316758486218323	0.965380352937067	0.02971468681576394	0.0016416085499254792	0.0016314456924698187	0.0016319060047738454	-0.03573085171258886
-0.006118891831567033	-0.012237783663134065	0.006118891831567033	0.006118891831567033	0.006118891831567032	-0.00611889183156703	-0.012237783663134062	0.006118891831567033	0.006118891831567032	0.006118891831567033	0.07268604825912936	0.9089556447961331	0.00612052328160314	0.0061184441111251965	0.006119339552008869	-0.07032765126709672
0.0032737828410076848	0.006547565682015369	-0.0032737828410076848	-0.0032737828410076848	-0.0032737828410076843	0.003273782841007684	0.006547565682015368	-0.0032737828410076848	-0.0032737828410076843	-0.0032737828410076848	0.003314591117741397	0.006525453607353402	0.9967075209569202	-0.0032737847768916774	-0.0032737809051236934	0.0011936719149492183
0.004910703695320741	0.00982140739064148	-0.00491070369532074	-0.00491070369532074	-0.00491070369532074	0.004910703695320739	0.00982140739064148	-0.004910703695320741	-0.004910703695320739	-0.004910703695320738	0.004942501920244291	0.009789603303596826	-0.00491069783319963	0.9950835224003233	-0.004904929790965078	0.0018114446708162747
0.009821348700365079	0.019642697400730158	-0.009821348700365079	-0.009821348700365079	-0.009821348700365079	0.009821348700365077	0.019642697400730158	-0.009821348700365082	-0.009821348700365079	-0.009821348700365077	0.009884944996286622	0.019579089380590758	-0.009821336976147205	-0.009809811921947022	0.9901671145212166	0.00362286496988197
-0.004879719625976013	-0.009759439251952023	0.004879719625976012	0.004879719625976013	0.004879719625976012	-0.004879719625976012	-0.009759439251952025	0.004879719625976013	0.004879719625976012	0.004879719625976012	-0.20266453064616163	0.1880779715605897	0.004827119833619975	0.004889878186021862	0.0048695610659301655	0.787419433912707