0.9991333378235239	-0.0017333243529530451	0.0008666621764765227	0.0008666621764765226	0.0008666621764765226	-0.0008666621764765224	-0.0017333243529530458	0.0008666621764765224	0.0008666621764765228	0.0008666621764765228	-0.0008695500689230878	-0.0017304357651099498	0.0008666614810799919	0.0008666623358952317	0.0008666620170578135	-0.00036084316945182357
-0.003466648705906091	0.9930667025881872	0.0034666487059060902	0.0034666487059060902	0.0034666487059060902	-0.0034666487059060893	-0.006933297411812183	0.00346664870590609	0.003466648705906091	0.003466648705906091	-0.0034782002756923503	-0.006921743060439797	0.003466645924319966	0.003466649343580927	0.0034666480682312532	-0.0014433726778072939
0.0017333243529530451	0.0034666487059060902	0.998266675647047	-0.0017333243529530453	-0.0017333243529530451	0.0017333243529530447	0.0034666487059060915	-0.001733324352953045	-0.0017333243529530455	-0.0017333243529530455	0.0017391001378461752	0.0034608715302198987	-0.0017333229621599834	-0.0017333246717904636	-0.0017333240341156266	0.0007216863389036469
0.0025999865294295678	0.005199973058859135	-0.0025999865294295673	0.9974000134705703	-0.0025999865294295673	0.0025999865294295673	0.005199973058859136	-0.002599986529429567	-0.0025999865294295678	-0.002599986529429567	0.0026086502067692633	0.005191307295329849	-0.0025999844432399756	-0.0025999870076856956	-0.002599986051173441	0.0010825295083554704
0.0051999730588591355	0.01039994611771827	-0.005199973058859135	-0.005199973058859135	0.9948000269411406	0.005199973058859134	0.010399946117718271	-0.005199973058859133	-0.0051999730588591355	-0.005199973058859134	0.005217300413538524	0.010382614590659697	-0.0051999688864799495	-0.005199974015371392	-0.0051999721023468825	0.0021650590167109412
-0.000866662176476522	-0.0017333243529530442	0.000866662176476522	0.0008666621764765222	0.0008666621764765221	0.9991333378235231	-0.0017333243529530447	0.000866662176476522	0.0008666621764765222	0.0008666621764765222	-0.0008695500689230873	-0.0017304357651099485	0.0008666614810799918	0.0008666623358952316	0.0008666620170578133	-0.0003608431694518234
-0.0034666487059060885	-0.006933297411812178	0.0034666487059060885	0.0034666487059060893	0.003466648705906089	-0.0034666487059060885	0.9930667025881879	0.003466648705906088	0.0034666487059060893	0.003466648705906089	-0.00347820027569235	-0.006921743060439796	0.0034666459243199673	0.003466649343580926	0.0034666480682312524	-0.0014433726778072934
0.001733324352953044	0.0034666487059060885	-0.001733324352953044	-0.0017333243529530445	-0.0017333243529530442	0.001733324352953044	0.0034666487059060885	0.9982666756470464	-0.0017333243529530447	-0.0017333243529530447	0.0017391001378461747	0.003460871530219898	-0.0017333229621599834	-0.001733324671790463	-0.0017333240341156264	0.0007216863389036468
0.002599986529429568	0.0051999730588591355	-0.0025999865294295678	-0.0025999865294295678	-0.002599986529429567	0.0025999865294295673	0.005199973058859135	-0.0025999865294295678	0.9974000134705704	-0.002599986529429567	0.0026086502067692624	0.005191307295329847	-0.0025999844432399747	-0.0025999870076856956	-0.0025999860511734404	0.0010825295083554704
0.0051999730588591355	0.01039994611771827	-0.005199973058859135	-0.005199973058859135	-0.005199973058859133	0.005199973058859134	0.010399946117718268	-0.005199973058859135	-0.005199973058859135	0.9948000269411407	0.005217300413538525	0.010382614590659695	-0.00519996888647995	-0.005199974015371391	-0.00519997210234688	0.0021650590167109412
-0.0008656363072269753	-0.0017312726144539507	0.0008656363072269752	0.0008656363072269753	0.0008656363072269752	-0.0008656363072269752	-0.0017312726144539505	0.000865636307226975	0.0008656363072269753	0.0008656363072269751	0.9779429549471752	0.019453816062061015	0.0008719563763095662	0.0008655624751608961	0.0008657101392930534	-0.022505325146924136
-0.00333487737611688	-0.0066697547522337605	0.00333487737611688	0.0033348773761168802	0.00333487737611688	-0.0033348773761168794	-0.0066697547522337605	0.0033348773761168794	0.0033348773761168807	0.00333487737611688	0.04476157499524359	0.9452329567385318	0.0033357135139906622	0.0033347323236847673	0.0033350224285489906	-0.04470630953054826
0.0017333243386077446	0.003466648677215489	-0.0017333243386077446	-0.0017333243386077448	-0.0017333243386077443	0.0017333243386077441	0.0034666486772154887	-0.001733324338607744	-0.0017333243386077448	-0.0017333243386077446	0.001751752792370505	0.00346025609558276	0.9982546397892622	-0.0017333246963810742	-0.0017333239808344147	0.000710279921394584
0.0025999946210065327	0.005199989242013066	-0.002599994621006533	-0.002599994621006533	-0.002599994621006532	0.002599994621006532	0.005199989242013064	-0.0025999946210065322	-0.0025999946210065327	-0.002599994621006532	0.002608845001003294	0.0051911367275995195	-0.0025999924865897535	0.9973969473181575	-0.0025969365601707494	0.0010796673382289276
0.0051999730507440315	0.010399946101488061	-0.0051999730507440315	-0.005199973050744032	-0.00519997305074403	0.00519997305074403	0.01039994610148806	-0.00519997305074403	-0.005199973050744031	-0.00519997305074403	0.005217673785414401	0.01038224109799007	-0.005199968781916415	-0.005193858877803453	0.9947939127763151	0.0021593274783754638
-0.002593937217711694	-0.005187874435423387	0.0025939372177116934	0.002593937217711694	0.002593937217711693	-0.0025939372177116934	-0.005187874435423387	0.0025939372177116934	0.0025939372177116934	0.0025939372177116926	-0.12966186659753193	0.12191435702665177	0.0025596351354567268	0.0025996088746975004	0.0025882655607258847	0.866044042874373