0.9983920613049241	-0.0032158773901514305	0.0016079386950757148	0.0016079386950757146	0.0016079386950757148	-0.0016079386950757148	-0.0032158773901514314	0.001607938695075715	0.0016079386950757155	0.0016079386950757148	-0.0016180499052178955	-0.003205764296955254	0.0016079368120217184	0.001607939561201255	0.0016079378289501761	-0.0005973124932029856
-0.006431754780302862	0.9871364904393947	0.006431754780302861	0.00643175478030286	0.00643175478030286	-0.006431754780302861	-0.012863509560605727	0.006431754780302861	0.006431754780302862	0.006431754780302859	-0.006472199620871584	-0.012823057187821015	0.006431747248086874	0.0064317582448050175	0.006431751315800706	-0.0023892499728119434
0.003215877390151431	0.006431754780302861	0.9967841226098483	-0.00321587739015143	-0.00321587739015143	0.0032158773901514305	0.006431754780302864	-0.0032158773901514305	-0.003215877390151432	-0.0032158773901514305	0.003236099810435792	0.0064115285939105055	-0.003215873624043437	-0.0032158791224025083	-0.0032158756579003535	0.001194624986405971
0.004823816085227145	0.009647632170454291	-0.004823816085227145	0.9951761839147725	-0.0048238160852271455	0.004823816085227145	0.009647632170454293	-0.0048238160852271455	-0.0048238160852271455	-0.004823816085227144	0.004854149715653686	0.009617292890865761	-0.004823810436065157	-0.0048238186836037636	-0.004823813486850529	0.0017919374796089569
0.009647632170454295	0.019295264340908592	-0.009647632170454295	-0.009647632170454296	0.9903523678295455	0.009647632170454288	0.01929526434090859	-0.009647632170454293	-0.009647632170454291	-0.00964763217045429	0.009708299431307375	0.019234585781731522	-0.009647620872130317	-0.009647637367207527	-0.009647626973701058	0.0035838749592179155
-0.0016079386950757155	-0.0032158773901514305	0.001607938695075715	0.0016079386950757152	0.0016079386950757152	0.998392061304924	-0.0032158773901514314	0.0016079386950757148	0.001607938695075715	0.0016079386950757146	-0.001618049905217896	-0.0032057642969552536	0.001607936812021718	0.0016079395612012544	0.001607937828950176	-0.0005973124932029856
-0.006431754780302862	-0.012863509560605722	0.00643175478030286	0.006431754780302861	0.006431754780302861	-0.006431754780302861	0.9871364904393948	0.006431754780302861	0.006431754780302862	0.006431754780302858	-0.006472199620871583	-0.012823057187821018	0.006431747248086874	0.006431758244805017	0.0064317513158007045	-0.0023892499728119434
0.0032158773901514305	0.00643175478030286	-0.0032158773901514296	-0.00321587739015143	-0.00321587739015143	0.00321587739015143	0.006431754780302861	0.9967841226098484	-0.00321587739015143	-0.0032158773901514288	0.0032360998104357915	0.006411528593910506	-0.003215873624043436	-0.0032158791224025087	-0.0032158756579003527	0.0011946249864059715
0.004823816085227145	0.009647632170454291	-0.0048238160852271455	-0.0048238160852271455	-0.004823816085227145	0.004823816085227144	0.009647632170454293	-0.0048238160852271455	0.9951761839147729	-0.004823816085227144	0.0048541497156536885	0.009617292890865764	-0.004823810436065156	-0.004823818683603763	-0.00482381348685053	0.001791937479608958
0.00964763217045429	0.019295264340908582	-0.00964763217045429	-0.009647632170454291	-0.00964763217045429	0.009647632170454288	0.019295264340908582	-0.00964763217045429	-0.00964763217045429	0.9903523678295454	0.009708299431307372	0.01923458578173152	-0.00964762087213031	-0.009647637367207524	-0.009647626973701053	0.003583874959217915
-0.0016029497060298097	-0.00320589941205962	0.0016029497060298095	0.0016029497060298097	0.0016029497060298095	-0.0016029497060298095	-0.00320589941205962	0.0016029497060298095	0.001602949706029809	0.001602949706029809	0.965797202191079	0.02938412817821025	0.001612770218651324	0.0016027266238248412	0.0016031727882347784	-0.03529369099552898
-0.006016921361208767	-0.012033842722417532	0.006016921361208765	0.006016921361208766	0.006016921361208766	-0.006016921361208766	-0.012033842722417533	0.006016921361208765	0.006016921361208765	0.006016921361208763	0.07176641483041883	0.9101812099037957	0.00601853254336793	0.006016487271821967	0.006017355450595562	-0.06948367790557598
0.0032158773106814535	0.006431754621362906	-0.0032158773106814526	-0.0032158773106814526	-0.0032158773106814526	0.0032158773106814526	0.006431754621362907	-0.003215877310681453	-0.003215877310681453	-0.0032158773106814526	0.0032558375429422794	0.006410279771747137	0.9967656373066731	-0.003215879157514519	-0.003215875463848387	0.0011773918142270784
0.004823844351204001	0.009647688702408003	-0.004823844351204001	-0.004823844351204001	-0.004823844351203999	0.004823844351203998	0.009647688702408001	-0.004823844351203998	-0.004823844351203999	-0.004823844351203998	0.004854700804805139	0.009616826470518692	-0.004823838572915839	0.995170483791613	-0.00481817249402101	0.0017868196358273906
0.009647632104290885	0.01929526420858177	-0.009647632104290883	-0.009647632104290883	-0.009647632104290883	0.009647632104290883	0.019295264208581773	-0.009647632104290883	-0.009647632104290883	-0.009647632104290881	0.0097093448639692	0.01923353989235108	-0.009647620547738515	-0.009636298902889251	0.9903410346943077	0.003573615713747267
-0.004794210288409505	-0.009588420576819011	0.004794210288409503	0.004794210288409505	0.004794210288409505	-0.004794210288409505	-0.009588420576819011	0.004794210288409506	0.004794210288409506	0.004794210288409506	-0.20025248159222586	0.1859218584926034	0.0047422025228034985	0.004804207587148003	0.004784212989671008	0.7900178847309304