0.999873675445038	-0.0002526491099239222	0.00012632455496196108	0.0001263245549619611	0.00012632455496196116	-0.00012632455496196113	-0.00025264910992392226	0.00012632455496196113	0.0001263245549619611	0.00012632455496196116	-0.00012634140277032182	-0.0002526322575331986	0.00012632455037959824	0.0001263245555815654	0.00012632455434235685	-0.00006111021609836165
-0.0005052982198478447	0.9989894035603044	0.0005052982198478443	0.0005052982198478444	0.0005052982198478446	-0.0005052982198478445	-0.001010596439695689	0.0005052982198478444	0.0005052982198478444	0.0005052982198478445	-0.0005053656110812875	-0.0010105290301327947	0.0005052982015183931	0.0005052982223262618	0.0005052982173694274	-0.0002444408643934466
0.00025264910992392226	0.0005052982198478444	0.9997473508900754	-0.0002526491099239222	-0.0002526491099239223	0.00025264910992392226	0.0005052982198478445	-0.0002526491099239222	-0.0002526491099239222	-0.00025264910992392226	0.00025268280554064363	0.0005052645150663971	-0.0002526491007591964	-0.00025264911116313086	-0.00025264910868471365	0.0001222204321967233
0.0003789736648858834	0.0007579473297717669	-0.00037897366488588344	0.9996210263351137	-0.00037897366488588344	0.00037897366488588344	0.0007579473297717669	-0.00037897366488588366	-0.0003789736648858835	-0.0003789736648858835	0.0003790242083109655	0.000757896772599596	-0.0003789736511387945	-0.0003789736667446965	-0.0003789736630270707	0.00018333064829508493
0.0007579473297717667	0.0015158946595435336	-0.0007579473297717668	-0.0007579473297717667	0.9992420526702281	0.0007579473297717667	0.0015158946595435333	-0.000757947329771767	-0.0007579473297717668	-0.0007579473297717669	0.0007580484166219306	0.0015157935451991917	-0.0007579473022775887	-0.0007579473334893928	-0.0007579473260541411	0.00036666129659016975
-0.00012632455496196113	-0.0002526491099239222	0.0001263245549619611	0.0001263245549619611	0.0001263245549619611	0.9998736754450378	-0.0002526491099239222	0.0001263245549619611	0.00012632455496196108	0.00012632455496196113	-0.00012634140277032176	-0.00025263225753319857	0.0001263245503795982	0.0001263245555815654	0.00012632455434235683	-0.00006111021609836162
-0.0005052982198478445	-0.0010105964396956893	0.0005052982198478444	0.0005052982198478445	0.0005052982198478445	-0.0005052982198478445	0.9989894035603044	0.0005052982198478444	0.0005052982198478443	0.0005052982198478444	-0.000505365611081287	-0.001010529030132794	0.0005052982015183928	0.0005052982223262618	0.0005052982173694274	-0.0002444408643934466
0.0002526491099239223	0.0005052982198478446	-0.00025264910992392226	-0.00025264910992392226	-0.00025264910992392226	0.0002526491099239223	0.0005052982198478446	0.9997473508900762	-0.00025264910992392226	-0.0002526491099239223	0.0002526828055406436	0.0005052645150663971	-0.00025264910075919637	-0.00025264911116313086	-0.00025264910868471376	0.00012222043219672332
0.0003789736648858834	0.0007579473297717669	-0.00037897366488588344	-0.0003789736648858834	-0.0003789736648858835	0.00037897366488588344	0.000757947329771767	-0.0003789736648858836	0.9996210263351138	-0.00037897366488588344	0.0003790242083109653	0.0007578967725995959	-0.0003789736511387944	-0.00037897366674469646	-0.0003789736630270704	0.0001833306482950849
0.0007579473297717663	0.001515894659543533	-0.0007579473297717665	-0.0007579473297717663	-0.0007579473297717666	0.0007579473297717665	0.0015158946595435331	-0.0007579473297717668	-0.0007579473297717666	0.9992420526702283	0.0007580484166219304	0.0015157935451991914	-0.0007579473022775886	-0.0007579473334893927	-0.0007579473260541409	0.00036666129659016975
-0.0001263197001549217	-0.0002526394003098434	0.00012631970015492168	0.0001263197001549217	0.00012631970015492168	-0.0001263197001549217	-0.00025263940030984336	0.0001263197001549217	0.00012631970015492168	0.00012631970015492168	0.9957979879428946	0.0038219088980333995	0.00012746375876187838	0.00012631783661100042	0.0001263215636988429	-0.004170732712991235
-0.0005021083745724463	-0.0010042167491448929	0.0005021083745724462	0.0005021083745724463	0.0005021083745724462	-0.0005021083745724462	-0.0010042167491448924	0.0005021083745724462	0.0005021083745724461	0.0005021083745724462	0.007850761977973277	0.990642880477851	0.0005021407950304856	0.0005021046600814745	0.0005021120890634181	-0.0084259282605209
0.000252649109911606	0.000505298219823212	-0.00025264910991160594	-0.00025264910991160594	-0.00025264910991160594	0.00025264910991160594	0.0005052982198232119	-0.000252649109911606	-0.00025264910991160594	-0.000252649109911606	0.0002549709614097116	0.0005052412562195405	0.9997450860021938	-0.0002526491121718986	-0.00025264910765131345	0.00011997892129029055
0.00037897383431014913	0.0007579476686202983	-0.00037897383431014913	-0.00037897383431014913	-0.0003789738343101492	0.0003789738343101492	0.0007579476686202986	-0.00037897383431014935	-0.0003789738343101493	-0.0003789738343101493	0.0003790297854779451	0.0007578917022281025	-0.00037897381908574883	0.9996205802657293	-0.00037852793434965703	0.0001828902734946111
0.0007579473297660199	0.0015158946595320397	-0.0007579473297660199	-0.0007579473297660199	-0.00075794732976602	0.0007579473297660199	0.00151589465953204	-0.0007579473297660201	-0.00075794732976602	-0.00075794732976602	0.000758059232076087	0.0015157827267731792	-0.000757947299317226	-0.0007570555380690189	0.9992411608785369	0.000365780381606495
-0.00037894716505295354	-0.0007578943301059071	0.00037894716505295354	0.00037894716505295354	0.0003789471650529536	-0.00037894716505295354	-0.0007578943301059072	0.00037894716505295365	0.0003789471650529536	0.00037894716505295365	-0.02481947843068069	0.023689361995239883	0.00037222210533490336	0.000379827777336692	0.00037806655276921526	0.9751580241117698