0.9991532112459685	-0.001693577508062099	0.0008467887540310494	0.0008467887540310493	0.0008467887540310491	-0.0008467887540310491	-0.0016935775080620986	0.0008467887540310491	0.0008467887540310491	0.000846788754031049	-0.0008495268121489715	-0.0016908387877634953	0.0008467880918503686	0.0008467889034920865	0.0008467886045700127	-0.00035376367514747866
-0.0033871550161241964	0.9932256899677522	0.0033871550161241977	0.0033871550161241972	0.0033871550161241964	-0.0033871550161241964	-0.0067743100322483945	0.0033871550161241964	0.0033871550161241964	0.0033871550161241964	-0.0033981072485958857	-0.006763355151053982	0.0033871523674014734	0.0033871556139683455	0.0033871544182800498	-0.0014150547005899144
0.0016935775080620988	0.0033871550161241985	0.998306422491938	-0.0016935775080620986	-0.0016935775080620984	0.0016935775080620986	0.0033871550161241977	-0.0016935775080620984	-0.0016935775080620986	-0.0016935775080620986	0.0016990536242979437	0.0033816775755269902	-0.001693576183700737	-0.0016935778069841723	-0.0016935772091400247	0.0007075273502949572
0.002540366262093147	0.005080732524186295	-0.0025403662620931476	0.9974596337379067	-0.002540366262093148	0.002540366262093149	0.005080732524186298	-0.002540366262093148	-0.0025403662620931485	-0.002540366262093148	0.0025485804364469167	0.005072516363290488	-0.0025403642755511048	-0.002540366710476259	-0.0025403658137100374	0.001061291025442436
0.005080732524186294	0.01016146504837259	-0.005080732524186295	-0.005080732524186295	0.9949192674758134	0.005080732524186297	0.010161465048372594	-0.005080732524186296	-0.005080732524186297	-0.005080732524186297	0.005097160872893833	0.010145032726580976	-0.0050807285511022095	-0.005080733420952518	-0.005080731627420072	0.002122582050884872
-0.0008467887540310493	-0.0016935775080620986	0.0008467887540310493	0.0008467887540310492	0.000846788754031049	0.9991532112459689	-0.0016935775080620986	0.0008467887540310491	0.0008467887540310492	0.0008467887540310491	-0.0008495268121489715	-0.0016908387877634953	0.0008467880918503684	0.0008467889034920862	0.0008467886045700124	-0.00035376367514747866
-0.0033871550161241972	-0.006774310032248397	0.003387155016124198	0.0033871550161241977	0.0033871550161241964	-0.0033871550161241964	0.9932256899677521	0.0033871550161241964	0.003387155016124197	0.003387155016124197	-0.003398107248595886	-0.0067633551510539805	0.003387152367401473	0.0033871556139683447	0.0033871544182800485	-0.0014150547005899144
0.0016935775080620986	0.003387155016124198	-0.001693577508062099	-0.0016935775080620986	-0.0016935775080620982	0.0016935775080620982	0.003387155016124197	0.9983064224919375	-0.0016935775080620986	-0.0016935775080620986	0.0016990536242979435	0.003381677575526991	-0.0016935761837007367	-0.0016935778069841723	-0.0016935772091400247	0.0007075273502949572
0.002540366262093148	0.005080732524186298	-0.0025403662620931485	-0.0025403662620931485	-0.0025403662620931485	0.0025403662620931485	0.005080732524186298	-0.002540366262093149	0.9974596337379067	-0.0025403662620931485	0.0025485804364469154	0.00507251636329049	-0.0025403642755511048	-0.0025403667104762586	-0.002540365813710038	0.0010612910254424361
0.005080732524186295	0.010161465048372594	-0.005080732524186297	-0.005080732524186297	-0.005080732524186297	0.005080732524186297	0.010161465048372594	-0.005080732524186297	-0.005080732524186298	0.9949192674758136	0.005097160872893832	0.010145032726580976	-0.0050807285511022095	-0.005080733420952516	-0.005080731627420074	0.002122582050884872
-0.0008458237053145588	-0.001691647410629118	0.0008458237053145589	0.000845823705314559	0.0008458237053145588	-0.0008458237053145588	-0.0016916474106291178	0.0008458237053145588	0.0008458237053145588	0.0008458237053145586	0.9783227826206612	0.019133539264987506	0.0008520307037224714	0.0008457529392716248	0.0008458944713574928	-0.0221067480185072
-0.003260995352579404	-0.006521990705158809	0.0032609953525794045	0.003260995352579404	0.003260995352579403	-0.003260995352579403	-0.006521990705158807	0.0032609953525794036	0.003260995352579403	0.003260995352579403	0.04392642761650578	0.9462897756112113	0.0032618060671241087	0.0032608562797867093	0.0032611344253720993	-0.04392920238771398
0.0016935774947450402	0.0033871549894900813	-0.0016935774947450407	-0.0016935774947450404	-0.00169357749474504	0.00169357749474504	0.0033871549894900804	-0.0016935774947450402	-0.00169357749474504	-0.00169357749474504	0.0017114792588615152	0.0033810813712308488	0.9982945943593977	-0.0016935778310176932	-0.001693577158472388	0.0006963089292379893
0.0025403739838070678	0.0050807479676141356	-0.002540373983807068	-0.0025403739838070678	-0.0025403739838070678	0.002540373983807068	0.005080747967614136	-0.002540373983807068	-0.0025403739838070686	-0.002540373983807068	0.002548767600549027	0.005072352317917101	-0.002540371950851991	0.9974566380547096	-0.0025373860223237934	0.0010584912472274338
0.005080732516707916	0.010161465033415836	-0.005080732516707917	-0.005080732516707917	-0.005080732516707915	0.005080732516707917	0.010161465033415834	-0.005080732516707917	-0.005080732516707918	-0.005080732516707917	0.005097519726675199	0.010144673757543946	-0.00508072845080331	-0.005074758421391272	0.9949132933879756	0.0021169756116793214
-0.002534677417309978	-0.005069354834619956	0.0025346774173099786	0.0025346774173099786	0.0025346774173099777	-0.0025346774173099786	-0.005069354834619957	0.0025346774173099786	0.002534677417309979	0.0025346774173099786	-0.12744420409369872	0.11987390566421166	0.0025009435948671757	0.002540227363041345	0.0025291274715786138	0.8684144179277619