0.9977980384760887	-0.004403923047822626	0.0022019615239113133	0.0022019615239113133	0.002201961523911313	-0.0022019615239113133	-0.004403923047822626	0.002201961523911313	0.0022019615239113137	0.002201961523911314	-0.002217924277771441	-0.0043879586039740175	0.0022019598339228282	0.0022019635400925487	0.0022019595077300788	-0.0007522403548897243
-0.008807846095645253	0.9823843078087097	0.008807846095645257	0.008807846095645257	0.008807846095645255	-0.008807846095645257	-0.01761569219129051	0.008807846095645255	0.008807846095645257	0.008807846095645258	-0.008871697111085763	-0.017551834415896077	0.008807839335691315	0.0088078541603702	0.00880783803092032	-0.003008961419558897
0.004403923047822627	0.008807846095645253	0.9955960769521771	-0.004403923047822628	-0.0044039230478226275	0.004403923047822628	0.008807846095645255	-0.004403923047822627	-0.004403923047822629	-0.00440392304782263	0.004435848555542883	0.008775917207948033	-0.004403919667845658	-0.0044039270801850975	-0.0044039190154601575	0.0015044807097794489
0.0066058845717339425	0.013211769143467885	-0.006605884571733943	0.9933941154282662	-0.0066058845717339425	0.006605884571733943	0.013211769143467887	-0.006605884571733941	-0.006605884571733945	-0.006605884571733946	0.006653772833314326	0.013163875811922052	-0.006605879501768486	-0.006605890620277651	-0.006605878523190238	0.002256721064669173
0.013211769143467889	0.026423538286935777	-0.01321176914346789	-0.013211769143467889	0.9867882308565323	0.013211769143467887	0.026423538286935774	-0.013211769143467883	-0.01321176914346789	-0.013211769143467892	0.013307545666628656	0.0263277516238441	-0.013211759003536975	-0.013211781240555305	-0.01321175704638048	0.004513442129338346
-0.0022019615239113133	-0.004403923047822627	0.0022019615239113137	0.002201961523911314	0.0022019615239113137	0.9977980384760888	-0.004403923047822627	0.002201961523911313	0.0022019615239113133	0.0022019615239113137	-0.0022179242777714413	-0.004387958603974016	0.0022019598339228287	0.0022019635400925487	0.00220195950773008	-0.0007522403548897241
-0.008807846095645257	-0.017615692191290513	0.008807846095645258	0.008807846095645258	0.008807846095645258	-0.008807846095645258	0.9823843078087096	0.008807846095645255	0.008807846095645258	0.008807846095645258	-0.008871697111085767	-0.017551834415896073	0.008807839335691315	0.008807854160370202	0.008807838030920319	-0.0030089614195588973
0.004403923047822627	0.008807846095645253	-0.0044039230478226275	-0.004403923047822628	-0.0044039230478226275	0.004403923047822628	0.008807846095645253	0.9955960769521768	-0.004403923047822629	-0.00440392304782263	0.0044358485555428834	0.008775917207948033	-0.004403919667845657	-0.004403927080185099	-0.004403919015460158	0.0015044807097794482
0.006605884571733942	0.013211769143467883	-0.0066058845717339425	-0.006605884571733942	-0.006605884571733942	0.006605884571733942	0.013211769143467882	-0.006605884571733941	0.9933941154282664	-0.006605884571733944	0.006653772833314328	0.01316387581192205	-0.006605879501768486	-0.00660589062027765	-0.006605878523190237	0.0022567210646691725
0.01321176914346789	0.02642353828693578	-0.013211769143467892	-0.01321176914346789	-0.01321176914346789	0.01321176914346789	0.026423538286935777	-0.013211769143467887	-0.01321176914346789	0.9867882308565327	0.013307545666628654	0.02632775162384411	-0.013211759003536975	-0.0132117812405553	-0.01321175704638048	0.004513442129338348
-0.002191117600523415	-0.004382235201046829	0.0021911176005234147	0.002191117600523415	0.0021911176005234147	-0.002191117600523415	-0.004382235201046829	0.0021911176005234147	0.0021911176005234155	0.0021911176005234155	0.9577452580612807	0.03566956598583534	0.0022029407518372995	0.002190733114048815	0.002191502086998012	-0.04366578634986397
-0.008068927200279359	-0.016137854400558715	0.008068927200279359	0.00806892720027936	0.008068927200279359	-0.00806892720027936	-0.016137854400558718	0.00806892720027936	0.008068927200279363	0.008068927200279364	0.08917621182422308	0.8866151690529449	0.008070764722273461	0.008068182959445303	0.008069671441113422	-0.08564751124439454
0.004403922927088933	0.008807845854177866	-0.004403922927088934	-0.004403922927088934	-0.004403922927088934	0.004403922927088934	0.008807845854177866	-0.0044039229270889345	-0.004403922927088934	-0.004403922927088934	0.0044597818242628415	0.008774356517107871	0.9955737075128072	-0.00440392715392027	-0.004403918700257602	0.0014835701396674439
0.006605938219304627	0.013211876438609254	-0.006605938219304627	-0.006605938219304628	-0.006605938219304629	0.006605938219304629	0.013211876438609254	-0.006605938219304626	-0.006605938219304629	-0.0066059382193046304	0.006654699221335877	0.013163110157565636	-0.006605932940292253	0.9933862971387573	-0.00659817357736641	0.002249880250771671
0.013211768961073895	0.02642353792214779	-0.013211768961073896	-0.013211768961073896	-0.013211768961073898	0.0132117689610739	0.026423537922147793	-0.013211768961073896	-0.0132117689610739	-0.0132117689610739	0.01330929068967775	0.026326005635528102	-0.01321175840305806	-0.013196264091168823	0.9867727261690209	0.004499717798984115
-0.006541400622064476	-0.013082801244128951	0.006541400622064476	0.006541400622064476	0.0065414006220644765	-0.006541400622064477	-0.013082801244128951	0.006541400622064476	0.006541400622064476	0.006541400622064479	-0.24674114432036043	0.22718023736427517	0.006478105711956124	0.006554604607049285	0.00652819663707967	0.7402462789105668