0.9992832760194761	-0.0014334479610464332	0.0007167239805232167	0.0007167239805232167	0.0007167239805232168	-0.0007167239805232167	-0.0014334479610464334	0.0007167239805232168	0.0007167239805232167	0.0007167239805232169	-0.0007185724269632922	-0.0014315990556054677	0.0007167235215223257	0.0007167240743336053	0.000716723886712828	-0.00030632777298082145
-0.002866895922092867	0.994266208155814	0.0028668959220928673	0.0028668959220928673	0.0028668959220928677	-0.002866895922092867	-0.005733791844185734	0.0028668959220928677	0.002866895922092867	0.002866895922092868	-0.0028742897078531684	-0.0057263962224218725	0.0028668940860893033	0.0028668962973344234	0.0028668955468513116	-0.001225311091923286
0.0014334479610464334	0.002866895922092867	0.9985665520389535	-0.0014334479610464332	-0.0014334479610464336	0.001433447961046433	0.002866895922092866	-0.0014334479610464332	-0.001433447961046433	-0.0014334479610464334	0.001437144853926584	0.002863198111210936	-0.0014334470430446514	-0.001433448148667211	-0.0014334477734256556	0.000612655545961643
0.002150171941569651	0.004300343883139303	-0.0021501719415696514	0.9978498280584304	-0.0021501719415696506	0.002150171941569651	0.004300343883139303	-0.002150171941569651	-0.002150171941569651	-0.002150171941569651	0.002155717280889874	0.0042947971668164005	-0.0021501705645669777	-0.002150172223000817	-0.002150171660138484	0.000918983318942464
0.004300343883139305	0.008600687766278611	-0.0043003438831393055	-0.004300343883139303	0.9956996561168608	0.004300343883139304	0.008600687766278607	-0.004300343883139304	-0.004300343883139304	-0.004300343883139304	0.00431143456177975	0.008589594333632804	-0.004300341129133956	-0.004300344446001636	-0.00430034332027697	0.0018379666378849282
-0.0007167239805232166	-0.0014334479610464332	0.0007167239805232166	0.0007167239805232165	0.0007167239805232167	0.9992832760194761	-0.0014334479610464326	0.0007167239805232164	0.0007167239805232162	0.0007167239805232165	-0.0007185724269632919	-0.0014315990556054673	0.0007167235215223257	0.0007167240743336053	0.0007167238867128277	-0.0003063277729808213
-0.002866895922092866	-0.005733791844185732	0.002866895922092866	0.0028668959220928656	0.0028668959220928664	-0.0028668959220928656	0.9942662081558142	0.002866895922092867	0.002866895922092866	0.0028668959220928673	-0.002874289707853168	-0.0057263962224218725	0.0028668940860893033	0.0028668962973344234	0.0028668955468513116	-0.0012253110919232856
0.0014334479610464332	0.0028668959220928664	-0.0014334479610464332	-0.0014334479610464328	-0.0014334479610464334	0.001433447961046433	0.0028668959220928664	0.9985665520389534	-0.0014334479610464328	-0.0014334479610464332	0.0014371448539265842	0.0028631981112109345	-0.0014334470430446514	-0.001433448148667211	-0.0014334477734256556	0.0006126555459616427
0.0021501719415696514	0.004300343883139304	-0.0021501719415696523	-0.002150171941569651	-0.002150171941569652	0.0021501719415696514	0.004300343883139305	-0.002150171941569652	0.9978498280584301	-0.002150171941569651	0.0021557172808898753	0.0042947971668164005	-0.0021501705645669777	-0.0021501722230008176	-0.002150171660138485	0.000918983318942464
0.004300343883139302	0.008600687766278606	-0.004300343883139303	-0.0043003438831393	-0.004300343883139302	0.004300343883139302	0.008600687766278606	-0.004300343883139303	-0.004300343883139303	0.9956996561168608	0.004311434561779751	0.008589594333632803	-0.0043003411291339545	-0.004300344446001634	-0.00430034332027697	0.0018379666378849273
-0.0007161042734528745	-0.0014322085469057491	0.0007161042734528747	0.0007161042734528745	0.0007161042734528749	-0.0007161042734528747	-0.0014322085469057498	0.0007161042734528749	0.0007161042734528749	0.0007161042734528749	0.9809088173141131	0.016937432565631832	0.0007215415733490801	0.0007160521991999657	0.0007161563477057843	-0.019400212689101776
-0.0027747302352863967	-0.005549460470572793	0.0027747302352863967	0.0027747302352863963	0.002774730235286397	-0.0027747302352863963	-0.0055494604705727925	0.002774730235286396	0.002774730235286396	0.0027747302352863967	0.03828289079158434	0.9533922753388818	0.002775373398960995	0.0027746276755172823	0.00277483279505551	-0.03864081162817797
0.0014334479533482066	0.002866895906696413	-0.0014334479533482064	-0.0014334479533482062	-0.0014334479533482066	0.0014334479533482062	0.0028668959066964128	-0.0014334479533482064	-0.0014334479533482064	-0.0014334479533482066	0.0014480264088929384	0.0028627276145281972	0.9985561418832753	-0.0014334481686122985	-0.0014334477380841151	0.0006027259445645151
0.002150177459247276	0.004300354918494552	-0.0021501774592472766	-0.0021501774592472757	-0.0021501774592472766	0.0021501774592472757	0.004300354918494552	-0.0021501774592472766	-0.002150177459247277	-0.002150177459247277	0.002155857390656347	0.0042946735749615755	-0.0021501760471233674	0.9978472933829611	-0.002147648301455245	0.0009165948262121916
0.004300343879006705	0.00860068775801341	-0.004300343879006706	-0.004300343879006703	-0.004300343879006704	0.004300343879006703	0.008600687758013408	-0.004300343879006704	-0.004300343879006703	-0.004300343879006703	0.004311703728168415	0.008589325084607203	-0.004300341054762212	-0.004295286713733614	0.9956945989557202	0.001833184667173732
-0.0021465280813090866	-0.004293056162618173	0.0021465280813090866	0.0021465280813090857	0.0021465280813090866	-0.0021465280813090866	-0.004293056162618173	0.0021465280813090866	0.002146528081309087	0.0021465280813090866	-0.11232928136642512	0.10591953922647164	0.0021166859773353417	0.0021512730813822013	0.0021417830812359736	0.884512313840934