0.9998357740752947	-0.00032845184941133874	0.0001642259247056694	0.00016422592470566942	0.00016422592470566942	-0.0001642259247056695	-0.0003284518494113389	0.0001642259247056695	0.0001642259247056695	0.00016422592470566945	-0.0001642616921997643	-0.0003284160722370136	0.00016422591502543871	0.00016422592604829409	0.000164225923363045	-0.00007870714371721123
-0.0006569036988226773	0.9986861926023544	0.0006569036988226774	0.0006569036988226775	0.0006569036988226774	-0.0006569036988226776	-0.001313807397645355	0.0006569036988226777	0.0006569036988226777	0.0006569036988226776	-0.0006570467687990569	-0.0013136642889480534	0.000656903660101755	0.000656903704193176	0.0006569036934521797	-0.0003148285748688448
0.00032845184941133885	0.0006569036988226776	0.9996715481505887	-0.00032845184941133874	-0.0003284518494113388	0.00032845184941133885	0.0006569036988226776	-0.0003284518494113389	-0.00032845184941133885	-0.00032845184941133885	0.00032852338439952843	0.0006568321444740269	-0.00032845183005087743	-0.0003284518520965881	-0.0003284518467260898	0.00015741428743442244
0.0004926777741170083	0.0009853555482340166	-0.0004926777741170084	0.9995073222258827	-0.0004926777741170082	0.0004926777741170084	0.0009853555482340166	-0.0004926777741170084	-0.0004926777741170083	-0.0004926777741170084	0.0004927850765992927	0.0009852482167110397	-0.000492677745076316	-0.000492677778144882	-0.0004926777700891345	0.00023612143115163363
0.0009853555482340166	0.001970711096468033	-0.0009853555482340168	-0.0009853555482340168	0.9990146444517661	0.0009853555482340168	0.001970711096468033	-0.0009853555482340168	-0.0009853555482340166	-0.0009853555482340168	0.0009855701531985856	0.00197049643342208	-0.000985355490152632	-0.0009853555562897639	-0.0009853555401782691	0.0004722428623032673
-0.00016422592470566937	-0.0003284518494113387	0.00016422592470566934	0.00016422592470566937	0.00016422592470566934	0.9998357740752948	-0.00032845184941133885	0.00016422592470566945	0.00016422592470566942	0.00016422592470566937	-0.0001642616921997642	-0.0003284160722370135	0.00016422591502543877	0.00016422592604829406	0.0001642259233630449	-0.00007870714371721124
-0.0006569036988226775	-0.0013138073976453547	0.0006569036988226774	0.0006569036988226775	0.0006569036988226774	-0.0006569036988226775	0.9986861926023546	0.0006569036988226777	0.0006569036988226775	0.0006569036988226774	-0.0006570467687990569	-0.0013136642889480536	0.0006569036601017552	0.0006569037041931761	0.0006569036934521796	-0.00031482857486884476
0.00032845184941133874	0.0006569036988226774	-0.0003284518494113387	-0.00032845184941133874	-0.0003284518494113387	0.00032845184941133874	0.0006569036988226775	0.9996715481505889	-0.0003284518494113388	-0.00032845184941133874	0.0003285233843995284	0.0006568321444740269	-0.0003284518300508775	-0.00032845185209658806	-0.0003284518467260897	0.00015741428743442244
0.0004926777741170083	0.0009853555482340166	-0.0004926777741170084	-0.0004926777741170083	-0.0004926777741170083	0.0004926777741170083	0.0009853555482340168	-0.0004926777741170084	0.9995073222258829	-0.0004926777741170085	0.0004927850765992928	0.0009852482167110402	-0.0004926777450763162	-0.000492677778144882	-0.0004926777700891346	0.0002361214311516336
0.0009853555482340164	0.0019707110964680328	-0.0009853555482340166	-0.0009853555482340166	-0.0009853555482340166	0.0009853555482340166	0.001970711096468033	-0.0009853555482340168	-0.0009853555482340168	0.999014644451766	0.0009855701531985858	0.00197049643342208	-0.000985355490152632	-0.0009853555562897643	-0.0009853555401782691	0.0004722428623032672
-0.0001642156810537774	-0.0003284313621075548	0.0001642156810537774	0.0001642156810537774	0.00016421568105377736	-0.0001642156810537774	-0.00032843136210755473	0.00016421568105377745	0.00016421568105377745	0.00016421568105377745	0.9946279482071003	0.004877936339354333	0.00016568409143810742	0.00016421256363527697	0.000164218798472278	-0.005342257181488954
-0.0006515559267798813	-0.0013031118535597624	0.0006515559267798813	0.0006515559267798813	0.0006515559267798814	-0.0006515559267798815	-0.0013031118535597628	0.0006515559267798816	0.0006515559267798816	0.0006515559267798816	0.010095786076547304	0.9879494931152972	0.0006516089545957419	0.0006515497185523181	0.000651562135007445	-0.01078070531357979
0.0003284518493771176	0.000656903698754235	-0.0003284518493771176	-0.0003284518493771176	-0.0003284518493771175	0.0003284518493771176	0.0006569036987542352	-0.00032845184937711774	-0.00032845184937711774	-0.00032845184937711774	0.00033146029382694314	0.0006567940545154539	0.9996686493504123	-0.00032845185376644437	-0.000328451844987791	0.00015455382599187007
0.0004926780606736248	0.0009853561213472495	-0.0004926780606736248	-0.0004926780606736248	-0.0004926780606736248	0.000492678060673625	0.00098535612134725	-0.0004926780606736251	-0.000492678060673625	-0.000492678060673625	0.0004927943269505963	0.0009852398235889732	-0.0004926780291923198	0.9995067422678066	-0.0004920983891537625	0.00023555093474777181
0.0009853555482179919	0.001970711096435983	-0.0009853555482179919	-0.0009853555482179917	-0.0009853555482179917	0.0009853555482179917	0.0019707110964359833	-0.0009853555482179919	-0.0009853555482179919	-0.0009853555482179919	0.0009855880807036143	0.0019704785009877685	-0.0009853554852553995	-0.0009841962226195833	0.9990134851261837	0.00047110159146584616
-0.0004926207125662206	-0.000985241425132441	0.0004926207125662206	0.0004926207125662206	0.0004926207125662206	-0.0004926207125662207	-0.0009852414251324412	0.0004926207125662207	0.0004926207125662207	0.0004926207125662207	-0.031722164870221864	0.030252885228292715	0.0004840382167966974	0.0004937613376631399	0.0004914800874693016	0.9681813889118269