0.9991080434234507	-0.0017839131530990797	0.0008919565765495398	0.0008919565765495396	0.0008919565765495395	-0.0008919565765495399	-0.0017839131530990797	0.0008919565765495397	0.0008919565765495396	0.0008919565765495394	-0.000895040169159137	-0.0017808288221460896	0.0008919558382061478	0.0008919567492259253	0.0008919564038731544	-0.00036979155522714937
-0.003567826306198158	0.9928643473876038	0.0035678263061981585	0.003567826306198158	0.0035678263061981576	-0.0035678263061981593	-0.007135652612396317	0.003567826306198159	0.0035678263061981585	0.0035678263061981576	-0.0035801606766365486	-0.0071233152885843585	0.003567823352824592	0.0035678269969037016	0.003567825615492618	-0.001479166220908597
0.0017839131530990797	0.003567826306198159	0.998216086846901	-0.001783913153099079	-0.001783913153099079	0.0017839131530990799	0.0035678263061981593	-0.0017839131530990797	-0.0017839131530990797	-0.0017839131530990792	0.0017900803383182737	0.0035616576442921793	-0.0017839116764122955	-0.00178391349845185	-0.0017839128077463088	0.0007395831104542985
0.002675869729648619	0.005351739459297236	-0.002675869729648617	0.9973241302703516	-0.0026758697296486184	0.0026758697296486197	0.005351739459297236	-0.002675869729648617	-0.002675869729648617	-0.002675869729648617	0.0026851205074774104	0.005342486466438269	-0.0026758675146184435	-0.0026758702476777758	-0.002675869211619464	0.0011093746656814481
0.0053517394592972395	0.010703478918594475	-0.005351739459297236	-0.005351739459297236	0.9946482605407025	0.00535173945929724	0.010703478918594474	-0.005351739459297235	-0.005351739459297236	-0.005351739459297236	0.0053702410149548225	0.010684972932876539	-0.005351735029236889	-0.005351740495355554	-0.005351738423238928	0.002218749331362897
-0.00089195657654954	-0.0017839131530990799	0.0008919565765495399	0.0008919565765495398	0.0008919565765495398	0.9991080434234514	-0.00178391315309908	0.0008919565765495399	0.0008919565765495399	0.0008919565765495397	-0.0008950401691591373	-0.0017808288221460903	0.0008919558382061481	0.0008919567492259254	0.0008919564038731546	-0.00036979155522714953
-0.003567826306198158	-0.007135652612396315	0.0035678263061981576	0.0035678263061981576	0.0035678263061981576	-0.003567826306198159	0.9928643473876039	0.003567826306198158	0.003567826306198158	0.003567826306198157	-0.0035801606766365486	-0.007123315288584358	0.003567823352824591	0.0035678269969037007	0.0035678256154926175	-0.0014791662209085973
0.0017839131530990792	0.003567826306198158	-0.001783913153099079	-0.001783913153099079	-0.001783913153099079	0.0017839131530990799	0.0035678263061981585	0.9982160868469007	-0.0017839131530990795	-0.001783913153099079	0.001790080338318274	0.0035616576442921784	-0.0017839116764122953	-0.0017839134984518501	-0.001783912807746309	0.0007395831104542987
0.0026758697296486197	0.005351739459297238	-0.002675869729648618	-0.002675869729648618	-0.002675869729648619	0.0026758697296486193	0.005351739459297237	-0.0026758697296486184	0.9973241302703515	-0.002675869729648619	0.0026851205074774113	0.0053424864664382695	-0.0026758675146184444	-0.0026758702476777753	-0.0026758692116194633	0.0011093746656814483
0.005351739459297239	0.010703478918594474	-0.005351739459297235	-0.005351739459297235	-0.005351739459297237	0.005351739459297238	0.010703478918594472	-0.005351739459297236	-0.005351739459297237	0.9946482605407022	0.005370241014954823	0.010684972932876537	-0.005351735029236888	-0.005351740495355551	-0.0053517384232389265	0.0022187493313628962
-0.0008908501245739847	-0.001781700249147969	0.0008908501245739846	0.0008908501245739846	0.0008908501245739845	-0.0008908501245739848	-0.0017817002491479692	0.0008908501245739846	0.0008908501245739847	0.0008908501245739844	0.9774649472815862	0.019856040031589764	0.0008973124376764854	0.0008907723119658038	0.0008909279371821652	-0.023007259267146033
-0.003428755209051762	-0.006857510418103522	0.003428755209051761	0.003428755209051761	0.0034287552090517615	-0.0034287552090517632	-0.006857510418103524	0.0034287552090517624	0.0034287552090517624	0.003428755209051761	0.04581458052763098	0.9438982854923397	0.0034296235619253592	0.003428602397062175	0.003428908021041349	-0.04568435590681472
0.0017839131373786992	0.003567826274757398	-0.001783913137378699	-0.001783913137378699	-0.001783913137378699	0.0017839131373786998	0.0035678262747573983	-0.0017839131373786994	-0.0017839131373786994	-0.001783913137378699	0.0018030186688772075	0.0035610177747667656	0.9982037898311134	-0.0017839135237229186	-0.0017839127510344813	0.0007279405847214949
0.002675878304710802	0.005351756609421603	-0.002675878304710801	-0.0026758783047108005	-0.0026758783047108013	0.0026758783047108018	0.005351756609421602	-0.0026758783047108005	-0.002675878304710801	-0.0026758783047108005	0.0026853251754284926	0.005342307473105488	-0.002675876039112382	0.9973209744153517	-0.0026727310247730883	0.0011064332502760694
0.005351739450319229	0.010703478900638455	-0.0053517394503192275	-0.0053517394503192275	-0.005351739450319228	0.005351739450319228	0.010703478900638455	-0.005351739450319227	-0.0053517394503192275	-0.005351739450319227	0.00537063316401363	0.010684580655753671	-0.0053517349191288454	-0.005345447000339957	0.9946419680997017	0.0022128588915149676
-0.002669342713939517	-0.005338685427879033	0.002669342713939516	0.002669342713939516	0.0026693427139395163	-0.002669342713939517	-0.005338685427879032	0.002669342713939516	0.002669342713939516	0.002669342713939516	-0.1324518911242735	0.1244788789775512	0.002634326718843187	0.002675168804347785	0.0026635166235312495	0.8630590917651921