0.9984951883232052	-0.0030096233535899424	0.0015048116767949716	0.0015048116767949718	0.0015048116767949723	-0.0015048116767949716	-0.003009623353589943	0.0015048116767949716	0.0015048116767949716	0.001504811676794972	-0.0015138207563943548	-0.0030006125070448056	0.0015048099098492176	0.0015048124007658865	0.0015048109528240552	-0.0005673926090439466
-0.006019246707179886	0.9879615065856397	0.006019246707179886	0.006019246707179887	0.00601924670717989	-0.006019246707179889	-0.012038493414359773	0.006019246707179886	0.006019246707179886	0.006019246707179887	-0.006055283025577419	-0.012002450028179222	0.006019239639396868	0.006019249603063547	0.006019243811296221	-0.0022695704361757863
0.0030096233535899437	0.006019246707179887	0.9969903766464099	-0.0030096233535899437	-0.0030096233535899454	0.0030096233535899445	0.0060192467071798865	-0.0030096233535899437	-0.0030096233535899437	-0.0030096233535899445	0.0030276415127887097	0.006001225014089611	-0.003009619819698435	-0.003009624801531774	-0.0030096219056481117	0.0011347852180878934
0.004514435030384913	0.00902887006076983	-0.004514435030384915	0.9954855649696156	-0.004514435030384919	0.004514435030384917	0.009028870060769831	-0.004514435030384915	-0.004514435030384915	-0.004514435030384917	0.004541462269183065	0.009001837521134414	-0.004514429729547653	-0.004514437202297663	-0.0045144328584721715	0.0017021778271318398
0.00902887006076983	0.018057740121539666	-0.009028870060769833	-0.009028870060769833	0.9909711299392311	0.009028870060769831	0.018057740121539663	-0.00902887006076983	-0.009028870060769831	-0.009028870060769833	0.00908292453836613	0.01800367504226883	-0.009028859459095304	-0.009028874404595325	-0.00902886571694434	0.003404355654263681
-0.0015048116767949714	-0.003009623353589943	0.0015048116767949716	0.0015048116767949716	0.0015048116767949723	0.9984951883232055	-0.0030096233535899432	0.0015048116767949714	0.0015048116767949718	0.0015048116767949723	-0.0015138207563943548	-0.0030006125070448047	0.0015048099098492172	0.001504812400765887	0.0015048109528240556	-0.0005673926090439468
-0.006019246707179885	-0.01203849341435977	0.006019246707179886	0.006019246707179886	0.006019246707179889	-0.006019246707179887	0.9879615065856399	0.0060192467071798865	0.006019246707179886	0.006019246707179887	-0.006055283025577418	-0.012002450028179219	0.006019239639396867	0.006019249603063548	0.006019243811296222	-0.0022695704361757867
0.0030096233535899437	0.006019246707179887	-0.003009623353589944	-0.003009623353589944	-0.0030096233535899454	0.0030096233535899445	0.006019246707179888	0.9969903766464097	-0.0030096233535899437	-0.0030096233535899445	0.0030276415127887093	0.00600122501408961	-0.0030096198196984344	-0.003009624801531775	-0.0030096219056481113	0.0011347852180878934
0.004514435030384912	0.009028870060769828	-0.004514435030384914	-0.004514435030384914	-0.004514435030384917	0.004514435030384914	0.009028870060769828	-0.004514435030384914	0.995485564969615	-0.004514435030384915	0.004541462269183064	0.009001837521134417	-0.004514429729547653	-0.004514437202297661	-0.004514432858472167	0.0017021778271318405
0.009028870060769826	0.01805774012153966	-0.00902887006076983	-0.00902887006076983	-0.009028870060769837	0.009028870060769831	0.01805774012153966	-0.00902887006076983	-0.009028870060769828	0.9909711299392304	0.00908292453836613	0.018003675042268834	-0.009028859459095305	-0.009028874404595323	-0.009028865716944336	0.003404355654263682
-0.0015005837668732077	-0.003001167533746416	0.001500583766873208	0.0015005837668732082	0.001500583766873209	-0.0015005837668732084	-0.0030011675337464155	0.0015005837668732084	0.0015005837668732084	0.001500583766873209	0.9673083801069878	0.028180461096719234	0.0015099912625458633	0.0015003851770648354	0.0015007823566815823	-0.033706443610642144
-0.005652059050556406	-0.011304118101112811	0.0056520590505564055	0.0056520590505564055	0.005652059050556407	-0.005652059050556406	-0.011304118101112808	0.005652059050556405	0.0056520590505564055	0.005652059050556407	0.06842069771019217	0.9146215933457608	0.0056535908429344375	0.0056516721924865145	0.005652445908626297	-0.06641873771241763
0.0030096232850156395	0.006019246570031278	-0.003009623285015639	-0.003009623285015639	-0.00300962328501564	0.0030096232850156395	0.006019246570031277	-0.003009623285015639	-0.0030096232850156395	-0.0030096232850156408	0.003046533543013937	0.006000049784943388	0.9969726632420739	-0.003009624835279883	-0.003009621734751395	0.0011182574643810793
0.004514459735851465	0.009028919471702932	-0.004514459735851466	-0.004514459735851465	-0.004514459735851468	0.004514459735851466	0.00902891947170293	-0.004514459735851466	-0.004514459735851465	-0.004514459735851467	0.004541956066900867	0.0090014177232887	-0.004514454318486637	0.9954802319196031	-0.004509151391306263	0.0016973662919014618
0.009028870007550411	0.01805774001510083	-0.009028870007550415	-0.009028870007550413	-0.009028870007550416	0.009028870007550413	0.018057740015100826	-0.009028870007550413	-0.009028870007550411	-0.009028870007550413	0.009083862544350256	0.018002736643593413	-0.009028859172842843	-0.00901826211111222	0.9909605220960113	0.0033947118213521403
-0.00448935854802753	-0.00897871709605506	0.00448935854802753	0.00448935854802753	0.004489358548027533	-0.00448935854802753	-0.00897871709605506	0.00448935854802753	0.00448935854802753	0.00448935854802753	-0.19150271652816625	0.1780844942274842	0.00443950520462682	0.004498777070768239	0.004479940025286824	0.7994523203065957