0.9978052896389523	-0.004389420722095411	0.002194710361047707	0.0021947103610477064	0.002194710361047707	-0.002194710361047707	-0.004389420722095413	0.002194710361047707	0.002194710361047707	0.002194710361047707	-0.002210611535778718	-0.004373517843427922	0.00219470865711123	0.002194712359506092	0.0021947083625893237	-0.0007505267166871043
-0.008778841444190829	0.9824423171116182	0.008778841444190827	0.008778841444190827	0.008778841444190829	-0.008778841444190829	-0.017557682888381655	0.008778841444190829	0.008778841444190827	0.008778841444190827	-0.008842446143114873	-0.017494071373711697	0.00877883462844492	0.00877884943802436	0.008778833450357295	-0.003002106866748416
0.0043894207220954145	0.008778841444190829	0.9956105792779049	-0.004389420722095412	-0.004389420722095414	0.004389420722095414	0.008778841444190826	-0.004389420722095414	-0.004389420722095413	-0.004389420722095413	0.004421223071557437	0.008747035686855847	-0.004389417314222462	-0.004389424719012182	-0.0043894167251786465	0.001501053433374208
0.006584131083143118	0.013168262166286237	-0.006584131083143119	0.9934158689168568	-0.006584131083143118	0.006584131083143118	0.013168262166286237	-0.006584131083143118	-0.006584131083143118	-0.006584131083143118	0.006631834607336155	0.013120553530283774	-0.006584125971333695	-0.006584137078518274	-0.006584125087767969	0.002251580150061312
0.013168262166286237	0.026336524332572473	-0.013168262166286238	-0.013168262166286238	0.9868317378337141	0.013168262166286238	0.026336524332572473	-0.013168262166286238	-0.013168262166286238	-0.013168262166286237	0.013263669214672312	0.02624110706056755	-0.013168251942667391	-0.013168274157036548	-0.013168250175535936	0.004503160300122625
-0.0021947103610477064	-0.004389420722095413	0.0021947103610477064	0.0021947103610477064	0.0021947103610477064	0.9978052896389528	-0.004389420722095413	0.002194710361047707	0.002194710361047707	0.002194710361047706	-0.0022106115357787195	-0.004373517843427925	0.002194708657111231	0.002194712359506091	0.002194708362589324	-0.0007505267166871043
-0.008778841444190827	-0.017557682888381655	0.008778841444190826	0.008778841444190826	0.008778841444190827	-0.008778841444190827	0.9824423171116186	0.008778841444190827	0.008778841444190826	0.008778841444190826	-0.008842446143114878	-0.017494071373711704	0.008778834628444924	0.008778849438024363	0.008778833450357295	-0.003002106866748418
0.00438942072209541	0.00877884144419082	-0.004389420722095409	-0.00438942072209541	-0.00438942072209541	0.004389420722095411	0.00877884144419082	0.9956105792779049	-0.004389420722095412	-0.004389420722095412	0.004421223071557439	0.00874703568685585	-0.00438941731422246	-0.00438942471901218	-0.004389416725178645	0.001501053433374208
0.006584131083143118	0.013168262166286237	-0.00658413108314312	-0.00658413108314312	-0.006584131083143119	0.006584131083143118	0.013168262166286237	-0.006584131083143118	0.993415868916857	-0.006584131083143118	0.006631834607336158	0.013120553530283775	-0.006584125971333695	-0.006584137078518274	-0.006584125087767969	0.002251580150061312
0.013168262166286237	0.026336524332572473	-0.013168262166286238	-0.013168262166286238	-0.013168262166286237	0.013168262166286237	0.026336524332572473	-0.013168262166286237	-0.013168262166286237	0.9868317378337138	0.01326366921467231	0.026241107060567547	-0.013168251942667387	-0.013168274157036546	-0.013168250175535936	0.004503160300122624
-0.0021839539713448225	-0.004367907942689644	0.0021839539713448225	0.002183953971344822	0.0021839539713448225	-0.002183953971344823	-0.004367907942689645	0.002183953971344823	0.002183953971344823	0.002183953971344822	0.9578384160684529	0.03559791980034191	0.0021957561885153944	0.002183571651860533	0.002184336290829112	-0.04356993679202508
-0.00804438348728193	-0.01608876697456386	0.00804438348728193	0.008044383487281929	0.00804438348728193	-0.008044383487281929	-0.016088766974563854	0.008044383487281929	0.008044383487281929	0.008044383487281929	0.0889797162129872	0.8868852961011546	0.00804622071129444	0.0080436434009713	0.008045123573592558	-0.08546235869145843
0.004389420601397694	0.008778841202795387	-0.004389420601397694	-0.004389420601397693	-0.004389420601397694	0.004389420601397694	0.008778841202795385	-0.004389420601397693	-0.004389420601397693	-0.004389420601397694	0.00444511121485984	0.008745477678246474	0.9955882523096891	-0.004389424791718809	-0.0043894164110765774	0.0014801847417064374
0.006584184370122991	0.013168368740245982	-0.006584184370122992	-0.006584184370122993	-0.006584184370122992	0.006584184370122992	0.013168368740245986	-0.006584184370122993	-0.006584184370122993	-0.006584184370122992	0.006632755950976718	0.013119791839585837	-0.00658417905031657	0.9934080765207626	-0.006576445261007979	0.0022447599566289052
0.013168261985803734	0.026336523971607465	-0.013168261985803738	-0.013168261985803738	-0.013168261985803738	0.013168261985803736	0.026336523971607472	-0.013168261985803736	-0.013168261985803738	-0.013168261985803736	0.013265404873370981	0.02623937044443691	-0.013168251346200411	-0.013152807967473663	0.986816283995867	0.0044894774743315475
-0.006520168884568342	-0.013040337769136684	0.006520168884568343	0.006520168884568344	0.006520168884568343	-0.006520168884568343	-0.013040337769136686	0.006520168884568342	0.006520168884568344	0.006520168884568342	-0.24620439190571503	0.22670705107460357	0.0064570030619749315	0.00653333496683859	0.006507002802298096	0.740816278964112