0.998326914495835	-0.0033461710083298127	0.0016730855041649068	0.0016730855041649066	0.0016730855041649057	-0.0016730855041649064	-0.0033461710083298127	0.001673085504164906	0.0016730855041649062	0.0016730855041649055	-0.001683890283478376	-0.003335364289799508	0.0016730835649480717	0.0016730864682991415	0.0016730845400306713	-0.0006157464719007015
-0.006692342016659623	0.9866153159666803	0.006692342016659624	0.006692342016659623	0.00669234201665962	-0.006692342016659623	-0.013384684033319248	0.006692342016659623	0.006692342016659623	0.00669234201665962	-0.006735561133913503	-0.013341457159198029	0.006692334259792287	0.006692345873196567	0.006692338160122684	-0.0024629858876028064
0.003346171008329812	0.006692342016659625	0.99665382899167	-0.0033461710083298114	-0.0033461710083298106	0.0033461710083298114	0.006692342016659624	-0.003346171008329811	-0.003346171008329811	-0.00334617100832981	0.003367780566956752	0.006670728579599015	-0.003346167129896143	-0.0033461729365982834	-0.0033461690800613425	0.001231492943801403
0.005019256512494721	0.010038513024989442	-0.005019256512494721	0.9949807434875053	-0.005019256512494719	0.005019256512494721	0.010038513024989442	-0.00501925651249472	-0.005019256512494721	-0.005019256512494719	0.005051670850435128	0.010006092869398523	-0.005019250694844215	-0.005019259404897426	-0.005019253620092013	0.0018472394157021054
0.010038513024989437	0.020077026049978873	-0.010038513024989437	-0.010038513024989437	0.9899614869750102	0.010038513024989438	0.020077026049978876	-0.010038513024989437	-0.010038513024989438	-0.010038513024989433	0.010103341700870253	0.020012185738797043	-0.010038501389688433	-0.010038518809794847	-0.010038507240184022	0.0036944788314042095
-0.001673085504164906	-0.0033461710083298123	0.0016730855041649062	0.001673085504164906	0.0016730855041649057	0.9983269144958349	-0.0033461710083298127	0.001673085504164906	0.0016730855041649062	0.0016730855041649053	-0.0016838902834783761	-0.003335364289799509	0.0016730835649480728	0.0016730864682991426	0.0016730845400306717	-0.0006157464719007018
-0.006692342016659621	-0.013384684033319244	0.006692342016659622	0.006692342016659623	0.00669234201665962	-0.006692342016659621	0.9866153159666806	0.006692342016659621	0.006692342016659621	0.006692342016659619	-0.006735561133913504	-0.01334145715919803	0.006692334259792288	0.006692345873196568	0.006692338160122683	-0.002462985887602807
0.003346171008329811	0.006692342016659623	-0.0033461710083298114	-0.0033461710083298114	-0.0033461710083298106	0.003346171008329811	0.006692342016659624	0.9966538289916695	-0.0033461710083298106	-0.0033461710083298093	0.003367780566956752	0.006670728579599014	-0.003346167129896143	-0.0033461729365982843	-0.0033461690800613408	0.0012314929438014032
0.005019256512494718	0.010038513024989437	-0.005019256512494718	-0.005019256512494718	-0.0050192565124947165	0.005019256512494718	0.010038513024989437	-0.005019256512494718	0.9949807434875051	-0.005019256512494717	0.005051670850435128	0.010006092869398521	-0.005019250694844216	-0.005019259404897427	-0.005019253620092013	0.0018472394157021052
0.010038513024989435	0.02007702604997887	-0.010038513024989435	-0.010038513024989435	-0.010038513024989431	0.010038513024989435	0.02007702604997887	-0.010038513024989435	-0.010038513024989433	0.98996148697501	0.010103341700870249	0.020012185738797032	-0.010038501389688429	-0.010038518809794849	-0.010038507240184026	0.003694478831404208
-0.001667578494258637	-0.0033351569885172743	0.0016675784942586371	0.001667578494258637	0.0016675784942586365	-0.0016675784942586371	-0.0033351569885172747	0.001667578494258637	0.001667578494258637	0.0016675784942586365	0.9648635176752755	0.030123676155673303	0.0016776491805338151	0.0016673393750650284	0.0016678176134522465	-0.03627241741679864
-0.0062460810323902	-0.0124921620647804	0.0062460810323902	0.0062460810323902	0.006246081032390198	-0.0062460810323902	-0.0124921620647804	0.006246081032390199	0.0062460810323902	0.006246081032390198	0.07382405041802778	0.9074360509731487	0.006247736544042744	0.0062456160469460216	0.006246546017834384	-0.07137311691126445
0.003346170922105256	0.006692341844210512	-0.003346170922105256	-0.0033461709221052553	-0.0033461709221052544	0.0033461709221052553	0.006692341844210512	-0.0033461709221052553	-0.0033461709221052557	-0.0033461709221052536	0.003388032822074355	0.0066694362061942266	0.9966348728159422	-0.0033461729729590945	-0.003346168871251419	0.0012138265566211776
0.005019287155312872	0.010038574310625744	-0.005019287155312872	-0.005019287155312873	-0.00501928715531287	0.005019287155312872	0.010038574310625744	-0.005019287155312871	-0.005019287155312873	-0.005019287155312869	0.005052259343119702	0.010005596167883933	-0.005019281200377895	0.9949748113759838	-0.005013385686609054	0.0018419292056947474
0.010038512949665566	0.020077025899331132	-0.010038512949665566	-0.010038512949665566	-0.010038512949665563	0.010038512949665568	0.020077025899331136	-0.010038512949665563	-0.010038512949665564	-0.01003851294966556	0.010104457163277637	0.02001106977587383	-0.010038501039820345	-0.0100267217109168	0.989949695811586	0.0036838330045160382
-0.004986567065570208	-0.009973134131140416	0.004986567065570208	0.004986567065570208	0.004986567065570207	-0.004986567065570208	-0.009973134131140416	0.004986567065570206	0.004986567065570207	0.0049865670655702046	-0.20565424817575867	0.19074787948504707	0.004933234559571172	0.00499692647305962	0.004976207658080793	0.7842003860646704