0.9998105054602375	-0.00037898907952409834	0.00018949453976204914	0.0001894945397620491	0.00018949453976204914	-0.00018949453976204914	-0.0003789890795240983	0.0001894945397620492	0.00018949453976204914	0.00018949453976204914	-0.0001895482528563049	-0.00037893535194121765	0.00018949452527342403	0.00018949454180602294	0.0001894945377180757	-0.0000902661132716234
-0.0007579781590481967	0.9984840436819035	0.0007579781590481966	0.0007579781590481966	0.0007579781590481967	-0.0007579781590481967	-0.0015159563180963936	0.0007579781590481969	0.0007579781590481967	0.0007579781590481969	-0.0007581930114252198	-0.00151574140776487	0.000757978101093696	0.0007579781672240913	0.0007579781508723027	-0.0003610644530864934
0.00037898907952409834	0.0007579781590481967	0.9996210109204754	-0.0003789890795240984	-0.00037898907952409845	0.00037898907952409845	0.0007579781590481968	-0.00037898907952409856	-0.0003789890795240984	-0.00037898907952409845	0.00037909650571260985	0.0007578707038824352	-0.00037898905054684816	-0.0003789890836120457	-0.0003789890754361514	0.00018053222654324677
0.0005684836192861476	0.0011369672385722952	-0.0005684836192861477	0.9994315163807136	-0.0005684836192861476	0.0005684836192861477	0.0011369672385722954	-0.0005684836192861478	-0.0005684836192861477	-0.0005684836192861478	0.0005686447585689149	0.001136806055823652	-0.0005684835758202723	-0.0005684836254180683	-0.0005684836131542272	0.0002707983398148703
0.0011369672385722954	0.002273934477144591	-0.0011369672385722956	-0.0011369672385722954	0.9988630327614274	0.0011369672385722956	0.0022739344771445917	-0.001136967238572296	-0.0011369672385722958	-0.001136967238572296	0.0011372895171378298	0.0022736121116473046	-0.001136967151640544	-0.0011369672508361366	-0.0011369672263084542	0.0005415966796297404
-0.00018949453976204928	-0.00037898907952409856	0.0001894945397620493	0.00018949453976204925	0.00018949453976204928	0.9998105054602376	-0.0003789890795240985	0.0001894945397620493	0.00018949453976204928	0.0001894945397620493	-0.000189548252856305	-0.0003789353519412177	0.00018949452527342403	0.0001894945418060229	0.00018949453771807578	-0.00009026611327162342
-0.0007579781590481966	-0.0015159563180963931	0.0007579781590481967	0.0007579781590481965	0.0007579781590481966	-0.0007579781590481966	0.9984840436819035	0.0007579781590481969	0.0007579781590481967	0.0007579781590481968	-0.0007581930114252196	-0.0015157414077648704	0.000757978101093696	0.0007579781672240914	0.0007579781508723029	-0.00036106445308649353
0.00037898907952409845	0.0007579781590481969	-0.0003789890795240985	-0.0003789890795240984	-0.00037898907952409845	0.00037898907952409845	0.000757978159048197	0.999621010920476	-0.00037898907952409845	-0.00037898907952409845	0.00037909650571261	0.0007578707038824352	-0.0003789890505468481	-0.0003789890836120458	-0.00037898907543615156	0.00018053222654324685
0.0005684836192861477	0.0011369672385722954	-0.0005684836192861478	-0.0005684836192861477	-0.0005684836192861478	0.000568483619286148	0.0011369672385722956	-0.0005684836192861479	0.9994315163807137	-0.0005684836192861478	0.0005686447585689149	0.0011368060558236525	-0.0005684835758202719	-0.0005684836254180687	-0.0005684836131542272	0.0002707983398148703
0.0011369672385722954	0.002273934477144591	-0.0011369672385722956	-0.0011369672385722954	-0.0011369672385722956	0.001136967238572296	0.0022739344771445912	-0.0011369672385722958	-0.0011369672385722956	0.9988630327614277	0.0011372895171378296	0.0022736121116473046	-0.001136967151640544	-0.0011369672508361372	-0.0011369672263084542	0.0005415966796297404
-0.00018947915203915955	-0.00037895830407831915	0.0001894791520391596	0.00018947915203915958	0.00018947915203915958	-0.00018947915203915958	-0.0003789583040783192	0.00018947915203915963	0.00018947915203915958	0.0001894791520391596	0.9938688309245378	0.0055610514264941265	0.00019115934488922416	0.00018947502933928684	0.00018948327473903247	-0.006104733972587225
-0.0007508956065215542	-0.0015017912130431085	0.0007508956065215545	0.0007508956065215542	0.0007508956065215543	-0.0007508956065215543	-0.0015017912130431087	0.0007508956065215545	0.000750895606521554	0.0007508956065215543	0.011566218998038547	0.9861810250936879	0.0007509646952307465	0.0007508874011062677	0.0007509038119368409	-0.012310461761581154
0.0003789890794646228	0.0007579781589292456	-0.0003789890794646229	-0.0003789890794646228	-0.00037898907946462275	0.0003789890794646228	0.0007579781589292456	-0.0003789890794646229	-0.00037898907946462275	-0.0003789890794646228	0.000382457028976604	0.0007578210370018187	0.9996177000929507	-0.00037898908580268027	-0.0003789890731265654	0.00017727143711937255
0.000568484001000079	0.0011369680020001578	-0.0005684840010000789	-0.0005684840010000788	-0.0005684840010000789	0.000568484001000079	0.001136968002000158	-0.0005684840010000791	-0.000568484001000079	-0.0005684840010000791	0.000568656924281609	0.0011367950320512734	-0.0005684839543327236	0.999430847145793	-0.0005678151477931532	0.0002701415627179082
0.0011369672385443466	0.0022739344770886932	-0.0011369672385443466	-0.0011369672385443464	-0.0011369672385443466	0.0011369672385443468	0.0022739344770886932	-0.0011369672385443468	-0.0011369672385443466	-0.0011369672385443466	0.0011373130849907287	0.0022735885373076324	-0.0011369671452096674	-0.0011356295584259292	0.9988616950813374	0.0005402827565346476
-0.0005683971145837331	-0.0011367942291674665	0.0005683971145837335	0.0005683971145837332	0.0005683971145837333	-0.0005683971145837335	-0.0011367942291674667	0.0005683971145837335	0.0005683971145837333	0.0005683971145837335	-0.03619854631288259	0.034503138998517105	0.0005586130851980382	0.0005697100646070512	0.0005670841645604152	0.9636410176940227