0.9995577727540325	-0.0008844544919344964	0.0004422272459672481	0.0004422272459672481	0.0004422272459672482	-0.000442227245967248	-0.0008844544919344962	0.0004422272459672481	0.000442227245967248	0.00044222724596724815	-0.00044277440256539107	-0.0008839071929495596	0.0004422271035804549	0.00044222726984415907	0.00044222722209033685	-0.00019921499968593938
-0.001768908983868992	0.9964621820322619	0.0017689089838689917	0.0017689089838689915	0.001768908983868992	-0.0017689089838689915	-0.0035378179677379835	0.001768908983868992	0.0017689089838689915	0.001768908983868992	-0.0017710976102615638	-0.003535628771798237	0.001768908414321819	0.0017689090793766356	0.0017689088883613476	-0.0007968599987437576
0.0008844544919344961	0.0017689089838689922	0.9991155455080655	-0.0008844544919344961	-0.0008844544919344962	0.000884454491934496	0.0017689089838689922	-0.0008844544919344961	-0.0008844544919344959	-0.0008844544919344961	0.000885548805130782	0.0017678143858991188	-0.0008844542071609094	-0.0008844545396883176	-0.0008844544441806739	0.0003984299993718789
0.0013266817379017435	0.002653363475803487	-0.0013266817379017433	0.998673318262098	-0.001326681737901744	0.0013266817379017433	0.002653363475803487	-0.0013266817379017437	-0.0013266817379017433	-0.0013266817379017437	0.001328323207696173	0.0026517215788486774	-0.001326681310741364	-0.0013266818095324768	-0.001326681666271011	0.0005976449990578183
0.002653363475803488	0.005306726951606976	-0.0026533634758034875	-0.0026533634758034875	0.9973466365241966	0.0026533634758034857	0.005306726951606974	-0.0026533634758034875	-0.0026533634758034857	-0.0026533634758034875	0.0026566464153923467	0.005303443157697357	-0.0026533626214827284	-0.0026533636190649522	-0.0026533633325420214	0.0011952899981156361
-0.0004422272459672481	-0.0008844544919344962	0.0004422272459672481	0.00044222724596724804	0.00044222724596724804	0.9995577727540323	-0.000884454491934496	0.00044222724596724804	0.00044222724596724793	0.00044222724596724804	-0.00044277440256539107	-0.0008839071929495591	0.00044222710358045477	0.00044222726984415885	0.0004422272220903368	-0.00019921499968593936
-0.0017689089838689924	-0.0035378179677379848	0.0017689089838689924	0.001768908983868992	0.001768908983868992	-0.0017689089838689915	0.9964621820322619	0.0017689089838689926	0.001768908983868992	0.0017689089838689926	-0.0017710976102615643	-0.0035356287717982376	0.001768908414321819	0.001768909079376636	0.001768908888361348	-0.0007968599987437576
0.0008844544919344967	0.0017689089838689935	-0.0008844544919344967	-0.0008844544919344966	-0.0008844544919344966	0.0008844544919344965	0.001768908983868993	0.999115545508066	-0.0008844544919344963	-0.0008844544919344966	0.0008855488051307824	0.001767814385899119	-0.0008844542071609099	-0.0008844545396883179	-0.0008844544441806744	0.00039842999937187904
0.001326681737901744	0.002653363475803488	-0.0013266817379017437	-0.0013266817379017437	-0.001326681737901744	0.0013266817379017437	0.0026533634758034875	-0.001326681737901744	0.9986733182620984	-0.0013266817379017442	0.0013283232076961738	0.0026517215788486783	-0.0013266813107413646	-0.0013266818095324766	-0.0013266816662710107	0.0005976449990578184
0.0026533634758034884	0.005306726951606977	-0.002653363475803488	-0.002653363475803488	-0.0026533634758034884	0.002653363475803488	0.005306726951606976	-0.0026533634758034884	-0.0026533634758034875	0.997346636524197	0.002656646415392348	0.005303443157697358	-0.0026533626214827297	-0.002653363619064954	-0.002653363332542022	0.0011952899981156372
-0.0004420607169526869	-0.0008841214339053738	0.0004420607169526871	0.00044206071695268714	0.00044206071695268703	-0.00044206071695268703	-0.0008841214339053741	0.0004420607169526872	0.0004420607169526871	0.0004420607169526871	0.9870616246668693	0.011608568904840359	0.00044568499438509527	0.0004420396384852041	0.0004420817954201701	-0.0130254723605178
-0.001732172942878616	-0.0034643458857572316	0.001732172942878616	0.001732172942878616	0.0017321729428786158	-0.0017321729428786154	-0.003464345885757231	0.001732172942878616	0.0017321729428786158	0.0017321729428786158	0.025235068853723286	0.9695681074098534	0.001732477850666031	0.0017321312170567274	0.0017322146687005033	-0.026094885969615903
0.0008844544905105355	0.0017689089810210708	-0.0008844544905105355	-0.0008844544905105354	-0.0008844544905105353	0.000884454490510535	0.0017689089810210704	-0.0008844544905105354	-0.0008844544905105353	-0.0008844544905105354	0.0008927990252868891	0.0017675934408757721	0.9991085165148584	-0.0008844545496053513	-0.0008844544314157188	0.00039162540913779563
0.001326683827201602	0.0026533676544032037	-0.0013266838272016019	-0.0013266838272016019	-0.0013266838272016019	0.0013266838272016012	0.002653367654403203	-0.0013266838272016014	-0.0013266838272016012	-0.0013266838272016014	0.001328382412681257	0.0026516686265593697	-0.0013266833848374234	0.9986717554587391	-0.0013251231131423983	0.0005961434405880803
0.0026533634750975674	0.005306726950195134	-0.002653363475097566	-0.002653363475097566	-0.002653363475097567	0.002653363475097566	0.005306726950195132	-0.002653363475097567	-0.002653363475097567	-0.0026533634750975674	0.0026567606434655705	0.005303328897099438	-0.002653362590369878	-0.002650242342991211	0.9973435153927962	0.0011922849320421078
-0.0013257124713349216	-0.0026514249426698427	0.0013257124713349213	0.001325712471334921	0.0013257124713349211	-0.001325712471334921	-0.0026514249426698422	0.0013257124713349213	0.0013257124713349213	0.0013257124713349216	-0.07625993352522595	0.07230322608522285	0.0013052824973332497	0.0013287072039621871	0.0013227177387076547	0.9224415222217291