0.9993519106375021	-0.0012961787249960108	0.0006480893624980054	0.0006480893624980054	0.0006480893624980054	-0.0006480893624980054	-0.0012961787249960105	0.0006480893624980053	0.0006480893624980052	0.0006480893624980052	-0.0006495363891547444	-0.0012947313344159063	0.0006480889985746403	0.000648089433192471	0.0006480892918035398	-0.0002804841019068781
-0.0025923574499920224	0.9948152851000159	0.002592357449992021	0.002592357449992021	0.0025923574499920215	-0.0025923574499920215	-0.005184714899984042	0.0025923574499920215	0.002592357449992021	0.0025923574499920215	-0.002598145556618976	-0.0051789253376636245	0.002592355994298561	0.002592357732769883	0.002592357167214158	-0.0011219364076275114
0.001296178724996011	0.0025923574499920215	0.9987038212750037	-0.0012961787249960105	-0.0012961787249960103	0.0012961787249960103	0.0025923574499920206	-0.0012961787249960105	-0.0012961787249960105	-0.0012961787249960103	0.0012990727783094877	0.0025894626688318136	-0.0012961779971492808	-0.0012961788663849415	-0.001296178583607079	0.000560968203813756
0.001944268087494016	0.0038885361749880325	-0.001944268087494016	0.9980557319125056	-0.0019442680874940156	0.0019442680874940158	0.003888536174988032	-0.001944268087494016	-0.001944268087494016	-0.0019442680874940162	0.0019486091674642307	0.003884194003247721	-0.001944266995723922	-0.0019442682995774122	-0.0019442678754106187	0.0008414523057206338
0.003888536174988032	0.007777072349976064	-0.0038885361749880316	-0.003888536174988032	0.9961114638250117	0.0038885361749880307	0.007777072349976062	-0.003888536174988031	-0.003888536174988031	-0.0038885361749880316	0.0038972183349284604	0.0077683880064954415	-0.0038885339914478435	-0.003888536599154824	-0.0038885357508212366	0.0016829046114412672
-0.0006480893624980054	-0.0012961787249960105	0.0006480893624980052	0.0006480893624980052	0.0006480893624980053	0.9993519106375018	-0.0012961787249960103	0.0006480893624980053	0.0006480893624980053	0.0006480893624980054	-0.0006495363891547441	-0.0012947313344159068	0.0006480889985746405	0.0006480894331924706	0.0006480892918035395	-0.000280484101906878
-0.002592357449992021	-0.005184714899984041	0.00259235744999202	0.00259235744999202	0.0025923574499920206	-0.0025923574499920206	0.9948152851000162	0.0025923574499920206	0.0025923574499920206	0.0025923574499920206	-0.0025981455566189762	-0.005178925337663628	0.002592355994298562	0.002592357732769883	0.0025923571672141574	-0.0011219364076275118
0.001296178724996011	0.0025923574499920215	-0.0012961787249960105	-0.0012961787249960105	-0.0012961787249960108	0.0012961787249960108	0.0025923574499920215	0.998703821275004	-0.0012961787249960103	-0.0012961787249960105	0.0012990727783094881	0.002589462668831813	-0.001296177997149281	-0.0012961788663849413	-0.0012961785836070792	0.0005609682038137558
0.0019442680874940156	0.003888536174988031	-0.0019442680874940154	-0.0019442680874940154	-0.0019442680874940154	0.0019442680874940154	0.003888536174988031	-0.0019442680874940156	0.998055731912506	-0.001944268087494016	0.001948609167464231	0.003884194003247721	-0.0019442669957239222	-0.0019442682995774118	-0.0019442678754106185	0.0008414523057206339
0.003888536174988032	0.007777072349976064	-0.0038885361749880316	-0.003888536174988032	-0.0038885361749880316	0.0038885361749880316	0.007777072349976064	-0.003888536174988032	-0.003888536174988031	0.996111463825012	0.0038972183349284613	0.007768388006495443	-0.003888533991447844	-0.0038885365991548244	-0.0038885357508212375	0.0016829046114412683
-0.000647616425775462	-0.0012952328515509239	0.0006476164257754618	0.0006476164257754619	0.0006476164257754619	-0.0006476164257754619	-0.0012952328515509236	0.0006476164257754618	0.0006476164257754618	0.0006476164257754619	0.9823507491127427	0.015701392374587755	0.0006526256611184922	0.0006475732168617549	0.0006476596346891684	-0.01789736057540384
-0.002516175387713745	-0.00503235077542749	0.0025161753877137446	0.0025161753877137446	0.0025161753877137446	-0.0025161753877137446	-0.00503235077542749	0.002516175387713745	0.002516175387713745	0.002516175387713746	0.035173079878130585	0.957277838772143	0.0025167305742991846	0.0025160901857766067	0.0025162605896508813	-0.03569506702567446
0.0012961787195211317	0.0025923574390422635	-0.001296178719521131	-0.001296178719521131	-0.001296178719521131	0.001296178719521131	0.002592357439042262	-0.001296178719521131	-0.001296178719521131	-0.0012961787195211313	0.0013090963796715768	0.0025890575624767723	0.9986942034968941	-0.0012961788839204807	-0.0012961785551217815	0.00055176375746703
0.0019442725929262777	0.0038885451858525553	-0.0019442725929262774	-0.0019442725929262774	-0.0019442725929262772	0.0019442725929262772	0.003888545185852555	-0.0019442725929262774	-0.0019442725929262774	-0.0019442725929262774	0.0019487265742142656	0.0038840900831915077	-0.0019442714715532173	0.9980534403770095	-0.001941985562862355	0.000839283032307192
0.003888536172112392	0.007777072344224783	-0.003888536172112391	-0.0038885361721123913	-0.0038885361721123913	0.0038885361721123913	0.0077770723442247836	-0.0038885361721123918	-0.0038885361721123913	-0.0038885361721123918	0.003897444124936596	0.007768162148656872	-0.003888533929368684	-0.0038839629804866	0.9961068906362617	0.0016785619631831696
-0.0019414920752831599	-0.0038829841505663197	0.0019414920752831597	0.0019414920752831597	0.0019414920752831599	-0.0019414920752831599	-0.0038829841505663197	0.00194149207528316	0.0019414920752831599	0.00194149207528316	-0.10388950633713195	0.0980926853665747	0.001913836819990874	0.0019458062246549537	0.0019371779259113669	0.893452421309841