0.9996985915307134	-0.0006028169385733044	0.0003014084692866522	0.0003014084692866522	0.0003014084692866522	-0.00030140846928665226	-0.0006028169385733044	0.0003014084692866522	0.0003014084692866522	0.00030140846928665226	-0.0003016041960755848	-0.0006026211597886013	0.00030140841729088183	0.000301408477199298	0.00030140846137400565	-0.0001399214327183108
-0.0012056338771466084	0.9975887322457068	0.0012056338771466084	0.0012056338771466084	0.0012056338771466084	-0.0012056338771466086	-0.0024112677542932164	0.001205633877146608	0.001205633877146608	0.0012056338771466082	-0.0012064167843023395	-0.0024104846391544035	0.001205633669163527	0.0012056339087971922	0.001205633845496023	-0.0005596857308732433
0.0006028169385733045	0.0012056338771466086	0.9993971830614267	-0.0006028169385733043	-0.0006028169385733042	0.0006028169385733044	0.0012056338771466084	-0.0006028169385733042	-0.0006028169385733042	-0.0006028169385733042	0.0006032083921511699	0.001205242319577202	-0.0006028168345817634	-0.0006028169543985957	-0.0006028169227480117	0.00027984286543662155
0.0009042254078599557	0.0018084508157199114	-0.0009042254078599556	0.9990957745921403	-0.0009042254078599558	0.0009042254078599558	0.0018084508157199118	-0.0009042254078599556	-0.0009042254078599558	-0.0009042254078599559	0.0009048125882267543	0.001807863479365803	-0.0009042252518726453	-0.0009042254315978937	-0.0009042253841220175	0.0004197642981549324
0.0018084508157199112	0.0036169016314398224	-0.001808450815719911	-0.001808450815719911	0.9981915491842798	0.0018084508157199118	0.003616901631439824	-0.0018084508157199112	-0.0018084508157199116	-0.0018084508157199118	0.0018096251764535087	0.003615726958731604	-0.0018084505037452906	-0.001808450863195788	-0.001808450768244035	0.0008395285963098647
-0.00030140846928665226	-0.0006028169385733043	0.0003014084692866522	0.0003014084692866522	0.0003014084692866522	0.9996985915307136	-0.0006028169385733042	0.0003014084692866521	0.0003014084692866521	0.00030140846928665215	-0.00030160419607558493	-0.000602621159788601	0.0003014084172908818	0.00030140847719929806	0.00030140846137400587	-0.00013992143271831085
-0.001205633877146609	-0.0024112677542932172	0.0012056338771466088	0.0012056338771466088	0.0012056338771466086	-0.001205633877146609	0.9975887322457069	0.0012056338771466084	0.0012056338771466084	0.0012056338771466088	-0.0012064167843023393	-0.0024104846391544044	0.0012056336691635271	0.0012056339087971918	0.0012056338454960232	-0.000559685730873243
0.0006028169385733044	0.0012056338771466084	-0.0006028169385733043	-0.0006028169385733043	-0.0006028169385733043	0.0006028169385733044	0.0012056338771466088	0.9993971830614264	-0.0006028169385733042	-0.0006028169385733044	0.0006032083921511699	0.0012052423195772022	-0.0006028168345817636	-0.0006028169543985958	-0.000602816922748012	0.0002798428654366216
0.0009042254078599557	0.0018084508157199114	-0.0009042254078599555	-0.0009042254078599555	-0.0009042254078599558	0.0009042254078599558	0.0018084508157199118	-0.0009042254078599557	0.99909577459214	-0.0009042254078599562	0.0009048125882267545	0.0018078634793658027	-0.0009042252518726453	-0.0009042254315978941	-0.0009042253841220177	0.0004197642981549325
0.0018084508157199116	0.0036169016314398232	-0.0018084508157199112	-0.0018084508157199112	-0.0018084508157199118	0.0018084508157199118	0.003616901631439824	-0.0018084508157199116	-0.0018084508157199118	0.99819154918428	0.001809625176453509	0.003615726958731605	-0.001808450503745291	-0.0018084508631957881	-0.001808450768244035	0.0008395285963098649
-0.0003013512922918026	-0.0006027025845836049	0.00030135129229180246	0.0003013512922918024	0.00030135129229180246	-0.00030135129229180246	-0.0006027025845836049	0.00030135129229180236	0.0003013512922918023	0.0003013512922918023	0.9906905178679789	0.008402850102172099	0.0003039294452650602	0.00030134115874627437	0.0003013614258373301	-0.009317558037033253
-0.0011881133465959264	-0.0023762266931918524	0.0011881133465959262	0.001188113346595926	0.0011881133465959262	-0.0011881133465959264	-0.002376226693191853	0.001188113346595926	0.001188113346595926	0.0011881133465959262	0.017841081245078112	0.9785944196712261	0.0011882723905040251	0.0011880932279816619	0.0011881334652101905	-0.01873196000193054
0.000602816938226329	0.0012056338764526579	-0.000602816938226329	-0.0006028169382263289	-0.000602816938226329	0.0006028169382263291	0.0012056338764526583	-0.000602816938226329	-0.0006028169382263289	-0.000602816938226329	0.0006083652447387358	0.0012051275811795486	0.9993921410505343	-0.0006028169595460628	-0.0006028169169065953	0.000274916899850285
0.000904226375728413	0.0018084527514568261	-0.0009042263757284128	-0.000904226375728413	-0.0009042263757284131	0.0009042263757284131	0.0018084527514568261	-0.000904226375728413	-0.000904226375728413	-0.0009042263757284128	0.0009048418068061542	0.0018078371567879328	-0.0009042262121372613	0.9990947098154084	-0.0009031625668650334	0.0004187295846673586
0.0018084508155534517	0.0036169016311069038	-0.0018084508155534515	-0.0018084508155534515	-0.0018084508155534519	0.0018084508155534517	0.0036169016311069038	-0.0018084508155534517	-0.0018084508155534517	-0.0018084508155534515	0.0018096816770589675	0.003615670442419259	-0.0018084504883713215	-0.0018063232972210692	0.9981894216661138	0.000837458249238253
-0.0009038966830985832	-0.0018077933661971664	0.0009038966830985832	0.0009038966830985832	0.0009038966830985833	-0.0009038966830985833	-0.0018077933661971668	0.0009038966830985832	0.0009038966830985833	0.0009038966830985833	-0.054921922818541746	0.05222501659304113	0.0008891128593034363	0.0009059634237910526	0.0009018299424061147	0.9445121995504033