0.998927336817272	-0.002145326365455991	0.0010726631827279955	0.0010726631827279955	0.0010726631827279955	-0.0010726631827279957	-0.0021453263654559913	0.0010726631827279955	0.0010726631827279959	0.0010726631827279957	-0.0010772915968993613	-0.0021406968917093727	0.001072662123152742	0.001072663470180402	0.0010726628952755892	-0.000431776596413571
-0.004290652730911981	0.9914186945381761	0.004290652730911983	0.004290652730911982	0.004290652730911982	-0.0042906527309119835	-0.008581305461823967	0.004290652730911982	0.0042906527309119835	0.004290652730911983	-0.004309166387597447	-0.008562787566837492	0.004290648492610968	0.004290653880721608	0.0042906515811023576	-0.0017271063856542845
0.002145326365455991	0.0042906527309119835	0.9978546736345448	-0.0021453263654559918	-0.0021453263654559918	0.002145326365455992	0.004290652730911984	-0.0021453263654559918	-0.002145326365455992	-0.0021453263654559918	0.0021545831937987226	0.0042813937834187445	-0.002145324246305485	-0.002145326940360803	-0.0021453257905511783	0.0008635531928271426
0.0032179895481839866	0.006435979096367975	-0.0032179895481839874	0.9967820104518157	-0.0032179895481839866	0.003217989548183987	0.006435979096367975	-0.003217989548183987	-0.0032179895481839866	-0.003217989548183987	0.003231874790698082	0.006422090675128119	-0.0032179863694582283	-0.0032179904105412056	-0.003217988685826768	0.001295329789240714
0.006435979096367973	0.01287195819273595	-0.006435979096367974	-0.006435979096367972	0.9935640209036323	0.006435979096367972	0.012871958192735945	-0.006435979096367972	-0.006435979096367971	-0.006435979096367972	0.006463749581396165	0.01284418135025624	-0.006435972738916457	-0.006435980821082409	-0.006435977371653541	0.0025906595784814276
-0.0010726631827279948	-0.00214532636545599	0.0010726631827279948	0.001072663182727995	0.0010726631827279952	0.9989273368172724	-0.002145326365455991	0.0010726631827279952	0.0010726631827279957	0.0010726631827279955	-0.001077291596899361	-0.0021406968917093722	0.0010726621231527422	0.0010726634701804015	0.0010726628952755892	-0.00043177659641357107
-0.004290652730911979	-0.00858130546182396	0.004290652730911979	0.00429065273091198	0.004290652730911981	-0.004290652730911982	0.9914186945381761	0.004290652730911981	0.004290652730911982	0.004290652730911982	-0.004309166387597443	-0.008562787566837489	0.004290648492610967	0.004290653880721604	0.004290651581102356	-0.0017271063856542845
0.0021453263654559896	0.004290652730911981	-0.00214532636545599	-0.0021453263654559905	-0.002145326365455991	0.0021453263654559913	0.004290652730911983	0.9978546736345444	-0.002145326365455992	-0.0021453263654559918	0.002154583193798722	0.004281393783418745	-0.002145324246305485	-0.002145326940360804	-0.0021453257905511797	0.0008635531928271427
0.0032179895481839866	0.006435979096367975	-0.003217989548183987	-0.003217989548183986	-0.003217989548183987	0.0032179895481839866	0.006435979096367974	-0.0032179895481839874	0.996782010451816	-0.003217989548183987	0.0032318747906980834	0.00642209067512812	-0.0032179863694582283	-0.003217990410541205	-0.003217988685826769	0.0012953297892407142
0.0064359790963679706	0.012871958192735946	-0.006435979096367972	-0.00643597909636797	-0.006435979096367972	0.006435979096367971	0.012871958192735945	-0.006435979096367973	-0.006435979096367971	0.9935640209036322	0.006463749581396165	0.012844181350256239	-0.006435972738916456	-0.006435980821082409	-0.006435977371653537	0.002590659578481427
-0.0010708746257383278	-0.002141749251476656	0.001070874625738328	0.0010708746257383282	0.0010708746257383282	-0.0010708746257383282	-0.002141749251476656	0.0010708746257383282	0.0010708746257383284	0.001070874625738328	0.974210555140337	0.022569394258591113	0.0010783013495954106	0.0010707659166789717	0.0010709833347976845	-0.026432281052093224
-0.004094402870274334	-0.008188805740548668	0.004094402870274335	0.004094402870274336	0.004094402870274336	-0.004094402870274336	-0.008188805740548673	0.004094402870274336	0.0040944028702743366	0.0040944028702743366	0.05303109493230694	0.9346846052918183	0.004095494035326727	0.004094189953981287	0.004094615786567385	-0.05234260138450495
0.0021453263377650507	0.004290652675530102	-0.0021453263377650502	-0.0021453263377650507	-0.0021453263377650507	0.0021453263377650507	0.004290652675530101	-0.0021453263377650507	-0.002145326337765051	-0.0021453263377650507	0.0021694614306168496	0.004280582413265127	0.9978406088316489	-0.0021453269695249884	-0.0021453257060051133	0.0008503177518758808
0.0032180019940562113	0.006436003988112424	-0.003218001994056212	-0.0032180019940562113	-0.003218001994056212	0.003218001994056212	0.006436003988112424	-0.003218001994056212	-0.0032180019940562118	-0.0032180019940562126	0.0032321550567767582	0.006421847678398384	-0.003217998747062716	0.9967782133867552	-0.003214217374867767	0.0012918273675745042
0.006435979079334676	0.012871958158669355	-0.006435979079334677	-0.0064359790793346765	-0.006435979079334677	0.0064359790793346765	0.012871958158669355	-0.006435979079334677	-0.0064359790793346765	-0.006435979079334678	0.006464285155841629	0.012843645588186165	-0.0064359725853584395	-0.006428413344613596	0.9935564551859443	0.0025836438795920455
-0.0032074151221297355	-0.006414830244259472	0.003207415122129736	0.0032074151221297346	0.003207415122129736	-0.0032074151221297355	-0.006414830244259473	0.0032074151221297364	0.003207415122129736	0.003207415122129737	-0.15142098642200855	0.14183858049396808	0.003167575683780952	0.003214329461772609	0.003200500782486861	0.8426935610904219