0.9992597940897645	-0.0014804118204715722	0.0007402059102357863	0.0007402059102357862	0.0007402059102357862	-0.0007402059102357862	-0.001480411820471573	0.0007402059102357866	0.0007402059102357864	0.0007402059102357866	-0.0007422027950113792	-0.0014784144420791935	0.0007402054166189979	0.0007402060129141245	0.0007402058075574487	-0.00031503752574487
-0.0029608236409431445	0.9940783527181136	0.002960823640943145	0.002960823640943145	0.0029608236409431454	-0.002960823640943145	-0.005921647281886292	0.0029608236409431462	0.0029608236409431462	0.0029608236409431475	-0.002968811180045516	-0.005913657768316772	0.002960821666475991	0.002960824051656499	0.002960823230229794	-0.0012601501029794809
0.001480411820471573	0.0029608236409431462	0.998519588179529	-0.0014804118204715727	-0.001480411820471573	0.001480411820471573	0.002960823640943147	-0.0014804118204715738	-0.0014804118204715738	-0.0014804118204715738	0.0014844055900227584	0.002956828884158386	-0.0014804108332379959	-0.0014804120258282492	-0.0014804116151148974	0.0006300750514897404
0.0022206177307073608	0.0044412354614147215	-0.0022206177307073608	0.9977793822692924	-0.0022206177307073603	0.00222061773070736	0.0044412354614147215	-0.0022206177307073603	-0.002220617730707361	-0.0022206177307073608	0.0022266083850341354	0.004435243326237576	-0.0022206162498569926	-0.0022206180387423745	-0.0022206174226723457	0.0009451125772346113
0.004441235461414719	0.008882470922829438	-0.004441235461414719	-0.00444123546141472	0.9955587645385853	0.00444123546141472	0.008882470922829441	-0.00444123546141472	-0.0044412354614147215	-0.004441235461414721	0.004453216770068272	0.008870486652475154	-0.004441232499713987	-0.004441236077484747	-0.0044412348453446914	0.0018902251544692214
-0.0007402059102357862	-0.0014804118204715727	0.0007402059102357864	0.0007402059102357866	0.0007402059102357867	0.9992597940897641	-0.0014804118204715731	0.0007402059102357867	0.0007402059102357867	0.0007402059102357869	-0.000742202795011379	-0.0014784144420791926	0.0007402054166189976	0.0007402060129141246	0.0007402058075574484	-0.0003150375257448701
-0.002960823640943144	-0.005921647281886289	0.002960823640943145	0.0029608236409431454	0.002960823640943146	-0.002960823640943145	0.994078352718114	0.0029608236409431462	0.0029608236409431462	0.0029608236409431462	-0.002968811180045516	-0.005913657768316773	0.002960821666475991	0.002960824051656498	0.0029608232302297936	-0.0012601501029794804
0.0014804118204715725	0.0029608236409431454	-0.001480411820471573	-0.0014804118204715731	-0.0014804118204715733	0.0014804118204715727	0.002960823640943146	0.998519588179529	-0.0014804118204715738	-0.0014804118204715742	0.0014844055900227577	0.002956828884158386	-0.0014804108332379955	-0.0014804120258282494	-0.001480411615114897	0.0006300750514897405
0.002220617730707361	0.004441235461414722	-0.002220617730707361	-0.0022206177307073616	-0.0022206177307073616	0.0022206177307073608	0.004441235461414722	-0.0022206177307073616	0.9977793822692929	-0.002220617730707361	0.002226608385034136	0.004435243326237578	-0.002220616249856994	-0.002220618038742374	-0.0022206174226723453	0.000945112577234611
0.00444123546141472	0.00888247092282944	-0.00444123546141472	-0.004441235461414721	-0.004441235461414721	0.004441235461414719	0.00888247092282944	-0.004441235461414721	-0.0044412354614147215	0.9955587645385854	0.004453216770068272	0.008870486652475156	-0.004441232499713989	-0.004441236077484747	-0.004441234845344691	0.0018902251544692223
-0.0007395304776544575	-0.001479060955308915	0.0007395304776544576	0.0007395304776544577	0.0007395304776544576	-0.0007395304776544574	-0.0014790609553089152	0.0007395304776544577	0.0007395304776544576	0.0007395304776544577	0.9804283355930907	0.017347492785751505	0.0007451106658493086	0.0007394752089939764	0.0007395857463149387	-0.0199020524623682
-0.0028628758619246657	-0.005725751723849333	0.0028628758619246666	0.002862875861924667	0.0028628758619246666	-0.0028628758619246653	-0.005725751723849334	0.0028628758619246675	0.002862875861924667	0.002862875861924668	0.039325359418587905	0.9520853395601488	0.002863549297414326	0.002862767054437043	0.0028629846694122906	-0.03962294734407259
0.0014804118118983565	0.002960823623796713	-0.0014804118118983565	-0.0014804118118983568	-0.0014804118118983568	0.001480411811898356	0.002960823623796713	-0.0014804118118983568	-0.0014804118118983568	-0.0014804118118983568	0.0014955736408704548	0.0029563357962719013	0.998508914186654	-0.0014804120465628482	-0.001480411577233864	0.0006199048379342756
0.002220623618574846	0.004441247237149692	-0.0022206236185748464	-0.002220623618574847	-0.002220623618574847	0.002220623618574846	0.004441247237149693	-0.0022206236185748464	-0.002220623618574847	-0.002220623618574847	0.00222675660882265	0.004435112728969677	-0.002220622100642634	0.9977767643875994	-0.0022180116247490405	0.0009426494397239695
0.004441235456776521	0.008882470913553042	-0.004441235456776521	-0.004441235456776521	-0.004441235456776521	0.004441235456776519	0.00888247091355304	-0.004441235456776521	-0.004441235456776522	-0.004441235456776522	0.004453501422080416	0.008870201912388404	-0.004441232420915777	-0.00443601272746012	0.995553541813907	0.0018852935730710755
-0.002216644130235846	-0.004433288260471692	0.0022166441302358467	0.0022166441302358467	0.002216644130235847	-0.0022166441302358454	-0.004433288260471693	0.002216644130235847	0.0022166441302358475	0.002216644130235848	-0.11513971334930495	0.10852034910710695	0.002186075981726278	0.002221535554413302	0.00221175270605839	0.8815272248906119