0.9986579689421315	-0.002684062115737542	0.0013420310578687712	0.0013420310578687706	0.001342031057868771	-0.0013420310578687704	-0.002684062115737542	0.0013420310578687708	0.0013420310578687701	0.001342031057868771	-0.0013493196384905708	-0.0026767720047161806	0.0013420295274692096	0.0013420315884391935	0.0013420305272983481	-0.0005182904115359295
-0.005368124231475083	0.9892637515370496	0.005368124231475084	0.005368124231475082	0.005368124231475083	-0.005368124231475081	-0.010736248462950166	0.005368124231475083	0.005368124231475081	0.005368124231475084	-0.005397278553962284	-0.010707088018864724	0.005368118109876837	0.005368126353756775	0.00536812210919339	-0.002073161646143717
0.002684062115737543	0.005368124231475085	0.9973159378842626	-0.0026840621157375416	-0.002684062115737542	0.002684062115737541	0.005368124231475085	-0.002684062115737542	-0.0026840621157375407	-0.0026840621157375433	0.002698639276981142	0.005353544009432361	-0.0026840590549384188	-0.0026840631768783874	-0.0026840610545966954	0.0010365808230718592
0.00402609317360631	0.008052186347212617	-0.004026093173606309	0.9959739068263939	-0.0040260931736063104	0.004026093173606311	0.008052186347212623	-0.004026093173606312	-0.0040260931736063104	-0.004026093173606311	0.004047958915471713	0.008030316014148537	-0.0040260885824076305	-0.0040260947653175784	-0.0040260915818950424	0.0015548712346077874
0.008052186347212624	0.016104372694425245	-0.008052186347212623	-0.008052186347212623	0.9919478136527872	0.00805218634721262	0.016104372694425245	-0.008052186347212624	-0.008052186347212621	-0.008052186347212624	0.00809591783094342	0.016060632028297068	-0.008052177164815252	-0.008052189530635157	-0.008052183163790078	0.003109742469215575
-0.0013420310578687708	-0.0026840621157375416	0.0013420310578687706	0.0013420310578687704	0.0013420310578687708	0.9986579689421309	-0.002684062115737541	0.0013420310578687706	0.00134203105786877	0.001342031057868771	-0.0013493196384905706	-0.0026767720047161793	0.0013420295274692094	0.0013420315884391932	0.0013420305272983473	-0.0005182904115359294
-0.0053681242314750814	-0.010736248462950165	0.0053681242314750814	0.005368124231475081	0.005368124231475082	-0.005368124231475081	0.9892637515370498	0.005368124231475083	0.005368124231475081	0.005368124231475085	-0.005397278553962284	-0.010707088018864717	0.005368118109876837	0.005368126353756775	0.005368122109193389	-0.002073161646143718
0.0026840621157375416	0.005368124231475083	-0.002684062115737541	-0.0026840621157375407	-0.0026840621157375416	0.002684062115737541	0.005368124231475083	0.9973159378842624	-0.0026840621157375403	-0.0026840621157375425	0.0026986392769811412	0.0053535440094323586	-0.0026840590549384183	-0.0026840631768783874	-0.0026840610545966945	0.0010365808230718588
0.004026093173606311	0.008052186347212623	-0.004026093173606311	-0.004026093173606311	-0.004026093173606311	0.004026093173606311	0.008052186347212623	-0.004026093173606311	0.9959739068263932	-0.004026093173606312	0.00404795891547171	0.008030316014148537	-0.004026088582407627	-0.004026094765317579	-0.004026091581895042	0.0015548712346077878
0.008052186347212623	0.016104372694425245	-0.008052186347212623	-0.008052186347212623	-0.008052186347212623	0.008052186347212623	0.016104372694425245	-0.008052186347212623	-0.008052186347212621	0.9919478136527876	0.008095917830943421	0.016060632028297075	-0.008052177164815258	-0.00805218953063516	-0.008052183163790081	0.003109742469215575
-0.001338861171688734	-0.002677722343377468	0.001338861171688734	0.0013388611716887335	0.0013388611716887338	-0.0013388611716887338	-0.0026777223433774675	0.0013388611716887338	0.001338861171688733	0.0013388611716887338	0.969788355182737	0.026186350387411482	0.0013475720864738689	0.001338698931403642	0.001339023411973825	-0.03109532864825087
-0.005070834857395825	-0.01014166971479165	0.005070834857395824	0.0050708348573958225	0.005070834857395823	-0.005070834857395823	-0.010141669714791648	0.005070834857395824	0.0050708348573958225	0.005070834857395826	0.0629002708149575	0.9218858398312247	0.00507221963902606	0.005070518213278905	0.005071151501512741	-0.06137316931572283
0.002684062064010378	0.005368124128020756	-0.002684062064010378	-0.002684062064010377	-0.0026840620640103774	0.0026840620640103774	0.005368124128020755	-0.002684062064010378	-0.002684062064010377	-0.0026840620640103782	0.0027161133054183512	0.005352496057396161	0.9972995147652061	-0.0026840632091866315	-0.0026840609188341245	0.0010212225301236572
0.004026112759528888	0.008052225519057774	-0.004026112759528887	-0.004026112759528887	-0.004026112759528887	0.004026112759528888	0.008052225519057774	-0.004026112759528888	-0.004026112759528887	-0.004026112759528889	0.0040483671446097805	0.008029966445322142	-0.004026108070874148	0.9959691527704335	-0.004021378289491597	0.001550547811227626
0.008052186310819496	0.016104372621638992	-0.008052186310819498	-0.008052186310819498	-0.008052186310819496	0.008052186310819498	0.016104372621638996	-0.0080521863108195	-0.008052186310819496	-0.008052186310819498	0.008096694988166266	0.01605985456700085	-0.00805217693352813	-0.008042723821594303	0.9919383511999553	0.003101078938857242
-0.004007310175744952	-0.008014620351489903	0.004007310175744952	0.004007310175744952	0.004007310175744952	-0.004007310175744952	-0.008014620351489901	0.004007310175744952	0.004007310175744951	0.004007310175744951	-0.17712406776189554	0.16514842604407654	0.0039610213663290195	0.004015800809744953	0.003998819541744947	0.8149728521240767