0.9983612989180342	-0.0032774021639300995	0.0016387010819650498	0.0016387010819650498	0.00163870108196505	-0.00163870108196505	-0.0032774021639301	0.0016387010819650502	0.0016387010819650502	0.0016387010819650504	-0.0016491403357259274	-0.0032669609987945026	0.0016386991705903294	0.0016387019935645627	0.0016387001703655375	-0.000606061835862655
-0.006554804327860198	0.9868903913442794	0.006554804327860202	0.006554804327860201	0.006554804327860202	-0.006554804327860202	-0.013109608655720403	0.0065548043278602025	0.006554804327860202	0.0065548043278602025	-0.0065965613429037106	-0.013067843995178012	0.006554796682361319	0.006554807974258251	0.006554800681462153	-0.0024242473434506195
0.0032774021639301	0.006554804327860203	0.99672259783607	-0.003277402163930101	-0.0032774021639301013	0.0032774021639301013	0.006554804327860203	-0.003277402163930102	-0.0032774021639301017	-0.003277402163930102	0.003298280671451855	0.006533921997589006	-0.0032773983411806596	-0.0032774039871291253	-0.0032774003407310755	0.0012121236717253102
0.004916103245895151	0.009832206491790306	-0.004916103245895151	0.9950838967541047	-0.004916103245895152	0.004916103245895151	0.009832206491790303	-0.004916103245895151	-0.004916103245895152	-0.004916103245895153	0.004947421007177784	0.00980088299638351	-0.004916097511770989	-0.004916105980693689	-0.004916100511096619	0.0018181855075879655
0.009832206491790303	0.019664412983580612	-0.009832206491790303	-0.009832206491790304	0.9901677935082098	0.009832206491790303	0.019664412983580612	-0.009832206491790304	-0.009832206491790304	-0.009832206491790308	0.009894842014355566	0.01960176599276702	-0.009832195023541976	-0.009832211961387376	-0.009832201022193229	0.0036363710151759315
-0.0016387010819650502	-0.0032774021639301013	0.0016387010819650504	0.0016387010819650504	0.0016387010819650504	0.9983612989180349	-0.003277402163930101	0.0016387010819650504	0.0016387010819650504	0.0016387010819650506	-0.0016491403357259274	-0.003266960998794503	0.0016386991705903298	0.001638701993564563	0.0016387001703655382	-0.0006060618358626551
-0.006554804327860199	-0.013109608655720403	0.006554804327860201	0.006554804327860201	0.006554804327860201	-0.0065548043278602	0.9868903913442794	0.006554804327860201	0.006554804327860201	0.006554804327860202	-0.00659656134290371	-0.013067843995178009	0.0065547966823613175	0.006554807974258251	0.006554800681462153	-0.0024242473434506204
0.0032774021639301013	0.006554804327860206	-0.003277402163930102	-0.003277402163930102	-0.003277402163930102	0.0032774021639301017	0.006554804327860205	0.9967225978360702	-0.0032774021639301017	-0.003277402163930102	0.0032982806714518557	0.006533921997589007	-0.0032773983411806605	-0.003277403987129127	-0.0032774003407310764	0.0012121236717253106
0.0049161032458951495	0.009832206491790303	-0.0049161032458951495	-0.00491610324589515	-0.0049161032458951495	0.00491610324589515	0.009832206491790303	-0.00491610324589515	0.9950838967541049	-0.004916103245895155	0.004947421007177785	0.00980088299638351	-0.004916097511770988	-0.004916105980693688	-0.004916100511096616	0.0018181855075879657
0.009832206491790303	0.019664412983580615	-0.009832206491790304	-0.009832206491790306	-0.009832206491790304	0.009832206491790306	0.019664412983580615	-0.009832206491790306	-0.009832206491790308	0.99016779350821	0.00989484201435557	0.019601765992767025	-0.00983219502354198	-0.00983221196138738	-0.009832201022193234	0.0036363710151759315
-0.0016334711137300892	-0.00326694222746018	0.0016334711137300894	0.0016334711137300896	0.0016334711137300894	-0.0016334711137300892	-0.0032669422274601793	0.0016334711137300894	0.0016334711137300894	0.0016334711137300899	0.9653544010262419	0.029735245972890272	0.0016434107734074868	0.001633240512599398	0.0016337017148607804	-0.035758057602381405
-0.006125258511595061	-0.012250517023190128	0.006125258511595062	0.006125258511595063	0.006125258511595062	-0.006125258511595061	-0.012250517023190126	0.006125258511595062	0.006125258511595061	0.006125258511595063	0.07274325056883442	0.9088793412095325	0.006126891198442759	0.006124809933853998	0.006125707089336123	-0.07038017256721635
0.0032774020812488674	0.006554804162497738	-0.0032774020812488683	-0.0032774020812488683	-0.0032774020812488683	0.003277402081248868	0.0065548041624977375	-0.0032774020812488688	-0.0032774020812488688	-0.0032774020812488688	0.0033182632157358455	0.006532652323818514	0.9967038886229435	-0.0032774040227844903	-0.003277400139713244	0.0011946848007612307
0.004916132621872149	0.009832265243744302	-0.00491613262187215	-0.004916132621872151	-0.00491613262187215	0.004916132621872149	0.0098322652437443	-0.00491613262187215	-0.00491613262187215	-0.00491613262187215	0.004947989641979979	0.009800402356552843	-0.004916126754788515	0.995078087095697	-0.004910352339441687	0.001812976720165962
0.009832206421398988	0.019664412842797983	-0.009832206421398992	-0.009832206421398992	-0.009832206421398992	0.00983220642139899	0.019664412842797983	-0.00983220642139899	-0.009832206421398992	-0.009832206421398992	0.009895920307287103	0.019600687222766956	-0.009832194687256083	-0.009820656919674556	0.9901562440768766	0.0036259290172946856
-0.004885063034950794	-0.009770126069901592	0.004885063034950794	0.004885063034950796	0.004885063034950795	-0.004885063034950795	-0.00977012606990159	0.004885063034950794	0.004885063034950795	0.004885063034950795	-0.20281467703279943	0.1882121245467237	0.004832426416174019	0.004895231656556103	0.0048748944133454875	0.7872577236814667