0.9987845358369247	-0.0024309283261502506	0.0012154641630751249	0.0012154641630751255	0.0012154641630751258	-0.0012154641630751255	-0.002430928326150251	0.0012154641630751249	0.0012154641630751255	0.001215464163075126	-0.001221462244814849	-0.0024249289282537536	0.0012154628469183497	0.0012154645680218436	0.0012154637581284096	-0.00047848036946455247
-0.004861856652300504	0.9902762866953991	0.004861856652300502	0.004861856652300504	0.004861856652300504	-0.004861856652300503	-0.009723713304601006	0.004861856652300503	0.004861856652300503	0.004861856652300505	-0.004885848979259393	-0.009699715713015013	0.004861851387673396	0.004861858272087376	0.004861855032513637	-0.0019139214778582099
0.0024309283261502515	0.004861856652300503	0.997569071673849	-0.002430928326150251	-0.0024309283261502515	0.002430928326150251	0.004861856652300502	-0.0024309283261502498	-0.002430928326150251	-0.002430928326150252	0.002442924489629697	0.004849857856507508	-0.002430925693836698	-0.0024309291360436855	-0.0024309275162568184	0.0009569607389291049
0.0036463924892253803	0.007292784978450761	-0.0036463924892253794	0.9963536075107751	-0.0036463924892253807	0.0036463924892253803	0.00729278497845076	-0.003646392489225379	-0.0036463924892253803	-0.0036463924892253803	0.003664386734444547	0.007274786784761265	-0.0036463885407550514	-0.0036463937040655324	-0.0036463912743852286	0.0014354411083936582
0.007292784978450763	0.014585569956901526	-0.0072927849784507615	-0.007292784978450765	0.9927072150215493	0.00729278497845076	0.014585569956901521	-0.007292784978450759	-0.0072927849784507615	-0.007292784978450762	0.007328773468889095	0.014549573569522524	-0.007292777081510102	-0.007292787408131064	-0.007292782548770458	0.0028708822167873163
-0.0012154641630751255	-0.0024309283261502515	0.0012154641630751255	0.001215464163075126	0.0012154641630751262	0.998784535836925	-0.002430928326150251	0.001215464163075125	0.0012154641630751253	0.0012154641630751258	-0.0012214622448148487	-0.0024249289282537527	0.0012154628469183495	0.0012154645680218434	0.001215463758128409	-0.0004784803694645526
-0.004861856652300502	-0.009723713304601003	0.004861856652300501	0.004861856652300503	0.004861856652300504	-0.004861856652300502	0.990276286695399	0.004861856652300501	0.004861856652300503	0.004861856652300504	-0.004885848979259397	-0.009699715713015013	0.0048618513876734	0.004861858272087374	0.004861855032513636	-0.0019139214778582105
0.0024309283261502498	0.0048618566523004995	-0.0024309283261502493	-0.0024309283261502506	-0.0024309283261502506	0.0024309283261502498	0.0048618566523004995	0.9975690716738492	-0.00243092832615025	-0.0024309283261502506	0.002442924489629697	0.0048498578565075055	-0.0024309256938366986	-0.0024309291360436864	-0.0024309275162568175	0.0009569607389291052
0.003646392489225379	0.007292784978450758	-0.0036463924892253786	-0.0036463924892253794	-0.0036463924892253794	0.0036463924892253786	0.007292784978450758	-0.0036463924892253786	0.9963536075107747	-0.0036463924892253807	0.0036643867344445464	0.007274786784761262	-0.0036463885407550505	-0.003646393704065531	-0.0036463912743852273	0.0014354411083936577
0.007292784978450761	0.014585569956901521	-0.007292784978450759	-0.0072927849784507615	-0.007292784978450762	0.00729278497845076	0.014585569956901521	-0.007292784978450759	-0.007292784978450762	0.9927072150215493	0.007328773468889094	0.014549573569522528	-0.007292777081510101	-0.007292787408131063	-0.007292782548770457	0.0028708822167873163
-0.0012129993305846566	-0.0024259986611693137	0.0012129993305846566	0.0012129993305846568	0.001212999330584657	-0.0012129993305846566	-0.0024259986611693133	0.0012129993305846564	0.0012129993305846566	0.0012129993305846568	0.9718106743837315	0.024542198636664885	0.001221128318434113	0.001212863308148023	0.0012131353530212897	-0.02896289962660928
-0.004614348490938704	-0.009228696981877406	0.004614348490938703	0.004614348490938704	0.0046143484909387045	-0.004614348490938704	-0.009228696981877406	0.004614348490938703	0.004614348490938703	0.004614348490938704	0.05838517751630806	0.9277705231962606	0.0046156023055538686	0.004614082593903567	0.004614614387973841	-0.05724741470527193
0.0024309282865088424	0.004861856573017685	-0.002430928286508842	-0.0024309282865088433	-0.0024309282865088437	0.002430928286508843	0.004861856573017686	-0.0024309282865088424	-0.0024309282865088433	-0.0024309282865088433	0.002459219904086667	0.004848917478281244	0.9975537191906495	-0.0024309291671676127	-0.0024309274058500747	0.0009425672443825112
0.003646408514706535	0.007292817029413071	-0.0036464085147065346	-0.0036464085147065364	-0.0036464085147065364	0.003646408514706535	0.007292817029413071	-0.0036464085147065346	-0.0036464085147065355	-0.003646408514706536	0.003664732660372599	0.007274488851922584	-0.0036464044828821117	0.9963493032879892	-0.0036421203174029373	0.0014315012985911693
0.007292784952368787	0.014585569904737574	-0.0072927849523687855	-0.007292784952368789	-0.007292784952368788	0.007292784952368787	0.014585569904737573	-0.007292784952368785	-0.007292784952368787	-0.007292784952368787	0.007329433173226441	0.014548913620245704	-0.0072927768887345685	-0.007284213486357895	0.9926986435816207	0.002862988797098661
-0.003631800759989821	-0.007263601519979645	0.003631800759989821	0.0036318007599898225	0.0036318007599898225	-0.003631800759989821	-0.007263601519979643	0.0036318007599898203	0.0036318007599898225	0.0036318007599898225	-0.1653801006549449	0.15452805283409468	0.0035884463008705246	0.00363955730206919	0.003624044217910457	0.8276489100963873