0.9977001283939262	-0.004599743212148669	0.0022998716060743355	0.0022998716060743333	0.0022998716060743355	-0.002299871606074333	-0.004599743212148668	0.0022998716060743346	0.002299871606074334	0.0022998716060743337	-0.002316632765023206	-0.004582980585750672	0.0022998701386252127	0.0022998738711537767	0.0022998693409948894	-0.0007749479870025001
-0.009199486424297333	0.9816010271514058	0.009199486424297342	0.009199486424297335	0.009199486424297344	-0.009199486424297331	-0.018398972848594673	0.009199486424297337	0.009199486424297335	0.009199486424297331	-0.009266531060092826	-0.0183319223430027	0.00919948055450085	0.009199495484615109	0.009199477363979563	-0.0030997919480100005
0.004599743212148669	0.009199486424297342	0.9954002567878523	-0.0045997432121486674	-0.004599743212148672	0.004599743212148667	0.009199486424297338	-0.004599743212148668	-0.004599743212148668	-0.0045997432121486674	0.004633265530046413	0.009165961171501348	-0.004599740277250425	-0.004599747742307553	-0.004599738681989783	0.0015498959740050003
0.006899614818223	0.013799229636446	-0.006899614818223001	0.9931003851817768	-0.006899614818223002	0.006899614818222996	0.013799229636446	-0.006899614818222998	-0.006899614818222998	-0.006899614818222998	0.0069498982950696175	0.013748941757252019	-0.006899610415875636	-0.0068996216134613285	-0.006899608022984669	0.0023248439610075
0.013799229636446008	0.027598459272892017	-0.013799229636446012	-0.013799229636446003	0.9862007703635549	0.013799229636446	0.027598459272892013	-0.013799229636446007	-0.013799229636446005	-0.013799229636446005	0.013899796590139242	0.02749788351450405	-0.01379922083175128	-0.013799243226922664	-0.013799216045969346	0.004649687922015001
-0.002299871606074332	-0.004599743212148667	0.0022998716060743333	0.0022998716060743316	0.002299871606074333	0.9977001283939252	-0.004599743212148666	0.002299871606074333	0.002299871606074332	0.0022998716060743316	-0.002316632765023206	-0.004582980585750673	0.002299870138625212	0.0022998738711537754	0.00229986934099489	-0.0007749479870024999
-0.009199486424297333	-0.018398972848594673	0.009199486424297338	0.009199486424297331	0.009199486424297337	-0.00919948642429733	0.9816010271514056	0.009199486424297335	0.009199486424297333	0.009199486424297331	-0.009266531060092826	-0.018331922343002696	0.009199480554500853	0.009199495484615105	0.009199477363979565	-0.0030997919480100005
0.0045997432121486674	0.009199486424297338	-0.004599743212148669	-0.004599743212148667	-0.004599743212148669	0.004599743212148666	0.009199486424297335	0.9954002567878516	-0.004599743212148667	-0.004599743212148666	0.004633265530046415	0.009165961171501346	-0.0045997402772504255	-0.0045997477423075535	-0.004599738681989783	0.0015498959740050003
0.006899614818223002	0.013799229636446003	-0.0068996148182230025	-0.006899614818222998	-0.0068996148182230025	0.006899614818222997	0.013799229636446003	-0.006899614818223	0.9931003851817771	-0.006899614818223	0.006949898295069619	0.013748941757252022	-0.006899610415875638	-0.006899621613461331	-0.006899608022984669	0.0023248439610075
0.013799229636446005	0.02759845927289201	-0.013799229636446005	-0.013799229636445998	-0.013799229636446005	0.013799229636445996	0.02759845927289201	-0.013799229636446003	-0.013799229636446001	0.986200770363554	0.013899796590139235	0.027497883514504044	-0.01379922083175128	-0.013799243226922659	-0.013799216045969339	0.004649687922015
-0.002287804194875705	-0.004575608389751412	0.002287804194875706	0.0022878041948757037	0.002287804194875705	-0.0022878041948757033	-0.004575608389751409	0.002287804194875705	0.002287804194875704	0.002287804194875704	0.9564968772812404	0.036627612063688385	0.002299902265319451	0.002287389996727837	0.0022882183930235727	-0.04494771795783446
-0.008399115718067217	-0.01679823143613444	0.008399115718067219	0.008399115718067215	0.00839911571806722	-0.008399115718067215	-0.01679823143613444	0.00839911571806722	0.008399115718067219	0.008399115718067217	0.09179738457440645	0.8830034327411906	0.008400951248268677	0.008398314534280988	0.008399916901853455	-0.08812414377702443
0.004599743092733099	0.0091994861854662	-0.0045997430927331	-0.004599743092733098	-0.004599743092733099	0.004599743092733096	0.009199486185466198	-0.004599743092733099	-0.004599743092733099	-0.004599743092733099	0.004657795219051242	0.009164366798804356	0.9953773241676104	-0.004599747831939368	-0.004599738353526834	0.0015284254001195598
0.006899673459277219	0.013799346918554436	-0.00689967345927722	-0.006899673459277218	-0.0068996734592772216	0.006899673459277216	0.01379934691855444	-0.00689967345927722	-0.006899673459277218	-0.00689967345927722	0.006950893923381762	0.013748121828697812	-0.00689966883352514	0.9930922171768399	-0.0068915640953936584	0.002317725694490181
0.013799229426872743	0.02759845885374549	-0.013799229426872747	-0.013799229426872743	-0.013799229426872749	0.013799229426872738	0.02759845885374549	-0.013799229426872745	-0.013799229426872745	-0.013799229426872745	0.013901670063049038	0.027496008966064394	-0.013799220175367935	-0.01378303811913131	0.9861845792653859	0.004635405057672794
-0.006827837464236292	-0.013655674928472587	0.006827837464236294	0.006827837464236292	0.006827837464236294	-0.0068278374642362916	-0.013655674928472583	0.0068278374642362916	0.006827837464236293	0.006827837464236292	-0.2539318859071722	0.2335133958474403	0.006762815131259331	0.0068415503625356595	0.006814124565936927	0.7326222305198244