0.9996408229856492	-0.0007183540287025007	0.00035917701435125024	0.0003591770143512503	0.0003591770143512502	-0.00035917701435125024	-0.0007183540287025006	0.00035917701435125024	0.00035917701435125035	0.00035917701435125024	-0.000359491944102008	-0.0007180390159760587	0.0003591769313755655	0.00035917702748770235	0.00035917700121479874	-0.00016464707091990347
-0.0014367080574050016	0.9971265838851906	0.0014367080574050014	0.0014367080574050016	0.001436708057405001	-0.0014367080574050016	-0.0028734161148100037	0.0014367080574050016	0.001436708057405002	0.0014367080574050016	-0.0014379677764080315	-0.0028721560639042337	0.0014367077255022628	0.0014367081099508096	0.0014367080048591943	-0.0006585882836796136
0.0007183540287025005	0.0014367080574050008	0.9992816459712975	-0.0007183540287025007	-0.0007183540287025004	0.0007183540287025006	0.0014367080574050012	-0.0007183540287025005	-0.0007183540287025007	-0.0007183540287025005	0.0007189838882040157	0.0014360780319521167	-0.0007183538627511313	-0.0007183540549754047	-0.0007183540024295969	0.00032929414183980677
0.0010775310430537507	0.002155062086107502	-0.001077531043053751	0.9989224689569467	-0.0010775310430537514	0.0010775310430537512	0.0021550620861075023	-0.0010775310430537512	-0.001077531043053751	-0.0010775310430537514	0.0010784758323060238	0.002154117047928174	-0.0010775307941266964	-0.0010775310824631078	-0.0010775310036443958	0.0004939412127597105
0.0021550620861075023	0.0043101241722150055	-0.0021550620861075028	-0.0021550620861075028	0.9978449379138923	0.002155062086107502	0.004310124172215005	-0.0021550620861075023	-0.0021550620861075023	-0.002155062086107503	0.0021569516646120467	0.004308234095856349	-0.002155061588253393	-0.002155062164926215	-0.0021550620072887917	0.0009878824255194205
-0.0003591770143512502	-0.0007183540287025003	0.0003591770143512502	0.0003591770143512502	0.0003591770143512502	0.9996408229856488	-0.0007183540287025005	0.0003591770143512502	0.00035917701435125024	0.00035917701435125014	-0.0003594919441020078	-0.0007180390159760584	0.00035917693137556544	0.00035917702748770235	0.0003591770012147985	-0.00016464707091990344
-0.0014367080574050014	-0.0028734161148100024	0.0014367080574050014	0.0014367080574050014	0.0014367080574050014	-0.0014367080574050016	0.99712658388519	0.0014367080574050012	0.0014367080574050014	0.001436708057405001	-0.0014379677764080315	-0.002872156063904234	0.001436707725502262	0.0014367081099508094	0.0014367080048591939	-0.0006585882836796138
0.0007183540287025005	0.0014367080574050008	-0.0007183540287025005	-0.0007183540287025005	-0.0007183540287025005	0.0007183540287025007	0.0014367080574050016	0.9992816459712973	-0.0007183540287025009	-0.0007183540287025007	0.0007189838882040158	0.001436078031952117	-0.0007183538627511312	-0.0007183540549754048	-0.0007183540024295971	0.00032929414183980693
0.0010775310430537514	0.002155062086107503	-0.0010775310430537516	-0.0010775310430537516	-0.0010775310430537516	0.0010775310430537514	0.002155062086107503	-0.0010775310430537514	0.9989224689569466	-0.0010775310430537518	0.0010784758323060235	0.002154117047928175	-0.0010775307941266968	-0.0010775310824631076	-0.001077531003644396	0.0004939412127597105
0.0021550620861075036	0.004310124172215009	-0.0021550620861075045	-0.0021550620861075045	-0.0021550620861075045	0.0021550620861075036	0.004310124172215009	-0.0021550620861075036	-0.002155062086107503	0.9978449379138924	0.0021569516646120475	0.00430823409585635	-0.0021550615882533937	-0.0021550621649262147	-0.0021550620072887917	0.0009878824255194207
-0.000359083570248899	-0.000718167140497798	0.00035908357024889905	0.000359083570248899	0.000359083570248899	-0.00035908357024889905	-0.0007181671404977983	0.00035908357024889905	0.00035908357024889905	0.00035908357024889905	0.9891560825517632	0.00976364880768256	0.0003621015000562129	0.0003590693848310108	0.00035909775566678724	-0.010880349364111377
-0.001412101331317521	-0.002824202662635042	0.0014121013313175212	0.001412101331317521	0.0014121013313175212	-0.0014121013313175214	-0.0028242026626350432	0.0014121013313175214	0.0014121013313175216	0.0014121013313175214	0.020938220342120818	0.974825260373756	0.0014123166214878692	0.0014120732028818095	0.001412129459753234	-0.02184143119114125
0.0007183540280365615	0.001436708056073123	-0.0007183540280365617	-0.0007183540280365617	-0.0007183540280365616	0.0007183540280365617	0.0014367080560731239	-0.0007183540280365619	-0.0007183540280365619	-0.0007183540280365617	0.0007250206583941048	0.0014359224353030452	0.999275764962376	-0.0007183540619759847	-0.0007183539940971393	0.0003235707886615718
0.0010775324190493187	0.0021550648380986377	-0.001077532419049319	-0.0010775324190493189	-0.0010775324190493189	0.0010775324190493189	0.002155064838098638	-0.001077532419049319	-0.0010775324190493189	-0.0010775324190493189	0.0010785162814117193	0.0021540807163409463	-0.0010775321596540278	0.9989211999174892	-0.0010762647555875953	0.0004927138871018876
0.002155062085783928	0.0043101241715678565	-0.0021550620857839287	-0.0021550620857839287	-0.0021550620857839287	0.0021550620857839283	0.0043101241715678565	-0.002155062085783928	-0.002155062085783928	-0.002155062085783928	0.0021570298092787707	0.004308155929282751	-0.0021550615669936658	-0.00215252692278603	0.9978424027512182	0.00098542647649197
-0.001076990470766479	-0.0021539809415329586	0.0010769904707664793	0.001076990470766479	0.0010769904707664793	-0.001076990470766479	-0.0021539809415329586	0.0010769904707664793	0.0010769904707664793	0.0010769904707664793	-0.06394987017768528	0.06073607826832175	0.001059810967830586	0.0010794405604950788	0.0010745403810378795	0.9352091902392502