0.998723064687108	-0.0025538706257845645	0.0012769353128922823	0.0012769353128922816	0.0012769353128922814	-0.001276935312892282	-0.0025538706257845632	0.0012769353128922818	0.0012769353128922816	0.0012769353128922812	-0.0012835529946281859	-0.002547251521461973	0.0012769338903055947	0.0012769357762423498	0.0012769348495422115	-0.0004979971692457463
-0.0051077412515691265	0.9897845174968618	0.005107741251569128	0.0051077412515691265	0.005107741251569126	-0.005107741251569128	-0.010215482503138255	0.005107741251569128	0.0051077412515691265	0.005107741251569126	-0.005134211978512743	-0.010189006085847893	0.005107735561222379	0.005107743104969402	0.005107739398168846	-0.001991988676982986
0.0025538706257845637	0.005107741251569127	0.9974461293742156	-0.002553870625784564	-0.0025538706257845637	0.0025538706257845645	0.005107741251569127	-0.0025538706257845637	-0.0025538706257845632	-0.002553870625784563	0.0025671059892563718	0.005094503042923946	-0.0025538677806111894	-0.002553871552484701	-0.0025538696990844234	0.0009959943384914933
0.003830805938676843	0.007661611877353684	-0.003830805938676843	0.9961691940613229	-0.0038308059386768433	0.003830805938676844	0.007661611877353685	-0.0038308059386768438	-0.003830805938676843	-0.0038308059386768438	0.0038506589838845535	0.0076417545643859145	-0.0038308016709167835	-0.003830807328727052	-0.003830804548626636	0.0014939915077372403
0.0076616118773536876	0.015323223754707372	-0.0076616118773536876	-0.007661611877353685	0.9923383881226461	0.007661611877353692	0.015323223754707379	-0.007661611877353691	-0.007661611877353689	-0.007661611877353691	0.007701317967769112	0.015283509128771836	-0.007661603341833568	-0.0076616146574541065	-0.007661609097253274	0.0029879830154744802
-0.001276935312892282	-0.002553870625784564	0.0012769353128922823	0.001276935312892282	0.0012769353128922818	0.9987230646871079	-0.0025538706257845637	0.001276935312892282	0.001276935312892282	0.0012769353128922818	-0.0012835529946281857	-0.002547251521461973	0.0012769338903055947	0.0012769357762423504	0.0012769348495422113	-0.0004979971692457465
-0.005107741251569129	-0.010215482503138256	0.005107741251569129	0.005107741251569128	0.005107741251569127	-0.005107741251569129	0.9897845174968616	0.00510774125156913	0.005107741251569129	0.005107741251569128	-0.005134211978512743	-0.01018900608584789	0.005107735561222378	0.005107743104969403	0.005107739398168847	-0.001991988676982986
0.0025538706257845645	0.005107741251569129	-0.002553870625784565	-0.0025538706257845645	-0.002553870625784564	0.0025538706257845645	0.005107741251569129	0.9974461293742156	-0.002553870625784564	-0.0025538706257845637	0.0025671059892563718	0.005094503042923944	-0.002553867780611189	-0.002553871552484701	-0.002553869699084424	0.0009959943384914931
0.0038308059386768425	0.007661611877353683	-0.0038308059386768425	-0.0038308059386768416	-0.0038308059386768433	0.0038308059386768433	0.007661611877353685	-0.003830805938676844	0.9961691940613231	-0.0038308059386768433	0.0038506589838845544	0.007641754564385917	-0.003830801670916783	-0.003830807328727052	-0.0038308045486266356	0.0014939915077372397
0.0076616118773536876	0.015323223754707372	-0.0076616118773536876	-0.007661611877353686	-0.007661611877353689	0.007661611877353689	0.015323223754707375	-0.007661611877353691	-0.0076616118773536876	0.9923383881226463	0.007701317967769112	0.015283509128771834	-0.007661603341833569	-0.007661614657454104	-0.007661609097253273	0.00298798301547448
-0.0012741406661890687	-0.002548281332378137	0.0012741406661890685	0.001274140666189068	0.0012741406661890683	-0.001274140666189068	-0.0025482813323781366	0.0012741406661890683	0.0012741406661890683	0.001274140666189068	0.9708172055806016	0.025351956223070342	0.0012825568639495738	0.001273992139894048	0.0012742891924840871	-0.0300106389435244
-0.0048365598680598695	-0.009673119736119739	0.004836559868059869	0.004836559868059868	0.004836559868059867	-0.004836559868059867	-0.009673119736119732	0.004836559868059867	0.004836559868059865	0.004836559868059865	0.06060377940028228	0.924885221880563	0.004837878983035064	0.004836269756590079	0.004836849979529649	-0.059275255432182164
0.0025538705804225904	0.005107741160845179	-0.00255387058042259	-0.0025538705804225895	-0.002553870580422589	0.0025538705804225904	0.00510774116084518	-0.0025538705804225904	-0.00255387058042259	-0.0025538705804225895	0.00258398253809602	0.005093509543005323	0.9974302490797435	-0.0025538715842260565	-0.0025538695766191204	0.0009811256215674004
0.003830823647697761	0.0076616472953955185	-0.003830823647697761	-0.0038308236476977593	-0.00383082364769776	0.0038308236476977606	0.00766164729539552	-0.0038308236476977614	-0.00383082364769776	-0.00383082364769776	0.003851034698066135	0.00764143188714627	-0.0038308192898168867	0.9961646714017665	-0.0038263186971621405	0.0014898649234341356
0.007661611846548892	0.015323223693097781	-0.007661611846548892	-0.0076616118465488905	-0.007661611846548892	0.007661611846548894	0.015323223693097781	-0.007661611846548894	-0.0076616118465488905	-0.00766161184654889	0.007702033866317584	0.015282792957583679	-0.0076616031308034795	-0.007652607581915876	0.9923293838888178	0.0029797146781291154
-0.0038142539106389953	-0.007628507821277989	0.003814253910638995	0.003814253910638993	0.0038142539106389944	-0.0038142539106389944	-0.007628507821277987	0.0038142539106389944	0.0038142539106389936	0.0038142539106389936	-0.17115149911294397	0.1597535364908716	0.003769454800794231	0.0038223684028924074	0.003806139418385578	0.8214205785294114