0.998270806784593	-0.0034583864308140497	0.001729193215407025	0.0017291932154070249	0.0017291932154070255	-0.0017291932154070257	-0.00345838643081405	0.0017291932154070249	0.0017291932154070249	0.0017291932154070255	-0.0017405906724996842	-0.003446986998327954	0.0017291912400135875	0.0017291942691942369	0.0017291921616198144	-0.000631335452134287
-0.006916772861628101	0.9861664542767432	0.006916772861628101	0.0069167728616281	0.006916772861628104	-0.006916772861628104	-0.013833545723256204	0.006916772861628101	0.006916772861628102	0.006916772861628104	-0.006962362689998739	-0.013787947993311813	0.006916764960054348	0.00691677707677695	0.006916768646479257	-0.0025253418085371473
0.003458386430814052	0.006916772861628103	0.996541613569186	-0.00345838643081405	-0.003458386430814052	0.0034583864308140523	0.006916772861628103	-0.0034583864308140515	-0.0034583864308140515	-0.0034583864308140523	0.0034811813449993688	0.006893973996655907	-0.003458382480027176	-0.0034583885383884746	-0.0034583843232396296	0.001262670904268574
0.005187579646221079	0.010375159292442156	-0.005187579646221079	0.9948124203537787	-0.005187579646221079	0.005187579646221079	0.010375159292442154	-0.005187579646221077	-0.005187579646221077	-0.00518757964622108	0.005221772017499051	0.01034096099498386	-0.005187573720040762	-0.005187582807582709	-0.005187576484859443	0.001894006356402861
0.010375159292442154	0.020750318584884308	-0.010375159292442154	-0.010375159292442157	0.9896248407075581	0.010375159292442156	0.020750318584884304	-0.010375159292442152	-0.010375159292442152	-0.010375159292442157	0.0104435440349981	0.02068192198996772	-0.010375147440081523	-0.010375165615165419	-0.010375152969718884	0.0037880127128057215
-0.0017291932154070255	-0.0034583864308140506	0.0017291932154070255	0.0017291932154070249	0.0017291932154070257	0.9982708067845932	-0.003458386430814051	0.0017291932154070253	0.0017291932154070253	0.001729193215407026	-0.0017405906724996844	-0.0034469869983279537	0.0017291912400135875	0.001729194269194237	0.0017291921616198146	-0.000631335452134287
-0.006916772861628101	-0.013833545723256199	0.006916772861628101	0.0069167728616280994	0.006916772861628102	-0.006916772861628102	0.9861664542767437	0.006916772861628101	0.006916772861628101	0.006916772861628103	-0.0069623626899987376	-0.013787947993311818	0.00691676496005435	0.006916777076776948	0.006916768646479258	-0.0025253418085371478
0.0034583864308140497	0.0069167728616280994	-0.00345838643081405	-0.0034583864308140493	-0.0034583864308140506	0.0034583864308140506	0.0069167728616280994	0.9965416135691858	-0.00345838643081405	-0.0034583864308140515	0.0034811813449993683	0.006893973996655908	-0.003458382480027175	-0.0034583885383884746	-0.003458384323239629	0.0012626709042685745
0.005187579646221079	0.010375159292442154	-0.005187579646221078	-0.005187579646221079	-0.00518757964622108	0.00518757964622108	0.010375159292442152	-0.005187579646221078	0.9948124203537789	-0.00518757964622108	0.005221772017499054	0.01034096099498386	-0.005187573720040762	-0.0051875828075827095	-0.005187576484859443	0.0018940063564028607
0.010375159292442154	0.020750318584884304	-0.010375159292442154	-0.010375159292442156	-0.010375159292442156	0.010375159292442156	0.0207503185848843	-0.010375159292442154	-0.010375159292442154	0.9896248407075582	0.0104435440349981	0.020681921989967725	-0.010375147440081526	-0.01037516561516542	-0.010375152969718885	0.003788012712805721
-0.0017232165372416419	-0.003446433074483282	0.0017232165372416417	0.0017232165372416414	0.0017232165372416419	-0.001723216537241642	-0.0034464330744832833	0.0017232165372416419	0.0017232165372416419	0.0017232165372416419	0.9640712639131542	0.03074880676683783	0.0017334962455242463	0.0017229632634828823	0.0017234698110004012	-0.03710153624098175
-0.006442625270499615	-0.012885250540999225	0.0064426252704996145	0.006442625270499613	0.006442625270499616	-0.006442625270499615	-0.012885250540999227	0.0064426252704996145	0.0064426252704996145	0.006442625270499617	0.07556336356936014	0.9051070706483917	0.0064443152412487275	0.006442133033353745	0.006443117507645484	-0.07297358880269933
0.003458386338955263	0.006916772677910525	-0.003458386338955263	-0.0034583863389552627	-0.0034583863389552635	0.0034583863389552635	0.006916772677910525	-0.0034583863389552635	-0.003458386338955263	-0.0034583863389552635	0.003501865014756802	0.006892645967283413	0.9965222616958705	-0.0034583885761645863	-0.0034583841017459403	0.0012446384504504627
0.005187612415651832	0.01037522483130366	-0.005187612415651831	-0.005187612415651831	-0.005187612415651832	0.005187612415651832	0.010375224831303658	-0.005187612415651831	-0.005187612415651831	-0.005187612415651833	0.005222393470262315	0.010340437706080232	-0.005187606345038884	0.9948062883788985	-0.005181513210201807	0.0018885311616306593
0.010375159208588343	0.02075031841717668	-0.010375159208588341	-0.010375159208588341	-0.010375159208588343	0.010375159208588343	0.020750318417176675	-0.01037515920858834	-0.010375159208588343	-0.010375159208588345	0.010444721143171777	0.020680744341392422	-0.010375147067387522	-0.010362973580724869	0.989612655163548	0.003777035273064504
-0.005152093885816995	-0.010304187771633987	0.005152093885816995	0.0051520938858169935	0.005152093885816995	-0.005152093885816995	-0.010304187771633985	0.0051520938858169935	0.0051520938858169935	0.005152093885816996	-0.21023529763457136	0.19483346888927394	0.0050976409736635106	0.005162763023379386	0.005141424748254603	0.7792720637907704