0.998388442327497	-0.0032231153450050275	0.001611557672502513	0.0016115576725025142	0.001611557672502513	-0.001611557672502514	-0.003223115345005027	0.0016115576725025135	0.0016115576725025138	0.001611557672502513	-0.0016217075128869996	-0.003212963618073645	0.0016115557859556185	0.001611558543903499	0.0016115568011015277	-0.000598345961463444
-0.006446230690010056	0.98710753861998	0.006446230690010053	0.006446230690010058	0.006446230690010053	-0.006446230690010057	-0.01289246138002011	0.006446230690010056	0.006446230690010058	0.006446230690010055	-0.006486830051548002	-0.012851854472294583	0.006446223143822475	0.006446234175613999	0.006446227204406114	-0.0023933838458537766
0.0032231153450050284	0.006446230690010056	0.9967768846549944	-0.0032231153450050284	-0.003223115345005026	0.003223115345005028	0.006446230690010053	-0.003223115345005027	-0.0032231153450050275	-0.003223115345005026	0.0032434150257740018	0.006425927236147289	-0.0032231115719112365	-0.0032231170878069993	-0.003223113602203057	0.0011966919229268885
0.004834673017507539	0.009669346035015078	-0.004834673017507539	0.995165326982493	-0.004834673017507538	0.004834673017507541	0.009669346035015078	-0.004834673017507541	-0.004834673017507542	-0.004834673017507539	0.004865122538660999	0.00963889085422094	-0.004834667357866855	-0.004834675631710498	-0.0048346704033045826	0.0017950378843903329
0.009669346035015076	0.019338692070030156	-0.009669346035015076	-0.00966934603501508	0.9903306539649843	0.00966934603501508	0.019338692070030153	-0.00966934603501508	-0.009669346035015083	-0.009669346035015076	0.009730245077321998	0.01927778170844187	-0.009669334715733707	-0.009669351263420998	-0.009669340806609169	0.0035900757687806653
-0.001611557672502513	-0.0032231153450050258	0.001611557672502513	0.0016115576725025135	0.0016115576725025133	0.9983884423274977	-0.003223115345005027	0.0016115576725025135	0.0016115576725025135	0.0016115576725025129	-0.001621707512887	-0.003212963618073645	0.0016115557859556183	0.0016115585439034992	0.001611556801101528	-0.0005983459614634443
-0.006446230690010055	-0.012892461380020108	0.006446230690010055	0.006446230690010057	0.006446230690010055	-0.006446230690010057	0.9871075386199798	0.006446230690010056	0.006446230690010057	0.006446230690010055	-0.006486830051548002	-0.012851854472294581	0.006446223143822473	0.006446234175613998	0.006446227204406112	-0.002393383845853777
0.003223115345005028	0.006446230690010055	-0.003223115345005028	-0.0032231153450050292	-0.0032231153450050284	0.003223115345005029	0.006446230690010056	0.9967768846549947	-0.003223115345005028	-0.003223115345005027	0.0032434150257740018	0.0064259272361472915	-0.003223111571911237	-0.0032231170878069993	-0.003223113602203057	0.0011966919229268885
0.004834673017507538	0.009669346035015076	-0.004834673017507538	-0.00483467301750754	-0.004834673017507539	0.00483467301750754	0.00966934603501508	-0.00483467301750754	0.9951653269824927	-0.004834673017507538	0.004865122538660999	0.009638890854220938	-0.004834667357866855	-0.004834675631710498	-0.004834670403304584	0.0017950378843903326
0.009669346035015076	0.019338692070030156	-0.009669346035015076	-0.00966934603501508	-0.009669346035015076	0.00966934603501508	0.01933869207003016	-0.00966934603501508	-0.009669346035015082	0.990330653964984	0.009730245077321995	0.019277781708441865	-0.009669334715733705	-0.009669351263420996	-0.009669340806609165	0.003590075768780666
-0.0016065406695017941	-0.0032130813390035882	0.0016065406695017941	0.0016065406695017943	0.0016065406695017941	-0.0016065406695017943	-0.0032130813390035882	0.0016065406695017943	0.0016065406695017943	0.001606540669501794	0.9657449275749092	0.029425615792034947	0.0016163752940523202	0.001606316707771355	0.0016067646312322335	-0.035348529955888656
-0.006029678343821569	-0.012059356687643139	0.006029678343821569	0.00602967834382157	0.00602967834382157	-0.006029678343821571	-0.01205935668764314	0.006029678343821571	0.00602967834382157	0.00602967834382157	0.07188182462789218	0.9100275265758805	0.006031292108584617	0.0060292425594018935	0.006030114128241247	-0.06958955209887023
0.003223115265155662	0.006446230530311323	-0.003223115265155662	-0.003223115265155662	-0.0032231152651556612	0.003223115265155662	0.006446230530311323	-0.003223115265155662	-0.0032231152651556625	-0.003223115265155662	0.0032631817328579275	0.006424675934427267	0.9967583728630259	-0.003223117122979025	-0.0032231134073322986	0.0011794344438051494
0.004834701412922874	0.009669402825845747	-0.004834701412922873	-0.004834701412922876	-0.004834701412922873	0.004834701412922876	0.00966940282584575	-0.004834701412922875	-0.004834701412922875	-0.004834701412922874	0.004865675681108394	0.009638422768444194	-0.004834695623706834	0.9951596139742057	-0.0048290168000509216	0.0017899093316418714
0.009669345968363234	0.01933869193672647	-0.009669345968363234	-0.00966934596836324	-0.009669345968363233	0.00966934596836324	0.019338691936726472	-0.009669345968363234	-0.009669345968363238	-0.009669345968363234	0.00973129435641338	0.01927673197026827	-0.009669334389955164	-0.009657987319412505	0.9903192953826855	0.0035797950043409883
-0.004804900476324185	-0.00960980095264837	0.004804900476324185	0.004804900476324186	0.004804900476324185	-0.004804900476324187	-0.00960980095264837	0.004804900476324187	0.004804900476324186	0.004804900476324185	-0.20055499795073534	0.18619237858257104	0.004752818415515924	0.004814917961247469	0.004794882991400904	0.7896919266713649