0.9990429956828416	-0.0019140086343171182	0.0009570043171585591	0.000957004317158559	0.0009570043171585591	-0.000957004317158559	-0.001914008634317118	0.0009570043171585593	0.0009570043171585592	0.000957004317158559	-0.000960615672490651	-0.0019103964273083644	0.000957003465481896	0.0009570045270129619	0.0009570041073041578	-0.0003924902710506579
-0.0038280172686342368	0.9923439654627317	0.003828017268634237	0.0038280172686342368	0.0038280172686342368	-0.003828017268634237	-0.007656034537268472	0.0038280172686342385	0.003828017268634238	0.003828017268634237	-0.0038424626899626027	-0.007641585709233453	0.003828013861927583	0.0038280181080518477	0.0038280164292166293	-0.0015699610842026316
0.0019140086343171188	0.0038280172686342368	0.9980859913656827	-0.001914008634317118	-0.001914008634317118	0.0019140086343171182	0.003828017268634236	-0.001914008634317119	-0.0019140086343171188	-0.0019140086343171184	0.0019212313449813016	0.0038207928546167267	-0.001914006930963792	-0.0019140090540259234	-0.0019140082146083155	0.0007849805421013155
0.00287101295147568	0.005742025902951358	-0.002871012951475679	0.9971289870485243	-0.0028710129514756795	0.002871012951475679	0.005742025902951357	-0.002871012951475679	-0.0028710129514756795	-0.002871012951475679	0.002881847017471954	0.005731189281925094	-0.0028710103964456873	-0.002871013581038886	-0.002871012321912474	0.0011774708131519734
0.00574202590295136	0.011484051805902716	-0.005742025902951357	-0.00574202590295136	0.9942579740970485	0.005742025902951356	0.011484051805902711	-0.0057420259029513565	-0.005742025902951357	-0.005742025902951356	0.005763694034943905	0.011462378563850186	-0.005742020792891371	-0.00574202716207777	-0.0057420246438249474	0.0023549416263039472
-0.0009570043171585588	-0.001914008634317117	0.0009570043171585588	0.000957004317158559	0.0009570043171585588	0.9990429956828407	-0.0019140086343171177	0.0009570043171585593	0.0009570043171585593	0.0009570043171585591	-0.0009606156724906507	-0.0019103964273083634	0.0009570034654818953	0.0009570045270129617	0.0009570041073041571	-0.0003924902710506578
-0.0038280172686342368	-0.007656034537268472	0.0038280172686342368	0.0038280172686342376	0.0038280172686342368	-0.0038280172686342368	0.9923439654627312	0.003828017268634239	0.0038280172686342385	0.003828017268634238	-0.0038424626899626036	-0.007641585709233455	0.003828013861927582	0.0038280181080518473	0.00382801642921663	-0.0015699610842026318
0.0019140086343171188	0.0038280172686342368	-0.0019140086343171188	-0.0019140086343171193	-0.0019140086343171188	0.0019140086343171188	0.0038280172686342376	0.9980859913656829	-0.001914008634317119	-0.0019140086343171186	0.001921231344981302	0.0038207928546167276	-0.0019140069309637913	-0.0019140090540259236	-0.0019140082146083147	0.0007849805421013158
0.0028710129514756795	0.005742025902951358	-0.002871012951475679	-0.00287101295147568	-0.0028710129514756795	0.0028710129514756787	0.0057420259029513565	-0.002871012951475679	0.9971289870485244	-0.002871012951475679	0.002881847017471953	0.005731189281925093	-0.002871010396445687	-0.002871013581038885	-0.0028710123219124737	0.0011774708131519736
0.005742025902951359	0.011484051805902715	-0.005742025902951357	-0.00574202590295136	-0.005742025902951357	0.0057420259029513565	0.011484051805902711	-0.005742025902951357	-0.005742025902951359	0.9942579740970483	0.005763694034943905	0.011462378563850184	-0.005742020792891374	-0.005742027162077769	-0.005742024643824946	0.002354941626303947
-0.0009556740757634736	-0.0019113481515269468	0.0009556740757634736	0.0009556740757634738	0.0009556740757634738	-0.0009556740757634738	-0.0019113481515269475	0.0009556740757634743	0.0009556740757634745	0.0009556740757634743	0.9762623007181811	0.020863857322692858	0.0009624938075990637	0.0009555856315770748	0.0009557625199498736	-0.02427156665008711
-0.003669372405507461	-0.0073387448110149205	0.003669372405507461	0.003669372405507461	0.0036693724055074602	-0.0036693724055074602	-0.007338744811014919	0.003669372405507462	0.003669372405507461	0.0036693724055074602	0.048472757360706886	0.940518175178139	0.003670322650139062	0.0036691988877004295	0.003669545923314491	-0.04814520731342902
0.0019140086147186241	0.003828017229437247	-0.001914008614718624	-0.0019140086147186243	-0.001914008614718624	0.001914008614718624	0.003828017229437246	-0.001914008614718624	-0.0019140086147186246	-0.001914008614718624	0.001934887951222975	0.0038200905000816323	0.9980730387781325	-0.0019140090808950536	-0.0019140081485421953	0.000772746381337912
0.002871022835515964	0.005742045671031927	-0.0028710228355159637	-0.002871022835515965	-0.0028710228355159637	0.0028710228355159633	0.0057420456710319265	-0.0028710228355159633	-0.002871022835515964	-0.0028710228355159633	0.0028820778929220733	0.00573098800184809	-0.0028710202237382364	0.9971256004547819	-0.0028676461258144797	0.00117432643902524
0.005742025891470285	0.011484051782940569	-0.0057420258914702834	-0.005742025891470285	-0.005742025891470284	0.005742025891470283	0.011484051782940565	-0.005742025891470284	-0.005742025891470285	-0.0057420258914702834	0.005764135971707328	0.01146193647915596	-0.0057420206679227245	-0.005735275033690137	0.9942512232507495	0.0023486441628799244
-0.0028631587078766746	-0.005726317415753349	0.002863158707876674	0.0028631587078766754	0.0028631587078766746	-0.002863158707876674	-0.005726317415753347	0.0028631587078766746	0.0028631587078766754	0.002863158707876674	-0.13946714980499264	0.13091447972262932	0.0028263526666099364	0.0028693795277749175	0.002856937887978432	0.85554085297782