0.9990755204618454	-0.001848959076310045	0.0009244795381550221	0.0009244795381550224	0.0009244795381550224	-0.0009244795381550227	-0.0018489590763100454	0.0009244795381550223	0.0009244795381550224	0.0009244795381550225	-0.0009278227112587963	-0.0018456151086642919	0.0009244787436130431	0.0009244797288571264	0.0009244793474529185	-0.00038119635032705826
-0.00369791815262009	0.9926041636947599	0.0036979181526200877	0.003697918152620089	0.0036979181526200886	-0.00369791815262009	-0.00739583630524018	0.003697918152620088	0.0036979181526200886	0.003697918152620089	-0.0037112908450351854	-0.007382460434657165	0.0036979149744521722	0.003697918915428504	0.003697917389811673	-0.001524785401308233
0.0018489590763100443	0.003697918152620088	0.9981510409236892	-0.0018489590763100438	-0.001848959076310044	0.0018489590763100447	0.0036979181526200894	-0.0018489590763100436	-0.0018489590763100438	-0.0018489590763100443	0.0018556454225175927	0.0036912302173285816	-0.0018489574872260852	-0.001848959457714252	-0.0018489586949058362	0.0007623927006541163
0.002773438614465068	0.005546877228930134	-0.0027734386144650665	0.9972265613855347	-0.002773438614465068	0.0027734386144650674	0.005546877228930135	-0.0027734386144650665	-0.0027734386144650665	-0.002773438614465067	0.0027834681337763896	0.0055368453259928745	-0.002773436230839128	-0.002773439186571377	-0.0027734380423587546	0.001143589050981175
0.005546877228930136	0.01109375445786027	-0.005546877228930134	-0.005546877228930132	0.9944531227710697	0.005546877228930136	0.011093754457860271	-0.005546877228930134	-0.005546877228930134	-0.005546877228930136	0.00556693626755278	0.011073690651985746	-0.005546872461678257	-0.005546878373142756	-0.005546876084717512	0.0022871781019623495
-0.0009244795381550227	-0.001848959076310045	0.0009244795381550221	0.0009244795381550221	0.0009244795381550226	0.9990755204618453	-0.0018489590763100454	0.0009244795381550221	0.0009244795381550224	0.0009244795381550226	-0.0009278227112587963	-0.0018456151086642919	0.0009244787436130428	0.0009244797288571259	0.0009244793474529184	-0.00038119635032705826
-0.0036979181526200916	-0.007395836305240182	0.00369791815262009	0.0036979181526200894	0.003697918152620091	-0.003697918152620091	0.9926041636947602	0.0036979181526200894	0.0036979181526200903	0.0036979181526200907	-0.0037112908450351863	-0.007382460434657167	0.003697914974452172	0.003697918915428505	0.003697917389811675	-0.0015247854013082332
0.0018489590763100452	0.00369791815262009	-0.0018489590763100443	-0.001848959076310044	-0.001848959076310045	0.001848959076310045	0.00369791815262009	0.9981510409236896	-0.0018489590763100447	-0.001848959076310045	0.0018556454225175927	0.003691230217328583	-0.0018489574872260857	-0.0018489594577142522	-0.0018489586949058368	0.0007623927006541164
0.002773438614465069	0.0055468772289301365	-0.002773438614465068	-0.0027734386144650674	-0.0027734386144650687	0.0027734386144650687	0.005546877228930136	-0.002773438614465067	0.9972265613855347	-0.0027734386144650683	0.0027834681337763887	0.005536845325992874	-0.002773436230839128	-0.0027734391865713768	-0.002773438042358755	0.001143589050981175
0.005546877228930139	0.011093754457860277	-0.005546877228930137	-0.005546877228930136	-0.005546877228930138	0.005546877228930138	0.011093754457860273	-0.005546877228930136	-0.005546877228930136	0.9944531227710698	0.005566936267552778	0.011073690651985746	-0.005546872461678257	-0.005546878373142754	-0.00554687608471751	0.0022871781019623495
-0.0009232641981282496	-0.001846528396256499	0.0009232641981282494	0.0009232641981282492	0.0009232641981282496	-0.0009232641981282497	-0.001846528396256499	0.0009232641981282493	0.0009232641981282493	0.0009232641981282494	0.9768589707337115	0.020364594165151517	0.0009299067048806582	0.0009231811403510899	0.0009233472559054086	-0.023644059142588877
-0.003549203984221536	-0.0070984079684430716	0.003549203984221535	0.0035492039842215353	0.0035492039842215366	-0.0035492039842215375	-0.007098407968443074	0.003549203984221536	0.003549203984221536	0.003549203984221536	0.04715245764788664	0.9421990209105329	0.0035501134731369005	0.003549040953497153	0.0035493670149459177	-0.046924299902597714
0.0018489590587121556	0.003697918117424311	-0.0018489590587121548	-0.0018489590587121546	-0.0018489590587121552	0.0018489590587121554	0.0036979181174243104	-0.0018489590587121548	-0.001848959058712155	-0.0018489590587121552	0.0018689457881157924	0.0036905590299333947	0.9981384132993747	-0.001848959483811983	-0.0018489586336123262	0.0007504516362122497
0.0027734478321699814	0.005546895664339962	-0.00277344783216998	-0.0027734478321699797	-0.002773447832169981	0.002773447832169981	0.00554689566433996	-0.0027734478321699793	-0.0027734478321699797	-0.00277344783216998	0.0027836857599209323	0.0055366552993333	-0.0027734453949142725	0.9972232901746917	-0.002770185839032203	0.0011405460114973017
0.005546877218753061	0.011093754437506122	-0.0055468772187530595	-0.005546877218753059	-0.005546877218753061	0.005546877218753061	0.01109375443750612	-0.0055468772187530595	-0.0055468772187530595	-0.00554687721875306	0.005567353043208436	0.011073273738546493	-0.005546872344248809	-0.005540355561430838	0.9944466011239247	0.0022810838697569
-0.0027662659148925146	-0.005532531829785029	0.0027662659148925137	0.0027662659148925133	0.0027662659148925146	-0.0027662659148925146	-0.005532531829785027	0.0027662659148925137	0.0027662659148925137	0.002766265914892514	-0.1359874390079121	0.12772456030760584	0.002730346870521286	0.002772289795523547	0.0027602420342614795	0.8592722612206605