0.9983685373476094	-0.0032629253047802096	0.0016314626523901046	0.0016314626523901046	0.0016314626523901044	-0.0016314626523901046	-0.0032629253047802087	0.0016314626523901046	0.0016314626523901042	0.0016314626523901042	-0.001641824790032507	-0.003252561262144219	0.0016314607473965161	0.001631463553160501	0.0016314617516197075	-0.0006040103269268199
-0.006525850609560416	0.9869482987808795	0.0065258506095604175	0.0065258506095604175	0.0065258506095604175	-0.006525850609560419	-0.013051701219120835	0.0065258506095604175	0.006525850609560416	0.006525850609560417	-0.0065672991601300286	-0.01301024504857687	0.006525842989586063	0.006525854212642003	0.00652584700647883	-0.0024160413077072796
0.003262925304780208	0.0065258506095604175	0.9967370746952199	-0.0032629253047802083	-0.003262925304780208	0.0032629253047802087	0.006525850609560416	-0.0032629253047802083	-0.003262925304780208	-0.003262925304780208	0.003283649580065014	0.006505122524288436	-0.0032629214947930323	-0.003262927106321001	-0.0032629235032394137	0.00120802065385364
0.00489438795717031	0.009788775914340622	-0.004894387957170312	0.9951056120428299	-0.0048943879571703135	0.0048943879571703135	0.009788775914340627	-0.004894387957170314	-0.004894387957170314	-0.004894387957170314	0.004925474370097527	0.009757683786432663	-0.004894382242189553	-0.004894390659481502	-0.004894385254859125	0.0018120309807804602
0.009788775914340622	0.019577551828681244	-0.009788775914340624	-0.009788775914340625	0.9902112240856595	0.009788775914340627	0.01957755182868125	-0.009788775914340627	-0.009788775914340627	-0.009788775914340627	0.00985094874019505	0.019515367572865313	-0.009788764484379101	-0.009788781318963002	-0.009788770509718245	0.003624061961560919
-0.0016314626523901042	-0.003262925304780209	0.0016314626523901046	0.0016314626523901046	0.0016314626523901046	0.99836853734761	-0.003262925304780209	0.0016314626523901046	0.0016314626523901046	0.0016314626523901046	-0.0016418247900325071	-0.0032525612621442175	0.0016314607473965168	0.001631463553160501	0.001631461751619707	-0.0006040103269268199
-0.006525850609560415	-0.013051701219120835	0.006525850609560417	0.0065258506095604175	0.0065258506095604175	-0.0065258506095604175	0.9869482987808792	0.0065258506095604175	0.006525850609560416	0.006525850609560417	-0.006567299160130028	-0.013010245048576868	0.006525842989586063	0.006525854212642001	0.0065258470064788274	-0.0024160413077072796
0.0032629253047802083	0.0065258506095604175	-0.0032629253047802087	-0.0032629253047802087	-0.003262925304780209	0.003262925304780209	0.006525850609560418	0.9967370746952202	-0.0032629253047802087	-0.0032629253047802087	0.0032836495800650147	0.006505122524288437	-0.003262921494793033	-0.0032629271063210025	-0.0032629235032394146	0.0012080206538536403
0.004894387957170312	0.009788775914340624	-0.004894387957170313	-0.0048943879571703135	-0.0048943879571703135	0.004894387957170313	0.009788775914340625	-0.004894387957170313	0.9951056120428299	-0.004894387957170312	0.004925474370097525	0.009757683786432658	-0.004894382242189552	-0.004894390659481501	-0.004894385254859123	0.0018120309807804595
0.00978877591434062	0.019577551828681244	-0.009788775914340622	-0.009788775914340624	-0.009788775914340624	0.009788775914340622	0.019577551828681244	-0.009788775914340622	-0.009788775914340624	0.9902112240856594	0.009850948740195048	0.019515367572865313	-0.009788764484379103	-0.009788781318963002	-0.009788770509718244	0.003624061961560919
-0.0016262899694250079	-0.003252579938850016	0.001626289969425008	0.001626289969425008	0.001626289969425008	-0.001626289969425008	-0.0032525799388500158	0.0016262899694250083	0.0016262899694250079	0.0016262899694250083	0.9654582794064379	0.02965293889667942	0.001636201758033005	0.0016260611461968695	0.0016265187926531458	-0.035649152338633784
-0.0060997872250760955	-0.012199574450152191	0.0060997872250760955	0.0060997872250760955	0.0060997872250760955	-0.0060997872250760955	-0.012199574450152191	0.0060997872250760955	0.006099787225076094	0.006099787225076095	0.07251424849388449	0.9091847621124789	0.006101414943484489	0.006099342072758331	0.006100232377393857	-0.07016992842957354
0.003262925222851573	0.006525850445703147	-0.0032629252228515734	-0.0032629252228515734	-0.0032629252228515734	0.003262925222851574	0.006525850445703148	-0.003262925222851574	-0.003262925222851573	-0.0032629252228515734	0.003303574820626286	0.006503857710904223	0.996718417914172	-0.003262927141841523	-0.003262923303861624	0.0011906299984612402
0.004894417069976932	0.00978883413995387	-0.004894417069976934	-0.004894417069976936	-0.0048944170699769364	0.004894417069976936	0.009788834139953873	-0.0048944170699769364	-0.0048944170699769364	-0.0048944170699769364	0.004926038857632448	0.009757206505263185	-0.004894411222941757	0.9950998281598018	-0.004888662299756096	0.0018068435750526676
0.009788775844959713	0.019577551689919436	-0.009788775844959716	-0.00978877584495972	-0.00978877584495972	0.009788775844959718	0.01957755168991944	-0.00978877584495972	-0.009788775844959722	-0.00978877584495972	0.009852019267549871	0.019514296573283234	-0.00978876415091364	-0.009777277236642859	0.9901997255467235	0.0036136629319175875
-0.004863688745561321	-0.009727377491122643	0.004863688745561322	0.004863688745561322	0.004863688745561323	-0.004863688745561323	-0.009727377491122647	0.004863688745561323	0.004863688745561323	0.004863688745561323	-0.20221366729775175	0.18767509025163975	0.00481119955498925	0.004873817108763577	0.004853560382359068	0.7879050499074942