0.9995072157582527	-0.0009855684834935128	0.0004927842417467564	0.0004927842417467562	0.0004927842417467562	-0.0004927842417467561	-0.0009855684834935122	0.000492784241746756	0.000492784241746756	0.000492784241746756	-0.0004935093352853832	-0.000984843202746739	0.0004927840545386101	0.0004927842742733034	0.0004927842092202091	-0.0002197309904938877
-0.001971136966987025	0.9960577260660263	0.001971136966987025	0.0019711369669870244	0.001971136966987025	-0.0019711369669870244	-0.003942273933974048	0.001971136966987024	0.001971136966987024	0.001971136966987024	-0.0019740373411415327	-0.0039393728109869556	0.00197113621815444	0.001971137097093213	0.0019711368368808364	-0.0008789239619755505
0.0009855684834935124	0.0019711369669870252	0.9990144315165072	-0.0009855684834935126	-0.0009855684834935126	0.0009855684834935124	0.001971136966987025	-0.0009855684834935124	-0.0009855684834935122	-0.0009855684834935122	0.0009870186705707661	0.0019696864054934778	-0.0009855681090772202	-0.0009855685485466066	-0.0009855684184404182	0.00043946198098777526
0.0014783527252402691	0.0029567054504805383	-0.0014783527252402696	0.9985216472747598	-0.001478352725240269	0.001478352725240269	0.002956705450480538	-0.0014783527252402691	-0.0014783527252402683	-0.0014783527252402687	0.0014805280058561494	0.002954529608240219	-0.0014783521636158304	-0.0014783528228199097	-0.001478352627660627	0.0006591929714816633
0.002956705450480538	0.005913410900961076	-0.0029567054504805387	-0.0029567054504805383	0.9970432945495199	0.002956705450480538	0.005913410900961074	-0.002956705450480538	-0.002956705450480537	-0.002956705450480537	0.0029610560117122975	0.005909059216480438	-0.00295670432723166	-0.0029567056456398194	-0.0029567052553212546	0.0013183859429633266
-0.0004927842417467561	-0.0009855684834935122	0.0004927842417467562	0.000492784241746756	0.0004927842417467561	0.9995072157582533	-0.000985568483493512	0.0004927842417467561	0.000492784241746756	0.0004927842417467559	-0.000493509335285383	-0.0009848432027467389	0.00049278405453861	0.0004927842742733033	0.0004927842092202089	-0.00021973099049388758
-0.0019711369669870244	-0.003942273933974049	0.001971136966987025	0.001971136966987024	0.0019711369669870244	-0.001971136966987024	0.9960577260660259	0.001971136966987024	0.001971136966987024	0.001971136966987024	-0.001974037341141532	-0.0039393728109869556	0.0019711362181544395	0.0019711370970932132	0.0019711368368808364	-0.0008789239619755506
0.0009855684834935122	0.0019711369669870244	-0.0009855684834935124	-0.000985568483493512	-0.0009855684834935122	0.000985568483493512	0.001971136966987024	0.9990144315165069	-0.0009855684834935122	-0.0009855684834935122	0.0009870186705707661	0.0019696864054934778	-0.00098556810907722	-0.0009855685485466068	-0.000985568418440418	0.0004394619809877754
0.001478352725240269	0.002956705450480538	-0.0014783527252402694	-0.0014783527252402691	-0.001478352725240269	0.0014783527252402687	0.0029567054504805374	-0.001478352725240269	0.99852164727476	-0.0014783527252402683	0.0014805280058561492	0.0029545296082402186	-0.00147835216361583	-0.00147835282281991	-0.0014783526276606273	0.0006591929714816632
0.0029567054504805374	0.005913410900961075	-0.0029567054504805387	-0.002956705450480538	-0.0029567054504805374	0.002956705450480537	0.005913410900961074	-0.0029567054504805374	-0.0029567054504805374	0.9970432945495198	0.0029610560117122983	0.005909059216480437	-0.0029567043272316594	-0.00295670564563982	-0.0029567052553212546	0.0013183859429633264
-0.0004925598569597838	-0.0009851197139195676	0.0004925598569597838	0.0004925598569597837	0.0004925598569597837	-0.0004925598569597837	-0.0009851197139195671	0.0004925598569597837	0.0004925598569597837	0.0004925598569597837	0.9858452537138169	0.012673087362367885	0.0004965392098954363	0.0004925339909795963	0.0004925857229399712	-0.01427739836774285
-0.0019259283926824217	-0.003851856785364843	0.0019259283926824214	0.0019259283926824212	0.0019259283926824212	-0.001925928392682421	-0.003851856785364842	0.0019259283926824206	0.001925928392682421	0.0019259283926824212	0.027766081788628178	0.9664557696180345	0.001926291807972358	0.001925877240758961	0.0019259795446058803	-0.02856960919590555
0.0009855684813930476	0.0019711369627860953	-0.0009855684813930479	-0.0009855684813930476	-0.0009855684813930476	0.0009855684813930474	0.001971136962786095	-0.0009855684813930474	-0.0009855684813930476	-0.0009855684813930476	0.000994979659148413	0.00196942263400044	0.9990067346696373	-0.0009855685603264775	-0.000985568402459617	0.00043203338403941807
0.001478355322139331	0.002956710644278662	-0.0014783553221393313	-0.0014783553221393308	-0.001478355322139331	0.0014783553221393306	0.0029567106442786612	-0.001478355322139331	-0.0014783553221393308	-0.0014783553221393308	0.0014806000301859014	0.002954465356196963	-0.0014783547421042024	0.9985199055788886	-0.0014766162231673087	0.0006575259130536151
0.0029567054494254565	0.005913410898850913	-0.0029567054494254574	-0.002956705449425457	-0.0029567054494254565	0.0029567054494254565	0.005913410898850912	-0.002956705449425457	-0.002956705449425457	-0.0029567054494254574	0.002961194861722429	0.005908920326484657	-0.0029567042893561715	-0.0029532276535514327	0.9970398167547008	0.0013150494186853813
-0.0014770431582243097	-0.0029540863164486193	0.00147704315822431	0.0014770431582243097	0.0014770431582243095	-0.0014770431582243088	-0.0029540863164486176	0.001477043158224309	0.0014770431582243088	0.001477043158224309	-0.08340198031400273	0.07899315796166033	0.0014547360358937742	0.0014803658553868449	0.0014737204610617747	0.9149911268912906