0.9991622444039086	-0.0016755111921822488	0.0008377555960911246	0.0008377555960911245	0.0008377555960911247	-0.0008377555960911246	-0.0016755111921822484	0.0008377555960911243	0.0008377555960911244	0.0008377555960911244	-0.0008404267159569908	-0.0016728394250683399	0.0008377549488430826	0.0008377557411576712	0.0008377554510245773	-0.00035053142070416726
-0.003351022384364497	0.993297955231271	0.003351022384364498	0.003351022384364498	0.0033510223843644985	-0.003351022384364498	-0.006702044768728993	0.003351022384364497	0.0033510223843644976	0.003351022384364497	-0.0033617068638279643	-0.0066913577002733595	0.0033510197953723303	0.0033510229646306847	0.003351021804098309	-0.001402125682816669
0.0016755111921822484	0.0033510223843644968	0.998324488807818	-0.0016755111921822486	-0.001675511192182249	0.001675511192182249	0.0033510223843644963	-0.0016755111921822486	-0.0016755111921822488	-0.0016755111921822488	0.001680853431913982	0.003345678850136679	-0.0016755098976861654	-0.0016755114823153426	-0.001675510902049154	0.0007010628414083347
0.0025132667882733738	0.005026533576546747	-0.002513266788273374	0.9974867332117264	-0.0025132667882733746	0.0025132667882733738	0.005026533576546747	-0.0025132667882733746	-0.0025132667882733746	-0.0025132667882733746	0.0025212801478709753	0.005018518275205021	-0.0025132648465292493	-0.0025132672234730136	-0.002513266353073733	0.001051594262112502
0.005026533576546749	0.010053067153093497	-0.005026533576546751	-0.00502653357654675	0.9949734664234539	0.005026533576546751	0.0100530671530935	-0.005026533576546752	-0.005026533576546751	-0.005026533576546751	0.0050425602957419515	0.010037036550410045	-0.0050265296930584995	-0.00502653444694603	-0.005026532706147467	0.0021031885242250047
-0.0008377555960911244	-0.0016755111921822486	0.0008377555960911246	0.0008377555960911243	0.0008377555960911244	0.9991622444039091	-0.0016755111921822488	0.0008377555960911245	0.0008377555960911246	0.0008377555960911246	-0.0008404267159569912	-0.0016728394250683405	0.0008377549488430828	0.0008377557411576714	0.0008377554510245775	-0.00035053142070416753
-0.0033510223843644976	-0.006702044768728995	0.0033510223843644985	0.003351022384364497	0.0033510223843644976	-0.003351022384364497	0.9932979552312706	0.003351022384364497	0.0033510223843644976	0.003351022384364498	-0.0033617068638279643	-0.0066913577002733595	0.003351019795372331	0.003351022964630685	0.003351021804098309	-0.0014021256828166697
0.0016755111921822488	0.0033510223843644976	-0.0016755111921822493	-0.0016755111921822486	-0.0016755111921822488	0.0016755111921822486	0.0033510223843644968	0.9983244888078178	-0.0016755111921822488	-0.0016755111921822488	0.001680853431913982	0.0033456788501366797	-0.0016755098976861658	-0.0016755114823153426	-0.0016755109020491546	0.000701062841408335
0.002513266788273373	0.005026533576546745	-0.0025132667882733733	-0.0025132667882733733	-0.0025132667882733733	0.0025132667882733738	0.005026533576546746	-0.0025132667882733738	0.9974867332117268	-0.002513266788273374	0.002521280147870975	0.005018518275205021	-0.002513264846529249	-0.002513267223473014	-0.0025132663530737327	0.0010515942621125024
0.0050265335765467475	0.010053067153093493	-0.005026533576546748	-0.005026533576546748	-0.005026533576546748	0.005026533576546749	0.010053067153093495	-0.005026533576546749	-0.005026533576546749	0.9949734664234535	0.005042560295741951	0.010037036550410045	-0.005026529693058497	-0.005026534446946028	-0.005026532706147466	0.0021031885242250043
-0.0008368174731142143	-0.0016736349462284283	0.0008368174731142143	0.000836817473114214	0.0008368174731142143	-0.0008368174731142142	-0.001673634946228428	0.000836817473114214	0.0008368174731142142	0.0008368174731142142	0.9784966977544348	0.01898669460864637	0.0008429726906908104	0.000836748082656969	0.0008368868635714596	-0.021924329353514405
-0.0032273772659210044	-0.006454754531842008	0.003227377265921005	0.003227377265921004	0.0032273772659210044	-0.0032273772659210044	-0.006454754531842008	0.0032273772659210044	0.003227377265921005	0.0032273772659210044	0.04354451842548904	0.9467725506457065	0.003228176396962622	0.0032272408767435017	0.003227513655098504	-0.04357340210958868
0.001675511179317449	0.0033510223586348978	-0.0016755111793174493	-0.0016755111793174489	-0.001675511179317449	0.001675511179317449	0.0033510223586348978	-0.0016755111793174489	-0.001675511179317449	-0.0016755111793174489	0.0016931751208680563	0.0033450913927776226	0.9983127558449895	-0.001675511506089257	-0.0016755108525456403	0.0006899306127212445
0.002513274344778704	0.005026548689557408	-0.002513274344778705	-0.002513274344778705	-0.002513274344778705	0.0025132743447787054	0.005026548689557409	-0.002513274344778706	-0.002513274344778705	-0.0025132743447787054	0.0025214638813373692	0.005018357165658721	-0.002513272357438683	0.997483769556687	-0.0025103182462442733	0.0010488228815178548
0.005026533569346091	0.01005306713869218	-0.005026533569346091	-0.00502653356934609	-0.005026533569346091	0.005026533569346092	0.01005306713869218	-0.005026533569346092	-0.005026533569346092	-0.005026533569346091	0.005042912619741019	0.010036684113622582	-0.0050265295946714215	-0.005020623146482575	0.99496755600779	0.0020976390213687116
-0.0025077375001166797	-0.005015475000233359	0.0025077375001166797	0.0025077375001166797	0.0025077375001166797	-0.0025077375001166797	-0.005015475000233359	0.00250773750011668	0.00250773750011668	0.0025077375001166806	-0.12642857882697253	0.1189388396661575	0.002474264160581639	0.0025132320137716026	0.0025022429864617573	0.8694993017578728