0.9979774497414936	-0.004045100517012136	0.0020225502585060674	0.0020225502585060674	0.0020225502585060682	-0.0020225502585060665	-0.004045100517012136	0.0020225502585060682	0.0020225502585060682	0.0020225502585060682	-0.002036899772182301	-0.004030749063784118	0.00202254831895428	0.0020225518641450004	0.0020225486528671374	-0.0007085517734748414
-0.008090201034024268	0.9838195979319522	0.00809020103402427	0.00809020103402427	0.008090201034024273	-0.008090201034024266	-0.01618040206804854	0.008090201034024273	0.008090201034024273	0.008090201034024273	-0.008147599088729205	-0.01612299625513647	0.008090193275817118	0.008090207456579998	0.00809019461146855	-0.0028342070938993645
0.004045100517012137	0.008090201034024275	0.9959548994829879	-0.004045100517012135	-0.0040451005170121365	0.004045100517012135	0.008090201034024271	-0.0040451005170121365	-0.004045100517012137	-0.004045100517012137	0.004073799544364602	0.008061498127568237	-0.0040450966379085625	-0.004045103728290001	-0.0040450973057342765	0.0014171035469496829
0.006067650775518205	0.012135301551036412	-0.006067650775518205	0.9939323492244817	-0.006067650775518207	0.006067650775518203	0.012135301551036409	-0.006067650775518204	-0.006067650775518205	-0.006067650775518207	0.006110699316546904	0.012092247191352351	-0.00606764495686284	-0.006067655592434995	-0.00606764595860141	0.0021256553204245235
0.012135301551036414	0.02427060310207283	-0.012135301551036414	-0.012135301551036416	0.987864698448964	0.012135301551036412	0.024270603102072824	-0.012135301551036414	-0.012135301551036414	-0.012135301551036416	0.01222139863309381	0.02418449438270471	-0.012135289913725684	-0.012135311184869988	-0.012135291917202822	0.004251310640849048
-0.0020225502585060674	-0.004045100517012136	0.0020225502585060674	0.002022550258506068	0.0020225502585060682	0.9979774497414936	-0.004045100517012136	0.002022550258506068	0.0020225502585060682	0.0020225502585060682	-0.0020368997721823007	-0.004030749063784116	0.00202254831895428	0.002022551864145	0.0020225486528671387	-0.0007085517734748412
-0.008090201034024264	-0.016180402068048532	0.008090201034024264	0.008090201034024266	0.008090201034024268	-0.008090201034024264	0.9838195979319515	0.008090201034024273	0.008090201034024271	0.008090201034024271	-0.008147599088729203	-0.016122996255136468	0.008090193275817123	0.008090207456579998	0.008090194611468551	-0.002834207093899365
0.004045100517012134	0.008090201034024271	-0.004045100517012135	-0.004045100517012136	-0.0040451005170121365	0.004045100517012134	0.008090201034024271	0.995954899482988	-0.0040451005170121365	-0.0040451005170121365	0.004073799544364601	0.008061498127568236	-0.004045096637908562	-0.00404510372829	-0.0040450973057342765	0.0014171035469496822
0.006067650775518204	0.01213530155103641	-0.006067650775518204	-0.006067650775518205	-0.006067650775518207	0.006067650775518203	0.012135301551036409	-0.0060676507755182026	0.9939323492244819	-0.006067650775518205	0.006110699316546902	0.012092247191352351	-0.006067644956862839	-0.006067655592434995	-0.00606764595860141	0.002125655320424523
0.012135301551036412	0.024270603102072828	-0.012135301551036412	-0.012135301551036412	-0.012135301551036417	0.01213530155103641	0.024270603102072824	-0.012135301551036409	-0.012135301551036412	0.9878646984489639	0.012221398633093808	0.024184494382704706	-0.012135289913725682	-0.012135311184869992	-0.012135291917202824	0.004251310640849048
-0.00201375096444537	-0.004027501928890741	0.0020137509644453707	0.0020137509644453703	0.002013750964445371	-0.00201375096444537	-0.0040275019288907405	0.0020137509644453707	0.002013750964445371	0.002013750964445371	0.9600817249313855	0.03386574106899743	0.00202503207072653	0.0020134187130957893	0.0020140832157949516	-0.04125408032031416
-0.007458004083678709	-0.014916008167357418	0.007458004083678709	0.007458004083678709	0.007458004083678709	-0.007458004083678707	-0.01491600816735742	0.007458004083678711	0.007458004083678711	0.007458004083678713	0.0842106772277333	0.8934134984496596	0.007459816155249812	0.007457360048281048	0.00745864811907637	-0.08098982958655973
0.004045100401734318	0.008090200803468638	-0.00404510040173432	-0.00404510040173432	-0.0040451004017343205	0.004045100401734319	0.008090200803468641	-0.0040451004017343205	-0.0040451004017343205	-0.004045100401734322	0.004096575538019222	0.008060011695725885	0.9959336135697239	-0.004045103781768819	-0.004045097021699823	0.0013972474683812942
0.006067695872759549	0.012135391745519102	-0.00606769587275955	-0.00606769587275955	-0.0060676958727595535	0.006067695872759549	0.0121353917455191	-0.006067695872759549	-0.006067695872759552	-0.006067695872759553	0.006111504262971364	0.012091577353043058	-0.0060676898704953176	0.9939251713386411	-0.006060563084160695	0.0021193276549918644
0.012135301412058302	0.024270602824116607	-0.012135301412058304	-0.012135301412058305	-0.012135301412058305	0.012135301412058304	0.02427060282411661	-0.012135301412058304	-0.012135301412058305	-0.012135301412058307	0.012222917952538956	0.024182974279127533	-0.012135289407549887	-0.012121055288992695	0.9878504524648763	0.004238618919056369
-0.006015351982987903	-0.012030703965975807	0.006015351982987902	0.006015351982987903	0.006015351982987904	-0.006015351982987902	-0.012030703965975808	0.006015351982987902	0.006015351982987904	0.006015351982987904	-0.2332719697934701	0.21528596227377153	0.005955303553722696	0.006027609402399784	0.006003094563576022	0.7545865506036947