0.9974878577885937	-0.005024284422813628	0.002512142211406814	0.002512142211406814	0.002512142211406814	-0.0025121422114068163	-0.00502428442281363	0.0025121422114068137	0.0025121422114068146	0.002512142211406815	-0.002530403947364178	-0.005006021936764097	0.0025121414613146413	0.002512145079423872	0.0025121393433897585	-0.0008214072748824485
-0.010048568845627256	0.9799028623087453	0.010048568845627256	0.010048568845627258	0.010048568845627258	-0.010048568845627265	-0.020097137691254516	0.010048568845627255	0.01004856884562726	0.010048568845627258	-0.010121615789456709	-0.02002408774705638	0.010048565845258565	0.010048580317695482	0.010048557373559032	-0.0032856290995297932
0.005024284422813631	0.01004856884562726	0.9949757155771862	-0.005024284422813631	-0.00502428442281363	0.005024284422813634	0.010048568845627265	-0.00502428442281363	-0.005024284422813632	-0.005024284422813633	0.0050608078947283535	0.010012043873528196	-0.0050242829226292834	-0.0050242901588477456	-0.005024278686779519	0.0016428145497648968
0.00753642663422045	0.0150728532684409	-0.00753642663422045	0.9924635733657797	-0.007536426634220448	0.007536426634220451	0.015072853268440897	-0.007536426634220448	-0.007536426634220448	-0.007536426634220449	0.007591211842092533	0.015018065810292287	-0.007536424383943927	-0.0075364352382716136	-0.007536418030169273	0.0024642218246473456
0.015072853268440899	0.030145706536881797	-0.015072853268440899	-0.015072853268440899	0.984927146731559	0.0150728532684409	0.030145706536881794	-0.015072853268440895	-0.015072853268440895	-0.015072853268440897	0.01518242368418507	0.03003613162058458	-0.015072848767887856	-0.015072870476543229	-0.015072836060338548	0.00492844364929469
-0.002512142211406816	-0.005024284422813632	0.002512142211406816	0.002512142211406816	0.0025121422114068163	0.9974878577885941	-0.005024284422813632	0.0025121422114068146	0.002512142211406816	0.0025121422114068163	-0.002530403947364177	-0.005006021936764097	0.002512141461314642	0.0025121450794238715	0.0025121393433897576	-0.0008214072748824485
-0.010048568845627258	-0.020097137691254516	0.010048568845627258	0.010048568845627258	0.01004856884562726	-0.010048568845627263	0.9799028623087453	0.010048568845627258	0.010048568845627263	0.010048568845627263	-0.010121615789456707	-0.02002408774705638	0.010048565845258565	0.010048580317695486	0.01004855737355903	-0.0032856290995297932
0.00502428442281363	0.010048568845627258	-0.00502428442281363	-0.00502428442281363	-0.00502428442281363	0.005024284422813632	0.010048568845627262	0.9949757155771861	-0.005024284422813632	-0.005024284422813633	0.0050608078947283535	0.01001204387352819	-0.005024282922629283	-0.005024290158847741	-0.005024278686779515	0.0016428145497648966
0.007536426634220451	0.0150728532684409	-0.00753642663422045	-0.007536426634220451	-0.00753642663422045	0.00753642663422045	0.015072853268440897	-0.007536426634220448	0.9924635733657797	-0.0075364266342204484	0.007591211842092535	0.015018065810292287	-0.007536424383943925	-0.007536435238271616	-0.0075364180301692755	0.002464221824647346
0.0150728532684409	0.030145706536881797	-0.015072853268440899	-0.015072853268440899	-0.015072853268440899	0.015072853268440899	0.03014570653688179	-0.015072853268440893	-0.015072853268440893	0.9849271467315593	0.015182423684185065	0.03003613162058457	-0.015072848767887852	-0.01507287047654323	-0.015072836060338544	0.004928443649294692
-0.002497147261730081	-0.004994294523460162	0.002497147261730082	0.002497147261730081	0.0024971472617300815	-0.002497147261730082	-0.004994294523460164	0.002497147261730081	0.002497147261730081	0.0024971472617300815	0.9538449211423496	0.03865099060371174	0.002509793730478644	0.002496665820639029	0.002497628702821131	-0.04765539013310196
-0.009107177496104114	-0.018214354992208224	0.009107177496104112	0.009107177496104112	0.009107177496104114	-0.009107177496104115	-0.01821435499220823	0.009107177496104114	0.009107177496104115	0.009107177496104117	0.09729269429139484	0.8753839801874597	0.00910897052893736	0.00910624756166433	0.009108107430543902	-0.09335700049914245
0.00502428431991993	0.010048568639839859	-0.0050242843199199295	-0.005024284319919929	-0.00502428431991993	0.005024284319919931	0.010048568639839859	-0.0050242843199199295	-0.00502428431991993	-0.00502428431991993	0.005086552960175241	0.0100103918524164	0.9949516238272481	-0.005024290297890839	-0.0050242783419490195	0.0016201607850829863
0.007536496902661342	0.015072993805322683	-0.007536496902661342	-0.007536496902661342	-0.007536496902661343	0.007536496902661342	0.015072993805322683	-0.007536496902661341	-0.00753649690266134	-0.007536496902661341	0.00759236484135045	0.015017123360654389	-0.007536494396682159	0.9924546466454925	-0.007527640450815409	0.0024565082848346928
0.015072852990571312	0.030145705981142613	-0.015072852990571307	-0.015072852990571312	-0.01507285299057131	0.015072852990571308	0.03014570598114262	-0.01507285299057131	-0.015072852990571308	-0.015072852990571312	0.015184588549768837	0.03003396540995484	-0.015072847978581065	-0.015055174786546627	0.9849094688054033	0.004912961940905259
-0.007447193017822559	-0.01489438603564512	0.00744719301782256	0.00744719301782256	0.007447193017822561	-0.007447193017822561	-0.014894386035645118	0.007447193017822559	0.007447193017822557	0.007447193017822561	-0.2691952478282811	0.24692234856734313	0.007378513225292854	0.007461991161033922	0.007432394874611195	0.7165143615231356