0.9998466032278556	-0.00030679354428866994	0.00015339677214433494	0.000153396772144335	0.00015339677214433497	-0.00015339677214433494	-0.00030679354428866994	0.00015339677214433494	0.00015339677214433497	0.000153396772144335	-0.0001534262069109447	-0.00030676410154441275	0.00015339676416668735	0.0001533967732427983	0.0001533967710458717	-0.00007371162426820111
-0.00061358708857734	0.9987728258228449	0.00061358708857734	0.0006135870885773401	0.00061358708857734	-0.0006135870885773399	-0.00122717417715468	0.0006135870885773399	0.00061358708857734	0.00061358708857734	-0.0006137048276437785	-0.0012270564061776512	0.0006135870566667497	0.0006135870929711929	0.0006135870841834866	-0.0002948464970728045
0.00030679354428867004	0.00061358708857734	0.9996932064557111	-0.00030679354428867	-0.00030679354428866994	0.0003067935442886699	0.0006135870885773399	-0.0003067935442886699	-0.00030679354428866994	-0.00030679354428866994	0.0003068524138218893	0.0006135282030888253	-0.0003067935283333746	-0.0003067935464855966	-0.0003067935420917433	0.0001474232485364022
0.00046019031643300466	0.0009203806328660092	-0.0004601903164330045	0.999539809683567	-0.0004601903164330046	0.0004601903164330046	0.0009203806328660092	-0.0004601903164330046	-0.0004601903164330048	-0.0004601903164330048	0.0004602786207328339	0.0009202923046332382	-0.00046019029250006234	-0.0004601903197283946	-0.0004601903131376148	0.0002211348728046033
0.0009203806328660094	0.0018407612657320186	-0.000920380632866009	-0.0009203806328660093	0.9990796193671337	0.0009203806328660093	0.0018407612657320182	-0.0009203806328660091	-0.0009203806328660095	-0.0009203806328660096	0.0009205572414656675	0.001840584609266476	-0.0009203805850001246	-0.0009203806394567891	-0.0009203806262752296	0.0004422697456092065
-0.00015339677214433505	-0.00030679354428867004	0.000153396772144335	0.00015339677214433505	0.00015339677214433502	0.9998466032278556	-0.00030679354428867	0.000153396772144335	0.00015339677214433502	0.00015339677214433502	-0.00015342620691094475	-0.0003067641015444127	0.00015339676416668743	0.0001533967732427983	0.00015339677104587172	-0.00007371162426820112
-0.00061358708857734	-0.0012271741771546797	0.0006135870885773398	0.00061358708857734	0.0006135870885773399	-0.00061358708857734	0.9987728258228451	0.0006135870885773399	0.00061358708857734	0.00061358708857734	-0.0006137048276437788	-0.0012270564061776508	0.0006135870566667497	0.0006135870929711932	0.0006135870841834866	-0.00029484649707280444
0.00030679354428866994	0.0006135870885773398	-0.00030679354428866983	-0.00030679354428866994	-0.0003067935442886699	0.00030679354428866994	0.0006135870885773398	0.9996932064557112	-0.00030679354428866994	-0.00030679354428866994	0.00030685241382188934	0.0006135282030888254	-0.0003067935283333748	-0.00030679354648559655	-0.00030679354209174327	0.00014742324853640222
0.00046019031643300477	0.0009203806328660094	-0.0004601903164330046	-0.0004601903164330047	-0.00046019031643300466	0.00046019031643300477	0.0009203806328660094	-0.00046019031643300466	0.9995398096835673	-0.0004601903164330048	0.0004602786207328338	0.0009202923046332381	-0.0004601902925000622	-0.0004601903197283945	-0.0004601903131376148	0.00022113487280460328
0.0009203806328660093	0.0018407612657320184	-0.000920380632866009	-0.0009203806328660092	-0.0009203806328660091	0.0009203806328660093	0.0018407612657320184	-0.0009203806328660091	-0.0009203806328660094	0.9990796193671342	0.0009205572414656675	0.0018405846092664766	-0.0009203805850001246	-0.0009203806394567891	-0.0009203806262752297	0.00044226974560920655
-0.0001533883357090571	-0.00030677667141811417	0.00015338833570905706	0.00015338833570905709	0.00015338833570905703	-0.00015338833570905706	-0.0003067766714181141	0.00015338833570905703	0.00015338833570905706	0.00015338833570905706	0.9949583303306805	0.004580128093730061	0.00015476490417141992	0.00015338560793818972	0.00015339106347992442	-0.005011002194858833
-0.0006089106508206292	-0.0012178213016412582	0.0006089106508206291	0.0006089106508206292	0.0006089106508206291	-0.0006089106508206291	-0.0012178213016412578	0.000608910650820629	0.0006089106508206291	0.0006089106508206291	0.009459236884228395	0.9887139844648725	0.0006089573492578517	0.0006089052171888744	0.0006089160844523839	-0.010115413614325032
0.00030679354426240644	0.0006135870885248129	-0.0003067935442624064	-0.00030679354426240644	-0.00030679354426240633	0.00030679354426240644	0.0006135870885248127	-0.0003067935442624063	-0.00030679354426240633	-0.0003067935442624063	0.00030960562243575004	0.0006134946713128344	0.999690486794776	-0.000306793547951417	-0.00030679354057339554	0.000144737324621509
0.000460190566390467	0.0009203811327809339	-0.0004601905663904669	-0.000460190566390467	-0.00046019056639046694	0.00046019056639046705	0.0009203811327809341	-0.000460190566390467	-0.00046019056639046705	-0.00046019056639046705	0.00046028673443118293	0.0009202849386641535	-0.0004601905403144022	0.9995392679826459	-0.00045964911542696575	0.0002206014668255689
0.0009203806328537262	0.001840761265707452	-0.0009203806328537259	-0.0009203806328537263	-0.0009203806328537263	0.0009203806328537264	0.0018407612657074528	-0.0009203806328537262	-0.0009203806328537265	-0.0009203806328537265	0.0009205729688822503	0.001840568877526813	-0.0009203805807016109	-0.0009192977452692983	0.9990785364795618	0.000441202690715889
-0.0004601435475532091	-0.0009202870951064181	0.0004601435475532089	0.00046014354755320914	0.0004601435475532091	-0.0004601435475532092	-0.0009202870951064183	0.00046014354755320903	0.00046014354755320914	0.0004601435475532091	-0.029773449628900665	0.02840107767446397	0.00045208485933026483	0.00046121007179276307	0.0004590770233136551	0.9701540122786634