0.9985783948882763	-0.0028432102234473584	0.0014216051117236783	0.0014216051117236785	0.001421605111723679	-0.0014216051117236792	-0.002843210223447357	0.001421605111723678	0.001421605111723678	0.001421605111723678	-0.0014297291909514732	-0.002835084491300834	0.0014216034588049485	0.0014216057322211193	0.001421604491226239	-0.0005425838067060668
-0.005686420446894715	0.9886271591062111	0.005686420446894715	0.005686420446894717	0.005686420446894718	-0.0056864204468947185	-0.011372840893789432	0.005686420446894714	0.005686420446894715	0.005686420446894714	-0.005718916763805893	-0.011340337965203335	0.005686413835219794	0.005686422928884475	0.005686417964904953	-0.002170335226824268
0.0028432102234473584	0.005686420446894717	0.9971567897765522	-0.002843210223447358	-0.002843210223447359	0.002843210223447359	0.005686420446894716	-0.002843210223447357	-0.0028432102234473575	-0.002843210223447357	0.0028594583819029455	0.005670168982601667	-0.0028432069176098983	-0.002843211464442238	-0.0028432089824524773	0.0010851676134121342
0.004264815335171037	0.008529630670342075	-0.004264815335171037	0.9957351846648291	-0.004264815335171038	0.004264815335171039	0.008529630670342077	-0.004264815335171037	-0.0042648153351710376	-0.004264815335171037	0.004289187572854417	0.008505253473902498	-0.004264810376414849	-0.004264817196663357	-0.004264813473678717	0.0016277514201182
0.008529630670342075	0.01705926134068415	-0.008529630670342073	-0.008529630670342075	0.9914703693296583	0.008529630670342079	0.01705926134068415	-0.008529630670342073	-0.008529630670342073	-0.008529630670342073	0.008578375145708833	0.017010506947805003	-0.008529620752829696	-0.008529634393326716	-0.008529626947357432	0.0032555028402364004
-0.0014216051117236794	-0.002843210223447359	0.001421605111723679	0.0014216051117236792	0.0014216051117236794	0.9985783948882767	-0.0028432102234473584	0.0014216051117236788	0.001421605111723679	0.0014216051117236788	-0.001429729190951473	-0.0028350844913008337	0.0014216034588049491	0.0014216057322211193	0.0014216044912262386	-0.0005425838067060671
-0.005686420446894717	-0.011372840893789433	0.005686420446894715	0.005686420446894716	0.005686420446894717	-0.005686420446894718	0.9886271591062104	0.005686420446894715	0.005686420446894714	0.005686420446894713	-0.005718916763805893	-0.011340337965203333	0.005686413835219795	0.005686422928884475	0.005686417964904952	-0.0021703352268242684
0.002843210223447357	0.005686420446894714	-0.002843210223447356	-0.0028432102234473566	-0.002843210223447357	0.0028432102234473575	0.005686420446894714	0.9971567897765523	-0.0028432102234473566	-0.0028432102234473566	0.0028594583819029455	0.005670168982601666	-0.002843206917609897	-0.002843211464442238	-0.0028432089824524756	0.0010851676134121335
0.004264815335171039	0.008529630670342079	-0.0042648153351710376	-0.004264815335171039	-0.004264815335171039	0.004264815335171039	0.008529630670342075	-0.004264815335171037	0.9957351846648289	-0.004264815335171037	0.004289187572854418	0.0085052534739025	-0.00426481037641485	-0.00426481719666336	-0.004264813473678717	0.0016277514201182002
0.008529630670342077	0.017059261340684154	-0.008529630670342075	-0.008529630670342077	-0.008529630670342077	0.008529630670342077	0.01705926134068415	-0.008529630670342073	-0.008529630670342075	0.9914703693296576	0.008578375145708837	0.017010506947805006	-0.008529620752829698	-0.008529634393326718	-0.008529626947357438	0.0032555028402364
-0.0014179396243335265	-0.0028358792486670534	0.0014179396243335265	0.0014179396243335267	0.001417939624333527	-0.001417939624333527	-0.002835879248667053	0.001417939624333526	0.0014179396243335263	0.0014179396243335265	0.9685604417237007	0.027176680932913966	0.001426998094718031	0.0014177599756354095	0.0014181192730316429	-0.03238895351280231
-0.005355779676926908	-0.010711559353853817	0.005355779676926908	0.005355779676926908	0.00535577967692691	-0.005355779676926911	-0.010711559353853818	0.005355779676926908	0.00535577967692691	0.005355779676926909	0.06563718273925917	0.9182940183930532	0.005357239513833867	0.0053554293871370525	0.005356129966716765	-0.06387359139537457
0.0028432101636055424	0.005686420327211086	-0.002843210163605542	-0.0028432101636055424	-0.002843210163605543	0.002843210163605543	0.005686420327211084	-0.0028432101636055415	-0.002843210163605542	-0.0028432101636055424	0.002877638775516273	0.005669057167351641	0.9971397243843435	-0.0028432114974086243	-0.0028432088298024605	0.0010692284213387675
0.004264837347465088	0.008529674694930175	-0.004264837347465088	-0.004264837347465088	-0.004264837347465089	0.004264837347465091	0.008529674694930177	-0.004264837347465088	-0.0042648373474650884	-0.004264837347465089	0.004289636879341897	0.00850487009764555	-0.004264832282057271	0.9957301476354475	-0.004259822330377371	0.0016231886661865268
0.008529630626251153	0.017059261252502306	-0.008529630626251151	-0.008529630626251151	-0.008529630626251153	0.008529630626251153	0.017059261252502303	-0.008529630626251148	-0.00852963062625115	-0.008529630626251148	0.008579229581775422	0.01700965216618257	-0.008529620495455685	-0.008519608132033457	0.9914603468795316	0.0032463587063823376
-0.0042430848329027505	-0.008486169665805501	0.00424308483290275	0.00424308483290275	0.0042430848329027505	-0.0042430848329027505	-0.008486169665805501	0.00424308483290275	0.0042430848329027505	0.0042430848329027505	-0.18424649005748017	0.17156529386954703	0.004195026522127626	0.0042520312904683845	0.004234138375337114	0.8072834176889542