0.9982852870154549	-0.003429425969091634	0.001714712984545816	0.0017147129845458164	0.0017147129845458164	-0.0017147129845458164	-0.0034294259690916323	0.001714712984545816	0.001714712984545816	0.001714712984545816	-0.0017259580193509782	-0.0034181789670853315	0.0017147110173446776	0.0017147140147246824	0.0017147119543669497	-0.000627337632179959
-0.006858851938183265	0.986282296123634	0.006858851938183261	0.006858851938183264	0.006858851938183265	-0.006858851938183264	-0.013717703876366527	0.006858851938183263	0.006858851938183263	0.006858851938183264	-0.006903832077403912	-0.013672715868341324	0.006858844069378706	0.0068588560588987305	0.006858847817467797	-0.0025093505287198344
0.0034294259690916323	0.006858851938183263	0.996570574030908	-0.003429425969091632	-0.003429425969091632	0.003429425969091632	0.006858851938183264	-0.0034294259690916314	-0.0034294259690916314	-0.0034294259690916314	0.0034519160387019563	0.006836357934170662	-0.0034294220346893544	-0.0034294280294493652	-0.003429423908733897	0.0012546752643599179
0.00514413895363745	0.010288277907274896	-0.00514413895363745	0.9948558610463627	-0.00514413895363745	0.005144138953637451	0.0102882779072749	-0.00514413895363745	-0.005144138953637451	-0.005144138953637449	0.005177874058052936	0.010254536901255997	-0.005144133052034033	-0.005144142044174052	-0.005144135863100853	0.0018820128965398777
0.010288277907274894	0.02057655581454979	-0.010288277907274896	-0.010288277907274894	0.9897117220927252	0.010288277907274893	0.02057655581454978	-0.01028827790727489	-0.010288277907274893	-0.01028827790727489	0.010355748116105866	0.020509073802511987	-0.010288266104068062	-0.010288284088348098	-0.010288271726201701	0.0037640257930797527
-0.0017147129845458161	-0.003429425969091632	0.001714712984545816	0.001714712984545816	0.0017147129845458155	0.9982852870154544	-0.0034294259690916327	0.0017147129845458161	0.0017147129845458157	0.001714712984545816	-0.0017259580193509782	-0.003418178967085332	0.0017147110173446772	0.0017147140147246826	0.0017147119543669488	-0.0006273376321799589
-0.0068588519381832655	-0.013717703876366527	0.006858851938183265	0.006858851938183265	0.006858851938183263	-0.006858851938183264	0.9862822961236336	0.006858851938183265	0.006858851938183264	0.006858851938183264	-0.006903832077403912	-0.013672715868341324	0.006858844069378708	0.00685885605889873	0.006858847817467797	-0.0025093505287198353
0.003429425969091633	0.006858851938183265	-0.0034294259690916327	-0.0034294259690916327	-0.003429425969091632	0.0034294259690916323	0.006858851938183265	0.9965705740309085	-0.0034294259690916314	-0.0034294259690916314	0.0034519160387019563	0.006836357934170664	-0.0034294220346893544	-0.0034294280294493652	-0.003429423908733899	0.0012546752643599177
0.005144138953637451	0.010288277907274898	-0.00514413895363745	-0.00514413895363745	-0.00514413895363745	0.00514413895363745	0.010288277907274896	-0.005144138953637449	0.9948558610463627	-0.005144138953637447	0.005177874058052932	0.01025453690125599	-0.005144133052034032	-0.00514414204417405	-0.00514413586310085	0.0018820128965398768
0.010288277907274898	0.020576555814549792	-0.0102882779072749	-0.010288277907274898	-0.010288277907274898	0.010288277907274898	0.02057655581454979	-0.010288277907274898	-0.010288277907274896	0.9897117220927251	0.010355748116105866	0.02050907380251198	-0.010288266104068064	-0.010288284088348098	-0.010288271726201698	0.0037640257930797527
-0.0017088596200474974	-0.003417719240094994	0.0017088596200474974	0.0017088596200474971	0.001708859620047497	-0.001708859620047497	-0.0034177192400949934	0.001708859620047497	0.001708859620047497	0.001708859620047497	0.9642747192615388	0.030588475552617525	0.0017190859457488442	0.0017086100293373931	0.0017091092107576014	-0.036888739377335576
-0.006391973722843825	-0.01278394744568765	0.006391973722843826	0.006391973722843826	0.006391973722843825	-0.006391973722843827	-0.012783947445687652	0.006391973722843826	0.006391973722843826	0.006391973722843826	0.07511731540187301	0.9057050820185981	0.006393655133841278	0.006391488575117898	0.006392458870569757	-0.0725628290439344
0.003429425878666073	0.006858851757332145	-0.0034294258786660725	-0.003429425878666072	-0.0034294258786660716	0.0034294258786660716	0.006858851757332144	-0.0034294258786660716	-0.003429425878666071	-0.0034294258786660716	0.0034724893864514226	0.0068350389419725086	0.996551323428908	-0.003429428066825649	-0.003429423690506492	0.0012367366870520333
0.005144171167169842	0.01028834233433968	-0.005144171167169841	-0.005144171167169841	-0.00514417116716984	0.005144171167169841	0.01028834233433968	-0.005144171167169841	-0.005144171167169841	-0.005144171167169841	0.00517848693857538	0.010254020518753607	-0.005144165122989309	0.9948497806576295	-0.005138122991968901	0.0018765802201715217
0.010288277825680517	0.02057655565136103	-0.010288277825680515	-0.010288277825680517	-0.010288277825680515	0.010288277825680517	0.020576555651361034	-0.010288277825680517	-0.01028827782568052	-0.01028827782568052	0.010356909197125282	0.020507912191580206	-0.010288265737344468	-0.010276193972785605	0.9896996383214245	0.0037531338187365175
-0.005109387421410804	-0.010218774842821604	0.005109387421410803	0.005109387421410804	0.005109387421410803	-0.005109387421410803	-0.010218774842821604	0.005109387421410803	0.005109387421410803	0.005109387421410803	-0.20905907080254904	0.19378507403814704	0.005055221921580528	0.005119976811630153	0.005098798031191448	0.7805369482201541