0.9994024789680586	-0.0011950420638833868	0.0005975210319416935	0.0005975210319416935	0.0005975210319416935	-0.0005975210319416935	-0.0011950420638833868	0.0005975210319416935	0.0005975210319416935	0.0005975210319416935	-0.0005987041549745217	-0.001193858640635881	0.0005975207317270147	0.0005975210881525583	0.0005975209757308284	-0.0002610607202639177
-0.0023900841277667744	0.9952198317444665	0.0023900841277667744	0.002390084127766774	0.0023900841277667744	-0.0023900841277667744	-0.004780168255533548	0.0023900841277667744	0.0023900841277667744	0.0023900841277667744	-0.002394816619898088	-0.004775434562543523	0.002390082926908059	0.0023900843526102325	0.0023900839029233154	-0.0010442428810556713
0.0011950420638833868	0.0023900841277667735	0.9988049579361167	-0.0011950420638833872	-0.0011950420638833872	0.001195042063883387	0.0023900841277667735	-0.0011950420638833868	-0.001195042063883387	-0.001195042063883387	0.0011974083099490437	0.002387717281271762	-0.001195041463454029	-0.0011950421763051169	-0.0011950419514616577	0.0005221214405278355
0.0017925630958250814	0.0035851261916501624	-0.0017925630958250816	0.9982074369041749	-0.0017925630958250814	0.0017925630958250816	0.0035851261916501633	-0.001792563095825082	-0.0017925630958250819	-0.0017925630958250816	0.0017961124649235659	0.0035815759219076405	-0.0017925621951810436	-0.0017925632644576746	-0.001792562927192486	0.0007831821607917532
0.0035851261916501624	0.007170252383300324	-0.003585126191650163	-0.003585126191650163	0.9964148738083497	0.003585126191650162	0.007170252383300325	-0.0035851261916501633	-0.003585126191650163	-0.003585126191650163	0.0035922249298471313	0.00716315184381528	-0.0035851243903620876	-0.003585126528915349	-0.003585125854384972	0.0015663643215835066
-0.0005975210319416933	-0.0011950420638833865	0.0005975210319416934	0.0005975210319416934	0.0005975210319416933	0.9994024789680581	-0.0011950420638833868	0.0005975210319416935	0.0005975210319416935	0.0005975210319416936	-0.0005987041549745216	-0.0011938586406358806	0.0005975207317270145	0.0005975210881525582	0.0005975209757308287	-0.0002610607202639176
-0.0023900841277667744	-0.004780168255533549	0.002390084127766775	0.002390084127766775	0.0023900841277667744	-0.002390084127766774	0.9952198317444664	0.002390084127766775	0.0023900841277667744	0.0023900841277667744	-0.002394816619898088	-0.004775434562543523	0.0023900829269080594	0.0023900843526102333	0.002390083902923315	-0.0010442428810556713
0.0011950420638833878	0.0023900841277667757	-0.001195042063883388	-0.001195042063883388	-0.0011950420638833878	0.0011950420638833876	0.002390084127766775	0.9988049579361169	-0.0011950420638833874	-0.0011950420638833876	0.0011974083099490435	0.0023877172812717617	-0.0011950414634540293	-0.0011950421763051164	-0.0011950419514616577	0.0005221214405278354
0.0017925630958250819	0.003585126191650163	-0.0017925630958250819	-0.0017925630958250819	-0.0017925630958250814	0.0017925630958250814	0.0035851261916501633	-0.001792563095825082	0.9982074369041749	-0.0017925630958250814	0.0017961124649235657	0.0035815759219076405	-0.0017925621951810438	-0.001792563264457675	-0.0017925629271924857	0.0007831821607917532
0.003585126191650162	0.007170252383300323	-0.0035851261916501624	-0.0035851261916501624	-0.0035851261916501616	0.0035851261916501616	0.007170252383300324	-0.0035851261916501624	-0.0035851261916501624	0.9964148738083499	0.0035922249298471305	0.007163151843815279	-0.003585124390362088	-0.00358512652891535	-0.0035851258543849723	0.0015663643215835061
-0.0005971413527215154	-0.0011942827054430309	0.0005971413527215155	0.0005971413527215154	0.0005971413527215155	-0.0005971413527215154	-0.0011942827054430304	0.0005971413527215154	0.0005971413527215154	0.0005971413527215155	0.9834513372924568	0.014752555114221945	0.000601824887878578	0.0005971042140698673	0.0005971784913731629	-0.01675371302751889
-0.0023247898890872976	-0.004649579778174595	0.0023247898890872976	0.0023247898890872976	0.002324789889087297	-0.002324789889087297	-0.004649579778174594	0.002324789889087297	0.0023247898890872976	0.002324789889087297	0.032819577657549115	0.9602055613978341	0.002325281166442533	0.002324716589794288	0.0023248631883803065	-0.033448638144154205
0.0011950420597446419	0.0023900841194892837	-0.0011950420597446419	-0.0011950420597446419	-0.0011950420597446419	0.0011950420597446419	0.002390084119489283	-0.001195042059744642	-0.001195042059744642	-0.0011950420597446419	0.0012067794058933101	0.002387359448443639	0.9987959452651523	-0.0011950421919920836	-0.0011950419274972	0.0005134735274817596
0.001792566921795404	0.0035851338435908073	-0.001792566921795404	-0.001792566921795404	-0.0017925669217954039	0.0017925669217954039	0.003585133843590808	-0.001792566921795404	-0.001792566921795404	-0.0017925669217954039	0.0017962141498914304	0.003581485689099152	-0.0017925659953997733	0.9982053244504419	-0.0017904582940330655	0.0007811754381292862
0.0035851261895092053	0.00717025237901841	-0.0035851261895092057	-0.0035851261895092057	-0.0035851261895092053	0.0035851261895092053	0.007170252379018411	-0.0035851261895092057	-0.0035851261895092057	-0.003585126189509205	0.0035924206383010685	0.007162956077437138	-0.003585124336719795	-0.003580909625701125	0.9964106572466825	0.0015623473733315913
-0.0017903379061375308	-0.0035806758122750608	0.0017903379061375306	0.0017903379061375306	0.0017903379061375304	-0.0017903379061375304	-0.0035806758122750608	0.0017903379061375306	0.0017903379061375304	0.0017903379061375302	-0.09744207007937067	0.09209703451783907	0.0017643597492565315	0.0017943318059790486	0.0017863440062960124	0.9002564244339225