0.9979339663560065	-0.0041320672879869924	0.002066033643993496	0.0020660336439934975	0.0020660336439934967	-0.0020660336439934967	-0.004132067287986992	0.002066033643993496	0.0020660336439934984	0.0020660336439934962	-0.0020807903736637353	-0.004117308661612744	0.0020660317472894836	0.002066035343855333	0.0020660319441316607	-0.0007193868514151977
-0.008264134575973981	0.9834717308480517	0.008264134575973983	0.008264134575973988	0.008264134575973987	-0.008264134575973985	-0.016528269151947966	0.00826413457597398	0.008264134575973988	0.008264134575973983	-0.008323161494654943	-0.016469234646450982	0.008264126989157931	0.008264141375421336	0.008264127776526643	-0.0028775474056607895
0.0041320672879869924	0.008264134575973985	0.9958679327120127	-0.004132067287986993	-0.0041320672879869924	0.0041320672879869924	0.008264134575973985	-0.00413206728798699	-0.004132067287986994	-0.004132067287986992	0.00416158074732747	0.008234617323225493	-0.004132063494578967	-0.004132070687710664	-0.004132063888263321	0.0014387737028303945
0.006198100931980493	0.012396201863960983	-0.006198100931980492	0.9938018990680202	-0.0061981009319804934	0.006198100931980494	0.012396201863960978	-0.006198100931980488	-0.006198100931980495	-0.006198100931980493	0.006242371120991204	0.012351925984838233	-0.006198095241868453	-0.0061981060315660025	-0.006198095832394986	0.0021581605542455944
0.012396201863960983	0.024792403727921963	-0.012396201863960982	-0.012396201863960987	0.9876037981360393	0.012396201863960987	0.024792403727921956	-0.012396201863960975	-0.012396201863960987	-0.012396201863960983	0.012484742241982406	0.024703851969676466	-0.012396190483736904	-0.012396212063132002	-0.012396191664789969	0.004316321108491189
-0.0020660336439934962	-0.004132067287986993	0.002066033643993496	0.0020660336439934975	0.002066033643993497	0.9979339663560067	-0.004132067287986992	0.002066033643993495	0.002066033643993498	0.0020660336439934962	-0.0020807903736637353	-0.004117308661612744	0.002066031747289484	0.002066035343855333	0.0020660319441316603	-0.0007193868514151974
-0.008264134575973983	-0.01652826915194797	0.008264134575973981	0.008264134575973987	0.008264134575973985	-0.008264134575973983	0.9834717308480514	0.008264134575973976	0.008264134575973985	0.008264134575973981	-0.00832316149465494	-0.016469234646450972	0.008264126989157931	0.00826414137542133	0.008264127776526638	-0.0028775474056607895
0.004132067287986991	0.008264134575973983	-0.00413206728798699	-0.0041320672879869924	-0.004132067287986992	0.004132067287986992	0.008264134575973981	0.9958679327120119	-0.0041320672879869924	-0.004132067287986991	0.00416158074732747	0.008234617323225484	-0.0041320634945789655	-0.004132070687710665	-0.004132063888263319	0.001438773702830395
0.00619810093198049	0.012396201863960976	-0.006198100931980488	-0.006198100931980492	-0.00619810093198049	0.006198100931980491	0.012396201863960976	-0.006198100931980487	0.9938018990680201	-0.00619810093198049	0.006242371120991204	0.012351925984838233	-0.006198095241868451	-0.006198106031566001	-0.0061980958323949835	0.0021581605542455935
0.012396201863960982	0.024792403727921956	-0.012396201863960978	-0.012396201863960985	-0.012396201863960983	0.012396201863960983	0.024792403727921956	-0.012396201863960976	-0.012396201863960987	0.987603798136039	0.012484742241982406	0.024703851969676473	-0.012396190483736903	-0.012396212063132005	-0.012396191664789965	0.004316321108491188
-0.002056761690311232	-0.004113523380622463	0.0020567616903112316	0.0020567616903112325	0.0020567616903112316	-0.0020567616903112325	-0.004113523380622466	0.002056761690311231	0.0020567616903112342	0.002056761690311233	0.9595091226216884	0.034309175141098824	0.0020681788565910368	0.0020564170457515467	0.00205710633487092	-0.041846592279373526
-0.007606770956962029	-0.015213541913924059	0.007606770956962026	0.007606770956962029	0.007606770956962029	-0.0076067709569620275	-0.015213541913924055	0.007606770956962024	0.007606770956962031	0.007606770956962031	0.08543471401569058	0.8917431514153485	0.007608592655036819	0.0076061031348977305	0.007607438779026325	-0.08213394897545162
0.004132067170586718	0.008264134341173436	-0.004132067170586717	-0.00413206717058672	-0.004132067170586719	0.004132067170586719	0.008264134341173438	-0.004132067170586717	-0.004132067170586721	-0.004132067170586721	0.0041846452178344986	0.00823311135996406	0.9958463777633745	-0.004132070745177801	-0.0041320635959956374	0.001418658362666614
0.006198148030621515	0.012396296061243027	-0.0061981480306215146	-0.006198148030621516	-0.006198148030621515	0.006198148030621515	0.012396296061243024	-0.006198148030621511	-0.006198148030621516	-0.006198148030621514	0.006243204857284535	0.012351233354796803	-0.006198142150838303	0.9937945660200707	-0.006190862081313471	0.002151707952853031
0.012396201715183207	0.024792403430366414	-0.012396201715183205	-0.012396201715183214	-0.01239620171518321	0.01239620171518321	0.024792403430366414	-0.012396201715183205	-0.01239620171518321	-0.012396201715183207	0.012486315119474142	0.024702278266527097	-0.012396189955634813	-0.012381650409214823	0.9875892469788489	0.004303378025851737
-0.006142985676522021	-0.012285971353044042	0.006142985676522021	0.006142985676522023	0.006142985676522021	-0.006142985676522021	-0.012285971353044035	0.006142985676522016	0.0061429856765220225	0.00614298567652202	-0.23657428729858163	0.21820617613798093	0.006082139807556738	0.006155474201728703	0.006130497151315336	0.7510637129839526