0.9980969972353115	-0.003806005529377121	0.001903002764688561	0.0019030027646885605	0.0019030027646885605	-0.0019030027646885612	-0.003806005529377121	0.0019030027646885614	0.0019030027646885614	0.0019030027646885614	-0.0019161871085953187	-0.0037928191811747785	0.0019030007603929745	0.001903004128137792	0.0019030014012393279	-0.0006779516553894435
-0.00761201105875424	0.9847759778824913	0.00761201105875424	0.00761201105875424	0.007612011058754242	-0.007612011058754243	-0.015224022117508482	0.007612011058754244	0.007612011058754245	0.0076120110587542455	-0.007664748434381273	-0.015171276724699107	0.007612003041571896	0.0076120165125511665	0.007612005604957311	-0.0027118066215577733
0.003806005529377122	0.007612011058754244	0.9961939944706223	-0.003806005529377121	-0.0038060055293771215	0.0038060055293771223	0.007612011058754243	-0.0038060055293771228	-0.0038060055293771228	-0.0038060055293771228	0.00383237421719064	0.007585638362349555	-0.0038060015207859485	-0.0038060082562755854	-0.0038060028024786575	0.0013559033107788869
0.005709008294065683	0.011418016588131368	-0.005709008294065684	0.9942909917059338	-0.005709008294065685	0.005709008294065685	0.011418016588131364	-0.005709008294065685	-0.005709008294065685	-0.005709008294065685	0.0057485613257859565	0.011378457543524331	-0.005709002281178923	-0.005709012384413378	-0.005709004203717987	0.0020338549661683314
0.011418016588131363	0.022836033176262725	-0.011418016588131364	-0.011418016588131364	0.9885819834118681	0.011418016588131368	0.022836033176262722	-0.011418016588131366	-0.011418016588131366	-0.011418016588131368	0.01149712265157191	0.022756915087048652	-0.011418004562357842	-0.011418024768826755	-0.01141800840743597	0.004067709932336662
-0.0019030027646885599	-0.0038060055293771197	0.0019030027646885605	0.00190300276468856	0.00190300276468856	0.9980969972353116	-0.0038060055293771197	0.0019030027646885605	0.0019030027646885607	0.0019030027646885607	-0.0019161871085953191	-0.003792819181174776	0.0019030007603929738	0.0019030041281377919	0.001903001401239328	-0.0006779516553894434
-0.007612011058754238	-0.015224022117508475	0.00761201105875424	0.0076120110587542394	0.0076120110587542394	-0.0076120110587542394	0.9847759778824908	0.00761201105875424	0.007612011058754242	0.007612011058754242	-0.007664748434381275	-0.015171276724699105	0.007612003041571896	0.0076120165125511665	0.007612005604957311	-0.0027118066215577738
0.0038060055293771206	0.00761201105875424	-0.0038060055293771223	-0.0038060055293771215	-0.0038060055293771223	0.0038060055293771215	0.007612011058754241	0.9961939944706228	-0.003806005529377122	-0.0038060055293771223	0.00383237421719064	0.0075856383623495545	-0.0038060015207859485	-0.003806008256275585	-0.003806002802478658	0.001355903310778887
0.005709008294065682	0.011418016588131366	-0.005709008294065684	-0.005709008294065684	-0.005709008294065683	0.005709008294065681	0.011418016588131361	-0.005709008294065683	0.9942909917059343	-0.005709008294065685	0.0057485613257859565	0.011378457543524326	-0.005709002281178922	-0.005709012384413377	-0.005709004203717987	0.0020338549661683314
0.011418016588131366	0.022836033176262736	-0.01141801658813137	-0.01141801658813137	-0.011418016588131368	0.011418016588131363	0.022836033176262725	-0.011418016588131368	-0.011418016588131368	0.9885819834118686	0.011497122651571913	0.022756915087048656	-0.011418004562357845	-0.011418024768826756	-0.011418008407435976	0.0040677099323366646
-0.0018954295900910796	-0.0037908591801821593	0.00189542959009108	0.00189542959009108	0.0018954295900910807	-0.00189542959009108	-0.003790859180182159	0.001895429590091081	0.0018954295900910816	0.0018954295900910818	0.9616792491731135	0.03262357108968075	0.0019063205570238285	0.0018951305105517802	0.0018957286696303802	-0.03959618431497655
-0.007046694060436872	-0.014093388120873747	0.0070466940604368734	0.007046694060436876	0.007046694060436875	-0.007046694060436873	-0.014093388120873743	0.0070466940604368734	0.007046694060436875	0.007046694060436877	0.08077211941895901	0.8980860241445962	0.007048468315571325	0.007046113734461393	0.007047274386412354	-0.07778902601744812
0.0038060054220268986	0.007612010844053797	-0.0038060054220268994	-0.0038060054220268994	-0.0038060054220269003	0.0038060054220268994	0.007612010844053797	-0.0038060054220269	-0.0038060054220269007	-0.0038060054220269016	0.0038543292354859537	0.007584210829456852	0.9961734707791116	-0.0038060083012905056	-0.0038060025427632937	0.0013367736941636008
0.005709048121379009	0.01141809624275802	-0.0057090481213790106	-0.0057090481213790106	-0.0057090481213790106	0.005709048121379009	0.01141809624275802	-0.0057090481213790106	-0.00570904812137901	-0.0057090481213790106	0.005749289238199459	0.011377848945769728	-0.005709041941211172	0.9942842402313645	-0.005702336474122981	0.0020278726636536177
0.011418016473852073	0.022836032947704147	-0.011418016473852075	-0.011418016473852075	-0.011418016473852075	0.011418016473852072	0.02283603294770414	-0.011418016473852073	-0.011418016473852075	-0.011418016473852077	0.011498498493620021	0.022755538567624235	-0.011418004113540128	-0.011404609706429324	0.9885685767587251	0.004055712892499483
-0.005664014366793043	-0.011328028733586085	0.005664014366793043	0.005664014366793043	0.005664014366793042	-0.0056640143667930415	-0.011328028733586081	0.005664014366793043	0.005664014366793042	0.005664014366793044	-0.22405355637551622	0.2071193298313258	0.005606197810604461	0.005675630736254445	0.005652397997331639	0.7644428852809404