0.9984391049810571	-0.003121790037885463	0.0015608950189427322	0.0015608950189427316	0.001560895018942732	-0.0015608950189427324	-0.0031217900378854645	0.0015608950189427318	0.0015608950189427324	0.0015608950189427322	-0.001570503511315164	-0.00311217971158746	0.0015608931850171577	0.0015608958182750815	0.0015608942196103834	-0.0005837767767423358
-0.006243580075770927	0.9875128398484575	0.006243580075770931	0.006243580075770928	0.00624358007577093	-0.006243580075770931	-0.01248716015154186	0.006243580075770927	0.006243580075770929	0.006243580075770929	-0.006282014045260656	-0.012448718846349842	0.0062435727400686316	0.006243583273100324	0.006243576878441532	-0.0023351071069693426
0.003121790037885464	0.006243580075770928	0.9968782099621144	-0.0031217900378854636	-0.003121790037885464	0.0031217900378854653	0.00624358007577093	-0.0031217900378854645	-0.0031217900378854653	-0.0031217900378854645	0.0031410070226303285	0.006224359423174919	-0.0031217863700343166	-0.0031217916365501625	-0.0031217884392207664	0.001167553553484671
0.004682685056828196	0.009365370113656393	-0.004682685056828196	0.9953173149431715	-0.004682685056828198	0.004682685056828199	0.009365370113656398	-0.004682685056828197	-0.004682685056828198	-0.004682685056828198	0.004711510533945492	0.009336539134762373	-0.004682679555051475	-0.004682687454825244	-0.0046826826588311525	0.0017513303302270065
0.009365370113656395	0.018730740227312793	-0.009365370113656395	-0.009365370113656395	0.9906346298863434	0.0093653701136564	0.018730740227312796	-0.009365370113656395	-0.009365370113656396	-0.009365370113656398	0.009423021067890986	0.018673078269524752	-0.009365359110102955	-0.00936537490965049	-0.009365365317662305	0.0035026606604540147
-0.0015608950189427324	-0.003121790037885465	0.0015608950189427324	0.0015608950189427324	0.0015608950189427327	0.9984391049810577	-0.0031217900378854658	0.0015608950189427324	0.0015608950189427329	0.0015608950189427327	-0.0015705035113151647	-0.003112179711587461	0.0015608931850171585	0.0015608958182750817	0.0015608942196103834	-0.0005837767767423358
-0.00624358007577093	-0.01248716015154186	0.00624358007577093	0.00624358007577093	0.006243580075770931	-0.0062435800757709315	0.9875128398484581	0.006243580075770929	0.006243580075770931	0.006243580075770931	-0.006282014045260658	-0.012448718846349842	0.006243572740068634	0.006243583273100325	0.006243576878441533	-0.0023351071069693426
0.003121790037885464	0.006243580075770928	-0.003121790037885464	-0.003121790037885464	-0.0031217900378854645	0.003121790037885465	0.006243580075770929	0.9968782099621141	-0.0031217900378854653	-0.003121790037885465	0.0031410070226303285	0.006224359423174919	-0.003121786370034316	-0.0031217916365501616	-0.0031217884392207656	0.0011675535534846713
0.004682685056828197	0.009365370113656396	-0.004682685056828197	-0.004682685056828197	-0.004682685056828198	0.004682685056828198	0.009365370113656396	-0.004682685056828197	0.995317314943172	-0.004682685056828197	0.004711510533945494	0.009336539134762378	-0.004682679555051476	-0.004682687454825244	-0.004682682658831151	0.0017513303302270065
0.009365370113656398	0.018730740227312796	-0.009365370113656398	-0.009365370113656398	-0.009365370113656398	0.0093653701136564	0.018730740227312796	-0.009365370113656398	-0.009365370113656398	0.9906346298863435	0.009423021067890988	0.01867307826952476	-0.009365359110102951	-0.009365374909650488	-0.009365365317662301	0.0035026606604540147
-0.0015562620962441256	-0.0031125241924882512	0.0015562620962441254	0.0015562620962441254	0.0015562620962441254	-0.0015562620962441258	-0.003112524192488251	0.0015562620962441252	0.0015562620962441254	0.0015562620962441254	0.9664812888402672	0.028840290137005634	0.0015658968302393445	0.0015560503242929456	0.0015564738681953056	-0.034575614946361306
-0.005850802302465077	-0.011701604604930154	0.005850802302465078	0.005850802302465077	0.005850802302465077	-0.005850802302465078	-0.011701604604930155	0.005850802302465077	0.005850802302465077	0.005850802302465078	0.07025401734012524	0.9121919994075909	0.005852378647353682	0.005850390016678741	0.0058512145882514115	-0.06809723066927861
0.0031217899633739755	0.006243579926747951	-0.0031217899633739755	-0.003121789963373976	-0.0031217899633739763	0.0031217899633739763	0.006243579926747953	-0.0031217899633739755	-0.003121789963373976	-0.0031217899633739768	0.0031603638190840556	0.006223143472302437	0.996860072635361	-0.003121791670965076	-0.0031217882557828766	0.0011506390525378482
0.0046827116679551035	0.009365423335910207	-0.0046827116679551035	-0.0046827116679551035	-0.0046827116679551035	0.0046827116679551035	0.009365423335910207	-0.004682711667955103	-0.0046827116679551035	-0.0046827116679551035	0.004712035195398091	0.009336094183359955	-0.004682706042847839	0.9953117822934755	-0.004677205629385147	0.0017463519404716569
0.009365370053628605	0.018730740107257213	-0.009365370053628603	-0.009365370053628605	-0.009365370053628605	0.009365370053628606	0.01873074010725721	-0.009365370053628603	-0.009365370053628603	-0.009365370053628605	0.009424016971253725	0.018672081939440748	-0.009365358803437258	-0.009354367681229572	0.9906236275739717	0.0034926816183506715
-0.0046551984649926435	-0.009310396929985287	0.0046551984649926435	0.004655198464992643	0.004655198464992643	-0.0046551984649926435	-0.009310396929985287	0.004655198464992642	0.004655198464992643	0.0046551984649926435	-0.1962926823331259	0.18237812103855636	0.00460416436458408	0.004664932596357543	0.004645464333627742	0.7942860565107469