0.9993230127268963	-0.0013539745462067172	0.0006769872731033585	0.0006769872731033586	0.0006769872731033584	-0.0006769872731033586	-0.001353974546206717	0.0006769872731033585	0.0006769872731033586	0.0006769872731033585	-0.0006785973356827815	-0.0013523640808271362	0.0006769868703032001	0.000676987353031721	0.0006769871931749963	-0.00029143660958728593
-0.0027079490924134344	0.9945841018151731	0.0027079490924134344	0.0027079490924134344	0.0027079490924134335	-0.0027079490924134344	-0.005415898184826868	0.0027079490924134344	0.0027079490924134344	0.0027079490924134335	-0.002714389342731128	-0.005409456323308545	0.0027079474812128014	0.0027079494121268854	0.0027079487726999847	-0.001165746438349144
0.0013539745462067172	0.002707949092413435	0.9986460254537931	-0.0013539745462067172	-0.0013539745462067166	0.0013539745462067172	0.002707949092413433	-0.001353974546206717	-0.0013539745462067172	-0.0013539745462067166	0.0013571946713655638	0.002704728161654273	-0.0013539737406064	-0.0013539747060634423	-0.0013539743863499926	0.0005828732191745722
0.0020309618193100755	0.004061923638620153	-0.002030961819310076	0.9979690381806896	-0.002030961819310076	0.0020309618193100755	0.004061923638620152	-0.0020309618193100763	-0.002030961819310076	-0.0020309618193100763	0.0020357920070483444	0.004057092242481408	-0.0020309606109096007	-0.0020309620590951644	-0.0020309615795249874	0.000874309828761858
0.004061923638620152	0.008123847277240307	-0.004061923638620153	-0.004061923638620153	0.9959380763613795	0.004061923638620152	0.008123847277240305	-0.004061923638620153	-0.004061923638620153	-0.0040619236386201536	0.004071584014096691	0.008114184484962818	-0.004061921221819202	-0.00406192411819033	-0.004061923159049976	0.001748619657523716
-0.0006769872731033585	-0.0013539745462067172	0.0006769872731033587	0.0006769872731033587	0.0006769872731033587	0.9993230127268963	-0.001353974546206717	0.0006769872731033586	0.0006769872731033587	0.0006769872731033586	-0.0006785973356827816	-0.0013523640808271358	0.0006769868703032	0.000676987353031721	0.0006769871931749963	-0.0002914366095872859
-0.002707949092413434	-0.00541589818482687	0.002707949092413435	0.002707949092413435	0.002707949092413435	-0.0027079490924134344	0.9945841018151729	0.0027079490924134344	0.002707949092413435	0.0027079490924134344	-0.0027143893427311267	-0.005409456323308544	0.002707947481212801	0.002707949412126884	0.0027079487726999847	-0.0011657464383491435
0.0013539745462067174	0.0027079490924134353	-0.0013539745462067179	-0.0013539745462067179	-0.0013539745462067179	0.0013539745462067176	0.0027079490924134353	0.9986460254537931	-0.0013539745462067174	-0.001353974546206717	0.0013571946713655636	0.002704728161654272	-0.0013539737406064007	-0.0013539747060634425	-0.0013539743863499923	0.0005828732191745717
0.0020309618193100763	0.004061923638620154	-0.0020309618193100768	-0.0020309618193100768	-0.0020309618193100768	0.0020309618193100763	0.0040619236386201536	-0.0020309618193100768	0.9979690381806897	-0.0020309618193100763	0.0020357920070483457	0.004057092242481409	-0.0020309606109096016	-0.002030962059095165	-0.002030961579524988	0.0008743098287618581
0.004061923638620153	0.008123847277240309	-0.0040619236386201536	-0.0040619236386201536	-0.0040619236386201536	0.004061923638620152	0.008123847277240307	-0.0040619236386201536	-0.0040619236386201536	0.9959380763613798	0.004071584014096691	0.008114184484962818	-0.004061921221819203	-0.004061924118190329	-0.004061923159049977	0.0017486196575237155
-0.0006764554270184097	-0.0013529108540368195	0.0006764554270184097	0.0006764554270184096	0.0006764554270184097	-0.0006764554270184097	-0.0013529108540368195	0.0006764554270184097	0.0006764554270184098	0.0006764554270184098	0.9817366219261174	0.016228820401729134	0.000681646818116692	0.0006764085720659913	0.0006765022819708282	-0.018536832469554444
-0.002625204971421984	-0.005250409942843968	0.0026252049714219844	0.0026252049714219844	0.0026252049714219844	-0.002625204971421984	-0.005250409942843968	0.0026252049714219836	0.0026252049714219844	0.0026252049714219844	0.03649403866915527	0.9556297543145285	0.0026257970734722066	0.002625112627275706	0.0026252973155682633	-0.03694934789989135
0.0013539745398551146	0.002707949079710229	-0.0013539745398551144	-0.0013539745398551146	-0.0013539745398551146	0.0013539745398551144	0.0027079490797102287	-0.0013539745398551144	-0.0013539745398551146	-0.0013539745398551148	0.001367583304186323	0.0027042956635313043	0.9986360701119928	-0.001353974724630115	-0.0013539743550801146	0.0005733593659917363
0.0020309667382814064	0.004061933476562814	-0.0020309667382814064	-0.0020309667382814064	-0.002030966738281407	0.002030966738281406	0.004061933476562814	-0.002030966738281407	-0.002030966738281407	-0.0020309667382814073	0.0020359187854746092	0.004056980189082288	-0.002030965497994082	0.9979666442846263	-0.002028577761189299	0.0008720480625838318
0.004061923635253778	0.008123847270507557	-0.004061923635253778	-0.004061923635253778	-0.004061923635253779	0.004061923635253778	0.008123847270507557	-0.004061923635253779	-0.004061923635253779	-0.004061923635253779	0.004071827718347834	0.008113940706841629	-0.0040619211546819075	-0.004057146662186662	0.995933299391679	0.0017440916616004664
-0.0020278375994838733	-0.0040556751989677476	0.0020278375994838733	0.0020278375994838733	0.0020278375994838733	-0.002027837599483873	-0.0040556751989677476	0.0020278375994838733	0.0020278375994838733	0.0020278375994838738	-0.10748508092730796	0.10143015622982267	0.0019992494985175647	0.002032333681662282	0.0020233415173054646	0.8896482259395982