0.9995379115043708	-0.0009241769912592369	0.0004620884956296185	0.0004620884956296185	0.00046208849562961855	-0.00046208849562961844	-0.000924176991259237	0.0004620884956296186	0.00046208849562961855	0.00046208849562961855	-0.00046270221256859126	-0.0009235631151014113	0.00046208833641076593	0.00046208852270256085	0.0004620884685566761	-0.0002073205848942766
-0.0018483539825184733	0.9963032920349629	0.0018483539825184735	0.0018483539825184733	0.0018483539825184735	-0.0018483539825184731	-0.0036967079650369467	0.0018483539825184735	0.0018483539825184733	0.0018483539825184733	-0.001850808850274365	-0.0036942524604056458	0.0018483533456430641	0.0018483540908102436	0.0018483538742267043	-0.0008292823395771068
0.0009241769912592368	0.0018483539825184735	0.9990758230087413	-0.0009241769912592366	-0.0009241769912592368	0.0009241769912592366	0.0018483539825184735	-0.000924176991259237	-0.0009241769912592369	-0.0009241769912592369	0.0009254044251371823	0.001847126230202822	-0.0009241766728215321	-0.0009241770454051214	-0.0009241769371133523	0.00041464116978855316
0.0013862654868888554	0.0027725309737777113	-0.0013862654868888559	0.9986137345131112	-0.0013862654868888559	0.0013862654868888552	0.0027725309737777113	-0.0013862654868888559	-0.0013862654868888552	-0.0013862654868888559	0.0013881066377057743	0.002770689345304235	-0.0013862650092322981	-0.0013862655681076829	-0.0013862654056700278	0.0006219617546828296
0.0027725309737777096	0.00554506194755542	-0.002772530973777711	-0.00277253097377771	0.9972274690262225	0.0027725309737777104	0.005545061947555423	-0.0027725309737777117	-0.0027725309737777096	-0.002772530973777711	0.002776213275411548	0.0055413786906084676	-0.0027725300184645962	-0.0027725311362153658	-0.0027725308113400555	0.0012439235093656589
-0.00046208849562961844	-0.0009241769912592369	0.0004620884956296185	0.00046208849562961844	0.00046208849562961844	0.9995379115043704	-0.000924176991259237	0.0004620884956296186	0.00046208849562961855	0.00046208849562961855	-0.0004627022125685913	-0.0009235631151014113	0.00046208833641076604	0.00046208852270256096	0.0004620884685566761	-0.0002073205848942766
-0.001848353982518474	-0.003696707965036948	0.0018483539825184742	0.001848353982518474	0.001848353982518474	-0.001848353982518474	0.996303292034963	0.0018483539825184742	0.0018483539825184738	0.0018483539825184738	-0.0018508088502743652	-0.003694252460405646	0.0018483533456430646	0.0018483540908102432	0.0018483538742267043	-0.0008292823395771066
0.0009241769912592364	0.001848353982518473	-0.0009241769912592366	-0.0009241769912592364	-0.0009241769912592364	0.0009241769912592366	0.0018483539825184733	0.9990758230087414	-0.0009241769912592369	-0.0009241769912592369	0.0009254044251371826	0.0018471262302028229	-0.0009241766728215321	-0.0009241770454051215	-0.0009241769371133521	0.0004146411697885532
0.0013862654868888548	0.00277253097377771	-0.0013862654868888552	-0.001386265486888855	-0.001386265486888855	0.0013862654868888548	0.00277253097377771	-0.001386265486888855	0.9986137345131113	-0.0013862654868888554	0.0013881066377057743	0.002770689345304235	-0.0013862650092322983	-0.0013862655681076827	-0.001386265405670028	0.0006219617546828298
0.0027725309737777096	0.00554506194755542	-0.0027725309737777104	-0.00277253097377771	-0.00277253097377771	0.0027725309737777096	0.00554506194755542	-0.00277253097377771	-0.0027725309737777096	0.9972274690262224	0.0027762132754115478	0.005541378690608468	-0.0027725300184645962	-0.002772531136215365	-0.0027725308113400555	0.0012439235093656595
-0.00046190050074850365	-0.0009238010014970073	0.00046190050074850365	0.00046190050074850365	0.00046190050074850365	-0.00046190050074850365	-0.0009238010014970075	0.0004619005007485038	0.00046190050074850376	0.00046190050074850376	0.9865787432526745	0.012031790250652024	0.0004656654951765322	0.0004618775937146654	0.00046192340778234195	-0.013521941201491895
-0.001808386287363764	-0.0036167725747275285	0.0018083862873637642	0.001808386287363764	0.0018083862873637638	-0.0018083862873637638	-0.0036167725747275285	0.0018083862873637642	0.0018083862873637642	0.001808386287363764	0.026236780063435206	0.9683377334894132	0.0018087138724240724	0.00180834095970868	0.0018084316150188476	-0.027076937037188158
0.0009241769895909201	0.0018483539791818405	-0.0009241769895909202	-0.0009241769895909201	-0.0009241769895909202	0.0009241769895909201	0.0018483539791818407	-0.0009241769895909204	-0.0009241769895909204	-0.0009241769895909204	0.0009329363063101422	0.001846888701252141	0.9990685289716195	-0.0009241770560488161	-0.0009241769231330246	0.000407588506204677
0.0013862677689627523	0.002772535537925505	-0.0013862677689627527	-0.0013862677689627523	-0.0013862677689627523	0.001386267768962752	0.002772535537925505	-0.0013862677689627525	-0.001386267768962752	-0.0013862677689627523	0.0013881707569616984	0.002770632055834187	-0.001386267274870381	0.9986121014377926	-0.0013846369757181615	0.0006203950545040646
0.0027725309729464344	0.005545061945892869	-0.0027725309729464353	-0.002772530972946434	-0.0027725309729464335	0.0027725309729464335	0.005545061945892867	-0.0027725309729464344	-0.002772530972946434	-0.002772530972946434	0.002776336945917029	0.005541254984738311	-0.0027725299847624696	-0.002769269721682246	0.9972242077757895	0.001240787985364479
-0.00138517003379408	-0.0027703400675881604	0.0013851700337940804	0.0013851700337940802	0.00138517003379408	-0.00138517003379408	-0.0027703400675881604	0.0013851700337940804	0.0013851700337940798	0.00138517003379408	-0.07909586115247125	0.07496152716753832	0.0013639939173447427	0.0013882939237300851	0.0013820461438580735	0.9194868738908669