0.9994692956413044	-0.0010614087173909676	0.0005307043586954838	0.0005307043586954837	0.0005307043586954837	-0.0005307043586954837	-0.0010614087173909678	0.0005307043586954838	0.0005307043586954837	0.0005307043586954837	-0.000531581362489285	-0.0010605314885483413	0.0005307041336466584	0.0005307043988611642	0.0005307043185298036	-0.00023487197535563748
-0.0021228174347819348	0.9957543651304364	0.0021228174347819348	0.0021228174347819343	0.0021228174347819343	-0.0021228174347819343	-0.00424563486956387	0.0021228174347819348	0.0021228174347819348	0.0021228174347819348	-0.0021263254499571406	-0.004242125954193367	0.0021228165345866345	0.002122817595444656	0.0021228172741192147	-0.0009394879014225499
0.0010614087173909678	0.0021228174347819348	0.9989385912826092	-0.0010614087173909674	-0.0010614087173909674	0.0010614087173909676	0.0021228174347819356	-0.0010614087173909676	-0.0010614087173909676	-0.0010614087173909674	0.00106316272497857	0.0021210629770966826	-0.0010614082672933173	-0.001061408797722328	-0.001061408637059607	0.00046974395071127506
0.0015921130760864516	0.0031842261521729033	-0.0015921130760864516	0.9984078869239138	-0.0015921130760864518	0.0015921130760864514	0.0031842261521729037	-0.0015921130760864514	-0.0015921130760864514	-0.0015921130760864512	0.0015947440874678552	0.003181594465645025	-0.0015921124009399764	-0.0015921131965834915	-0.0015921129555894105	0.0007046159260669123
0.0031842261521729037	0.006368452304345807	-0.0031842261521729037	-0.0031842261521729037	0.9968157738478273	0.003184226152172903	0.006368452304345807	-0.003184226152172903	-0.003184226152172903	-0.0031842261521729024	0.0031894881749357095	0.0063631889312900525	-0.003184224801879953	-0.003184226393166983	-0.0031842259111788222	0.0014092318521338246
-0.0005307043586954837	-0.0010614087173909672	0.0005307043586954838	0.0005307043586954837	0.0005307043586954837	0.9994692956413043	-0.0010614087173909676	0.0005307043586954837	0.0005307043586954837	0.0005307043586954836	-0.000531581362489285	-0.0010605314885483417	0.0005307041336466587	0.0005307043988611642	0.0005307043185298033	-0.00023487197535563753
-0.002122817434781935	-0.0042456348695638696	0.0021228174347819356	0.002122817434781935	0.002122817434781935	-0.002122817434781935	0.9957543651304365	0.0021228174347819348	0.0021228174347819348	0.0021228174347819348	-0.0021263254499571406	-0.004242125954193367	0.002122816534586635	0.0021228175954446566	0.002122817274119214	-0.0009394879014225498
0.0010614087173909676	0.0021228174347819348	-0.0010614087173909678	-0.0010614087173909676	-0.0010614087173909676	0.0010614087173909676	0.0021228174347819348	0.9989385912826091	-0.0010614087173909674	-0.0010614087173909674	0.00106316272497857	0.0021210629770966835	-0.0010614082672933173	-0.0010614087977223283	-0.0010614086370596067	0.00046974395071127496
0.001592113076086451	0.003184226152172902	-0.001592113076086451	-0.001592113076086451	-0.001592113076086451	0.0015921130760864508	0.0031842261521729024	-0.001592113076086451	0.9984078869239134	-0.001592113076086451	0.0015947440874678545	0.003181594465645025	-0.0015921124009399762	-0.0015921131965834915	-0.0015921129555894096	0.0007046159260669123
0.003184226152172902	0.006368452304345804	-0.003184226152172902	-0.003184226152172902	-0.003184226152172902	0.003184226152172901	0.006368452304345805	-0.003184226152172902	-0.003184226152172902	0.9968157738478268	0.003189488174935709	0.006363188931290052	-0.003184224801879953	-0.0031842263931669834	-0.003184225911178821	0.0014092318521338248
-0.0005304294413864404	-0.0010608588827728806	0.0005304294413864405	0.0005304294413864404	0.0005304294413864404	-0.0005304294413864405	-0.001060858882772881	0.0005304294413864405	0.0005304294413864404	0.0005304294413864403	0.9849597222670016	0.013444750340349731	0.000534668509875799	0.0005303997013358386	0.0005304591814370423	-0.01519153908383111
-0.002070726683911674	-0.004141453367823347	0.0020707266839116744	0.002070726683911674	0.002070726683911674	-0.0020707266839116744	-0.004141453367823349	0.0020707266839116744	0.002070726683911674	0.0020707266839116736	0.02962452521411871	0.9641628859108068	0.0020711355072514097	0.002070667913616794	0.002070785454206555	-0.030373151570978498
0.0010614087146582519	0.0021228174293165033	-0.0010614087146582519	-0.0010614087146582516	-0.0010614087146582516	0.0010614087146582519	0.002122817429316504	-0.001061408714658252	-0.001061408714658252	-0.0010614087146582516	0.0010716436982235536	0.002120765876757255	0.9989304078543353	-0.0010614088109181883	-0.0010614086183983152	0.00046186294042693777
0.001592116090274829	0.003184232180549658	-0.0015921160902748288	-0.001592116090274829	-0.001592116090274829	0.0015921160902748288	0.0031842321805496585	-0.0015921160902748288	-0.001592116090274829	-0.0015921160902748288	0.001594826381369746	0.00318152119334405	-0.001592115394164138	0.9984060110186366	-0.0015902431991863986	0.0007028254084473677
0.0031842261507860144	0.006368452301572028	-0.003184226150786014	-0.0031842261507860144	-0.0031842261507860144	0.003184226150786014	0.006368452301572029	-0.003184226150786014	-0.0031842261507860135	-0.0031842261507860135	0.003189646728058552	0.006363030332079356	-0.003184224758565879	-0.0031804808642003322	0.9968120285626283	0.0014056480354623598
-0.0015905058540046694	-0.0031810117080093383	0.001590505854004669	0.001590505854004669	0.0015905058540046692	-0.001590505854004669	-0.003181011708009338	0.0015905058540046687	0.0015905058540046687	0.0015905058540046685	-0.08859805874431301	0.08385020989929687	0.0015668371370067937	0.0015940728202824676	0.0015869388877268696	0.9095514146869246