0.9976420899989596	-0.004715820002082456	0.002357910001041228	0.002357910001041228	0.002357910001041228	-0.0023579100010412283	-0.004715820002082456	0.0023579100010412283	0.002357910001041228	0.002357910001041228	-0.0023751139201780153	-0.00469861477864564	0.002357908696741201	0.0023579124222328166	0.0023579075798496386	-0.0007880285685270543
-0.009431640004164916	0.9811367199916695	0.009431640004164915	0.009431640004164915	0.009431640004164916	-0.009431640004164916	-0.018863280008329826	0.009431640004164913	0.009431640004164915	0.009431640004164915	-0.009500455680712063	-0.01879445911458256	0.009431634786964805	0.009431649688931265	0.00943163031939856	-0.003152114274108218
0.004715820002082454	0.009431640004164908	0.9952841799979182	-0.004715820002082457	-0.004715820002082457	0.004715820002082458	0.009431640004164911	-0.004715820002082456	-0.004715820002082456	-0.004715820002082455	0.00475022784035603	0.009397229557291276	-0.004715817393482403	-0.0047158248444656315	-0.004715815159699275	0.0015760571370541086
0.007073730003123684	0.014147460006247368	-0.007073730003123683	0.9929262699968765	-0.007073730003123682	0.007073730003123686	0.014147460006247364	-0.007073730003123682	-0.007073730003123683	-0.007073730003123683	0.007125341760534048	0.014095844335936917	-0.007073726090223605	-0.007073737266698449	-0.007073722739548918	0.002364085705581163
0.014147460006247364	0.028294920012494725	-0.014147460006247363	-0.014147460006247366	0.9858525399937524	0.014147460006247368	0.02829492001249472	-0.01414746000624736	-0.014147460006247363	-0.014147460006247366	0.014250683521068095	0.02819168867187383	-0.014147452180447207	-0.014147474533396896	-0.014147445479097829	0.004728171411162325
-0.0023579100010412287	-0.0047158200020824565	0.002357910001041228	0.0023579100010412287	0.002357910001041229	0.9976420899989594	-0.004715820002082455	0.0023579100010412274	0.002357910001041227	0.0023579100010412274	-0.0023751139201780157	-0.00469861477864564	0.002357908696741201	0.002357912422232816	0.002357907579849638	-0.0007880285685270546
-0.009431640004164911	-0.01886328000832982	0.009431640004164908	0.009431640004164911	0.009431640004164911	-0.009431640004164913	0.9811367199916698	0.009431640004164913	0.009431640004164911	0.009431640004164911	-0.00950045568071206	-0.01879445911458256	0.009431634786964804	0.009431649688931266	0.009431630319398551	-0.003152114274108217
0.004715820002082456	0.00943164000416491	-0.004715820002082453	-0.004715820002082455	-0.004715820002082456	0.004715820002082456	0.009431640004164911	0.9952841799979177	-0.004715820002082455	-0.004715820002082456	0.0047502278403560305	0.009397229557291279	-0.004715817393482402	-0.004715824844465633	-0.004715815159699276	0.001576057137054109
0.0070737300031236796	0.014147460006247357	-0.007073730003123679	-0.00707373000312368	-0.007073730003123679	0.007073730003123681	0.01414746000624736	-0.007073730003123681	0.9929262699968763	-0.007073730003123681	0.007125341760534047	0.014095844335936917	-0.007073726090223602	-0.007073737266698448	-0.007073722739548915	0.0023640857055811627
0.014147460006247364	0.028294920012494725	-0.01414746000624736	-0.014147460006247364	-0.014147460006247363	0.014147460006247368	0.028294920012494732	-0.014147460006247368	-0.014147460006247368	0.9858525399937524	0.014250683521068098	0.028191688671873844	-0.01414745218044721	-0.014147474533396901	-0.014147445479097836	0.004728171411162328
-0.0023450801776434336	-0.004690160355286869	0.002345080177643434	0.002345080177643434	0.002345080177643434	-0.002345080177643434	-0.004690160355286868	0.002345080177643434	0.002345080177643434	0.002345080177643434	0.9557647617545867	0.03718774335004792	0.002357334540078316	0.002344647974681274	0.002345512380605594	-0.04569732223577236
-0.008593771997205669	-0.017187543994411338	0.008593771997205667	0.008593771997205669	0.008593771997205672	-0.00859377199720567	-0.01718754399441134	0.00859377199720567	0.00859377199720567	0.008593771997205672	0.09332423544880238	0.8808926194817241	0.008595601075061838	0.008592936323813614	0.008594607670597719	-0.08957261456730484
0.00471581988518331	0.00943163977036662	-0.004715819885183308	-0.004715819885183309	-0.00471581988518331	0.004715819885183309	0.009431639770366618	-0.004715819885183308	-0.004715819885183308	-0.004715819885183309	0.0047751000810572495	0.009395617391057492	0.995260922298252	-0.004715824945433653	-0.004715814824932965	0.0015542591148880996
0.007073791714011578	0.014147583428023155	-0.007073791714011578	-0.0070737917140115784	-0.007073791714011578	0.007073791714011579	0.014147583428023159	-0.007073791714011579	-0.0070737917140115784	-0.007073791714011579	0.007126379426889732	0.014094991570169397	-0.007073787569035959	0.9929178946166597	-0.007065478044682781	0.002356803832067064
0.014147459779317403	0.028294919558634803	-0.014147459779317403	-0.014147459779317403	-0.014147459779317403	0.014147459779317403	0.02829491955863481	-0.014147459779317403	-0.014147459779317403	-0.014147459779317403	0.014252634904432702	0.028189736143560584	-0.014147451489358486	-0.014130861745816244	0.9858359421871815	0.004713559121915277
-0.006997407160388121	-0.01399481432077624	0.006997407160388121	0.006997407160388122	0.00699740716038812	-0.006997407160388122	-0.013994814320776242	0.006997407160388121	0.006997407160388121	0.006997407160388121	-0.25814715903593627	0.23722097103721387	0.006931373677946127	0.0070114192232020416	0.006983395097574202	0.7281635083006341