0.9998646514779224	-0.0002706970441552354	0.0001353485220776177	0.00013534852207761772	0.00013534852207761763	-0.00013534852207761766	-0.0002706970441552355	0.00013534852207761772	0.00013534852207761774	0.00013534852207761772	-0.00013536907516373454	-0.00027067648548552035	0.00013534851649401952	0.00013534852283718496	0.00013534852131805037	-0.00006532880042397925
-0.0005413940883104705	0.998917211823379	0.0005413940883104706	0.0005413940883104709	0.0005413940883104706	-0.0005413940883104706	-0.0010827881766209413	0.0005413940883104706	0.0005413940883104709	0.0005413940883104706	-0.0005414763006549383	-0.0010827059419420814	0.0005413940659760781	0.0005413940913487398	0.0005413940852722016	-0.00026131520169591694
0.0002706970441552355	0.000541394088310471	0.9997293029558452	-0.0002706970441552354	-0.00027069704415523527	0.0002706970441552353	0.0005413940883104706	-0.0002706970441552353	-0.00027069704415523543	-0.0002706970441552354	0.00027073815032746925	0.0005413529709710407	-0.00027069703298803914	-0.00027069704567436986	-0.0002706970426361006	0.00013065760084795847
0.0004060455662328529	0.0008120911324657059	-0.00040604556623285293	0.9995939544337671	-0.0004060455662328528	0.00040604556623285277	0.0008120911324657055	-0.0004060455662328529	-0.00040604556623285277	-0.0004060455662328528	0.0004061072254912036	0.0008120294564565607	-0.00040604554948205866	-0.0004060455685115549	-0.0004060455639541509	0.00019598640127193765
0.0008120911324657056	0.0016241822649314115	-0.0008120911324657058	-0.0008120911324657056	0.9991879088675344	0.0008120911324657056	0.0016241822649314115	-0.0008120911324657058	-0.0008120911324657054	-0.0008120911324657055	0.0008122144509824069	0.0016240589129131215	-0.0008120910989641172	-0.0008120911370231095	-0.0008120911279083018	0.00039197280254387525
-0.00013534852207761766	-0.0002706970441552353	0.00013534852207761766	0.0001353485220776177	0.00013534852207761766	0.9998646514779221	-0.0002706970441552355	0.0001353485220776177	0.00013534852207761772	0.00013534852207761766	-0.00013536907516373462	-0.0002706764854855202	0.0001353485164940195	0.00013534852283718498	0.00013534852131805037	-0.00006532880042397924
-0.0005413940883104708	-0.0010827881766209415	0.0005413940883104708	0.0005413940883104709	0.0005413940883104708	-0.0005413940883104708	0.998917211823379	0.0005413940883104708	0.0005413940883104709	0.0005413940883104706	-0.0005414763006549386	-0.001082705941942081	0.0005413940659760782	0.0005413940913487395	0.0005413940852722015	-0.000261315201695917
0.0002706970441552354	0.0005413940883104708	-0.0002706970441552354	-0.00027069704415523543	-0.0002706970441552354	0.0002706970441552354	0.0005413940883104709	0.9997293029558453	-0.00027069704415523543	-0.0002706970441552353	0.0002707381503274692	0.0005413529709710404	-0.00027069703298803903	-0.00027069704567436997	-0.0002706970426361008	0.00013065760084795842
0.00040604556623285277	0.0008120911324657056	-0.0004060455662328528	-0.00040604556623285277	-0.00040604556623285277	0.0004060455662328527	0.0008120911324657055	-0.0004060455662328527	0.999593954433767	-0.00040604556623285277	0.0004061072254912034	0.0008120294564565608	-0.0004060455494820586	-0.00040604556851155473	-0.00040604556395415096	0.0001959864012719376
0.0008120911324657058	0.0016241822649314117	-0.0008120911324657059	-0.0008120911324657058	-0.0008120911324657058	0.0008120911324657056	0.0016241822649314115	-0.0008120911324657056	-0.0008120911324657056	0.9991879088675345	0.0008122144509824068	0.0016240589129131212	-0.000812091098964117	-0.0008120911370231095	-0.0008120911279083017	0.00039197280254387514
-0.0001353426140554123	-0.00027068522811082456	0.0001353426140554123	0.0001353426140554123	0.00013534261405541225	-0.00013534261405541225	-0.0002706852281108246	0.00013534261405541228	0.0001353426140554123	0.00013534261405541228	0.9955158930720445	0.004076857057145053	0.00013656464269953936	0.00013534048001050047	0.00013534474810032398	-0.004452776157208077
-0.0005377393232308904	-0.0010754786464617807	0.0005377393232308904	0.0005377393232308904	0.0005377393232308902	-0.0005377393232308902	-0.0010754786464617805	0.00053773932323089	0.0005377393232308902	0.00053773932323089	0.008389664474424376	0.989997080628259	0.0005377762508548693	0.0005377350704763343	0.0005377435759854461	-0.00899332044707644
0.00027069704413910586	0.0005413940882782118	-0.00027069704413910586	-0.00027069704413910597	-0.0002706970441391059	0.0002706970441391059	0.0005413940882782119	-0.00027069704413910597	-0.00027069704413910597	-0.00027069704413910597	0.00027318225587275713	0.0005413264707539588	0.9997268853616519	-0.0002706970468268746	-0.0002706970414513371	0.00012826665073445111
0.00040604576076214366	0.0008120915215242874	-0.00040604576076214366	-0.00040604576076214366	-0.0004060457607621436	0.00040604576076214366	0.0008120915215242873	-0.00040604576076214366	-0.00040604576076214366	-0.00040604576076214355	0.0004061135990636009	0.0008120236647853684	-0.0004060457423246822	0.9995934764890008	-0.00040556801052521837	0.000195514967010029
0.0008120911324581752	0.0016241822649163508	-0.0008120911324581753	-0.0008120911324581753	-0.0008120911324581752	0.0008120911324581752	0.0016241822649163506	-0.0008120911324581752	-0.0008120911324581753	-0.0008120911324581752	0.000812226809028014	0.0016240465514715974	-0.0008120910955832611	-0.0008111356420040517	0.9991869533770873	0.000391029744408626
-0.0004060131291064212	-0.0008120262582128425	0.00040601312910642113	0.0004060131291064212	0.0004060131291064212	-0.00040601312910642113	-0.0008120262582128423	0.0004060131291064211	0.00040601312910642113	0.0004060131291064211	-0.026484051111491238	0.025273185216472163	0.0003988396368062356	0.00040695581755931834	0.00040507044065352365	0.9734783529494909