0.9979991890734937	-0.00400162185301442	0.0020008109265072095	0.0020008109265072086	0.0020008109265072086	-0.0020008109265072095	-0.004001621853014419	0.002000810926507208	0.0020008109265072086	0.0020008109265072086	-0.002014953336331747	-0.003987477486200473	0.0020008089695178017	0.0020008124862791396	0.0020008093667352777	-0.0007030757774078153
-0.008003243706028835	0.9839935125879427	0.008003243706028836	0.008003243706028833	0.008003243706028836	-0.00800324370602884	-0.01600648741205768	0.008003243706028835	0.008003243706028836	0.008003243706028836	-0.008059813345326988	-0.01594990994480188	0.00800323587807121	0.008003249945116562	0.008003237466941112	-0.002812303109631262
0.004001621853014419	0.008003243706028838	0.995998378146986	-0.004001621853014416	-0.004001621853014418	0.004001621853014419	0.00800324370602884	-0.004001621853014417	-0.004001621853014418	-0.004001621853014418	0.004029906672663494	0.007974954972400944	-0.0040016179390356035	-0.0040016249725582775	-0.0040016187334705544	0.0014061515548156303
0.006002432779521619	0.012004865559043242	-0.006002432779521621	0.9939975672204782	-0.006002432779521624	0.006002432779521624	0.01200486555904325	-0.006002432779521623	-0.006002432779521625	-0.006002432779521622	0.006044860008995241	0.011962432458601416	-0.0060024269085534035	-0.006002437458837415	-0.0060024281002058295	0.0021092273322234466
0.01200486555904325	0.024009731118086505	-0.012004865559043251	-0.01200486555904325	0.987995134440957	0.012004865559043251	0.024009731118086502	-0.012004865559043247	-0.012004865559043253	-0.01200486555904325	0.012089720017990486	0.023924864917202845	-0.012004853817106814	-0.012004874917674838	-0.01200485620041166	0.004218454664446894
-0.0020008109265072095	-0.004001621853014419	0.0020008109265072086	0.0020008109265072086	0.0020008109265072095	0.9979991890734933	-0.00400162185301442	0.0020008109265072086	0.002000810926507209	0.002000810926507209	-0.002014953336331747	-0.003987477486200472	0.0020008089695178017	0.0020008124862791387	0.0020008093667352772	-0.0007030757774078155
-0.00800324370602884	-0.01600648741205768	0.008003243706028836	0.008003243706028836	0.00800324370602884	-0.008003243706028838	0.9839935125879425	0.008003243706028836	0.008003243706028838	0.008003243706028836	-0.00805981334532699	-0.015949909944801884	0.00800323587807121	0.008003249945116558	0.008003237466941112	-0.0028123031096312615
0.004001621853014417	0.008003243706028835	-0.004001621853014416	-0.004001621853014416	-0.004001621853014417	0.004001621853014417	0.008003243706028835	0.9959983781469854	-0.004001621853014417	-0.004001621853014417	0.004029906672663494	0.007974954972400944	-0.004001617939035604	-0.004001624972558278	-0.004001618733470554	0.00140615155481563
0.006002432779521619	0.012004865559043242	-0.006002432779521622	-0.006002432779521621	-0.006002432779521622	0.006002432779521622	0.012004865559043246	-0.006002432779521621	0.9939975672204787	-0.006002432779521622	0.006044860008995241	0.011962432458601416	-0.006002426908553404	-0.006002437458837416	-0.0060024281002058295	0.0021092273322234466
0.012004865559043244	0.024009731118086495	-0.012004865559043247	-0.012004865559043246	-0.01200486555904325	0.01200486555904325	0.024009731118086502	-0.012004865559043247	-0.012004865559043247	0.9879951344409568	0.012089720017990482	0.023924864917202828	-0.012004853817106809	-0.01200487491767483	-0.01200485620041166	0.004218454664446895
-0.0019922425516617354	-0.003984485103323471	0.0019922425516617354	0.0019922425516617345	0.0019922425516617354	-0.0019922425516617354	-0.003984485103323471	0.001992242551661735	0.0019922425516617354	0.0019922425516617354	0.9603696268642709	0.03364243355116683	0.0020034544812389944	0.0019919164312447468	0.0019925686720787235	-0.04095581674469698
-0.007383460811672502	-0.014766921623345008	0.007383460811672504	0.007383460811672503	0.007383460811672505	-0.007383460811672507	-0.014766921623345013	0.007383460811672505	0.007383460811672502	0.007383460811672504	0.08359352526951937	0.894254285864379	0.0073852672427564	0.007382828546576506	0.007384093076768496	-0.08041393495560499
0.004001621738962622	0.008003243477925245	-0.004001621738962622	-0.0040016217389626215	-0.004001621738962622	0.004001621738962622	0.008003243477925245	-0.00400162173896262	-0.004001621738962621	-0.00400162173896262	0.004052536452940697	0.0079734786807058	0.9959772283442788	-0.004001625024237553	-0.004001618453687684	0.0013864260499316765
0.006002476893116233	0.01200495378623247	-0.006002476893116234	-0.006002476893116233	-0.006002476893116235	0.006002476893116234	0.012004953786232469	-0.0060024768931162325	-0.0060024768931162325	-0.0060024768931162325	0.0060456507161376054	0.011961773911640158	-0.006002470841545297	0.993990466894918	-0.005995420681150453	0.0021029622643597254
0.01200486542479803	0.024009730849596064	-0.01200486542479803	-0.012004865424798028	-0.012004865424798034	0.012004865424798034	0.024009730849596067	-0.012004865424798027	-0.012004865424798028	-0.012004865424798027	0.012091212835533736	0.023923371335739397	-0.01200485332167707	-0.011990771900731955	0.987981041051136	0.004205888872248358
-0.005951509882855993	-0.011903019765711986	0.005951509882855993	0.005951509882855992	0.005951509882855994	-0.005951509882855993	-0.01190301976571199	0.005951509882855992	0.005951509882855993	0.005951509882855993	-0.23161121877865887	0.2138163361239805	0.005891862888966462	0.005963651351519697	0.005939368414192284	0.7563598406029136