0.9995686059315099	-0.0008627881369804354	0.0004313940684902177	0.0004313940684902177	0.0004313940684902178	-0.00043139406849021766	-0.0008627881369804354	0.0004313940684902179	0.00043139406849021777	0.0004313940684902178	-0.0004319067332227719	-0.0008622753386159808	0.0004313939348583181	0.0004313940907303923	0.00043139404625004317	-0.00019476830032697163
-0.0017255762739608704	0.9965488474520787	0.001725576273960871	0.001725576273960871	0.0017255762739608715	-0.0017255762739608708	-0.003451152547921742	0.0017255762739608717	0.0017255762739608713	0.0017255762739608715	-0.0017276269328910874	-0.003449101354463923	0.001725575739433272	0.0017255763629215697	0.0017255761850001729	-0.0007790732013078865
0.0008627881369804355	0.001725576273960871	0.9991372118630196	-0.0008627881369804357	-0.0008627881369804359	0.0008627881369804356	0.0017255762739608713	-0.0008627881369804359	-0.0008627881369804356	-0.0008627881369804356	0.0008638134664455436	0.001724550677231962	-0.0008627878697166362	-0.0008627881814607851	-0.000862788092500086	0.00038953660065394336
0.001294182205470652	0.0025883644109413045	-0.0012941822054706523	0.9987058177945295	-0.0012941822054706527	0.001294182205470653	0.002588364410941306	-0.0012941822054706531	-0.001294182205470653	-0.0012941822054706527	0.0012957201996683153	0.002586826015847945	-0.001294181804574954	-0.0012941822721911776	-0.0012941821387501288	0.0005843049009809152
0.0025883644109413045	0.005176728821882609	-0.002588364410941305	-0.0025883644109413054	0.9974116355890585	0.0025883644109413054	0.005176728821882612	-0.002588364410941306	-0.002588364410941305	-0.0025883644109413045	0.0025914403993366306	0.0051736520316958915	-0.002588363609149908	-0.002588364544382354	-0.0025883642775002577	0.0011686098019618296
-0.0004313940684902175	-0.000862788136980435	0.0004313940684902176	0.0004313940684902176	0.0004313940684902176	0.9995686059315099	-0.0008627881369804354	0.0004313940684902178	0.00043139406849021766	0.00043139406849021766	-0.0004319067332227719	-0.000862275338615981	0.0004313939348583181	0.0004313940907303925	0.0004313940462500431	-0.00019476830032697168
-0.00172557627396087	-0.00345115254792174	0.0017255762739608706	0.0017255762739608708	0.0017255762739608706	-0.0017255762739608704	0.9965488474520785	0.0017255762739608717	0.001725576273960871	0.001725576273960871	-0.0017276269328910874	-0.003449101354463924	0.0017255757394332724	0.0017255763629215701	0.0017255761850001722	-0.0007790732013078866
0.0008627881369804352	0.0017255762739608704	-0.0008627881369804355	-0.0008627881369804355	-0.0008627881369804355	0.0008627881369804354	0.001725576273960871	0.9991372118630198	-0.0008627881369804354	-0.0008627881369804354	0.0008638134664455435	0.0017245506772319622	-0.0008627878697166362	-0.000862788181460785	-0.000862788092500086	0.0003895366006539432
0.0012941822054706534	0.0025883644109413067	-0.0012941822054706536	-0.0012941822054706538	-0.0012941822054706538	0.0012941822054706536	0.002588364410941307	-0.0012941822054706538	0.9987058177945294	-0.001294182205470653	0.0012957201996683153	0.0025868260158479453	-0.0012941818045749543	-0.0012941822721911772	-0.0012941821387501293	0.000584304900980915
0.002588364410941305	0.00517672882188261	-0.0025883644109413054	-0.002588364410941306	-0.002588364410941306	0.0025883644109413054	0.005176728821882611	-0.0025883644109413063	-0.002588364410941306	0.9974116355890584	0.0025914403993366297	0.00517365203169589	-0.0025883636091499074	-0.002588364544382353	-0.002588364277500258	0.00116860980196183
-0.0004312385768358426	-0.0008624771536716852	0.0004312385768358427	0.0004312385768358426	0.0004312385768358427	-0.0004312385768358426	-0.0008624771536716854	0.00043123857683584273	0.00043123857683584273	0.0004312385768358427	0.9873278353194943	0.011374902107295972	0.00043478541953804453	0.000431218466902908	0.0004312586867687776	-0.012752072102585095
-0.0016905496609847075	-0.003381099321969415	0.0016905496609847077	0.0016905496609847081	0.0016905496609847077	-0.0016905496609847075	-0.0033810993219694154	0.0016905496609847081	0.0016905496609847081	0.0016905496609847077	0.02468457757992245	0.9702434807153701	0.001690842382737951	0.0016905098437763068	0.0016905894781931098	-0.025553703899723116
0.0008627881356787204	0.0017255762713574408	-0.0008627881356787205	-0.0008627881356787205	-0.0008627881356787204	0.0008627881356787202	0.0017255762713574408	-0.0008627881356787204	-0.0008627881356787204	-0.0008627881356787202	0.0008709087013535262	0.0017243386358703973	0.999130328934134	-0.000862788190985152	-0.000862788080372289	0.00038286896832803805
0.0012941841932381714	0.0025883683864763424	-0.0012941841932381714	-0.0012941841932381716	-0.0012941841932381714	0.0012941841932381714	0.002588368386476343	-0.0012941841932381719	-0.0012941841932381719	-0.0012941841932381714	0.0012957767921019838	0.002586775372169409	-0.0012941837777950497	0.9987042933173955	-0.0012926617038718706	0.0005828389433876844
0.0025883644102977447	0.005176728820595489	-0.002588364410297745	-0.0025883644102977455	-0.002588364410297745	0.0025883644102977447	0.00517672882059549	-0.002588364410297746	-0.0025883644102977455	-0.0025883644102977455	0.002591549605652594	0.005173542794355012	-0.0025883635794121153	-0.0025853197074823856	0.9974085908868872	0.0011656760297974016
-0.0012932777821532632	-0.0025865555643065264	0.0012932777821532636	0.0012932777821532638	0.0012932777821532636	-0.0012932777821532636	-0.0025865555643065272	0.0012932777821532638	0.0012932777821532636	0.0012932777821532636	-0.07469614208079543	0.07083632683617398	0.001273259680314928	0.0012962018918067295	0.0012903536724997984	0.9240686665388441