0.9989038406165384	-0.002192318766923293	0.0010961593834616463	0.0010961593834616467	0.0010961593834616472	-0.0010961593834616467	-0.0021923187669232935	0.001096159383461647	0.001096159383461647	0.0010961593834616474	-0.0011010053458972316	-0.002187471702305922	0.0010961582812798615	0.0010961596885549554	0.001096159078368337	-0.00043959528721802793
-0.004384637533846589	0.9912307249323067	0.004384637533846585	0.004384637533846587	0.004384637533846588	-0.004384637533846587	-0.008769275067693174	0.004384637533846588	0.004384637533846588	0.004384637533846588	-0.004404021383588928	-0.00874988680922369	0.004384633125119449	0.0043846387542198235	0.004384636313473351	-0.0017583811488721113
0.002192318766923295	0.004384637533846589	0.9978076812330761	-0.0021923187669232935	-0.0021923187669232944	0.002192318766923293	0.004384637533846586	-0.0021923187669232935	-0.0021923187669232944	-0.0021923187669232944	0.002202010691794464	0.004374943404611846	-0.002192316562559724	-0.0021923193771099113	-0.002192318156736675	0.0008791905744360554
0.0032884781503849407	0.0065769563007698805	-0.0032884781503849407	0.9967115218496148	-0.0032884781503849402	0.00328847815038494	0.00657695630076988	-0.0032884781503849402	-0.0032884781503849402	-0.0032884781503849407	0.0033030160376916963	0.006562415106917772	-0.003288474843839586	-0.003288479065664869	-0.0032884772351050124	0.0013187858616540832
0.006576956300769882	0.013153912601539763	-0.006576956300769882	-0.006576956300769882	0.9934230436992303	0.00657695630076988	0.01315391260153976	-0.0065769563007698805	-0.0065769563007698805	-0.006576956300769881	0.006606032075383391	0.013124830213835545	-0.006576949687679172	-0.006576958131329738	-0.006576954470210024	0.0026375717233081664
-0.0010961593834616472	-0.0021923187669232944	0.0010961593834616472	0.0010961593834616474	0.0010961593834616474	0.9989038406165379	-0.0021923187669232935	0.0010961593834616472	0.0010961593834616474	0.0010961593834616474	-0.001101005345897232	-0.0021874717023059233	0.0010961582812798615	0.0010961596885549563	0.0010961590783683374	-0.0004395952872180278
-0.004384637533846587	-0.008769275067693174	0.004384637533846587	0.004384637533846587	0.004384637533846587	-0.004384637533846587	0.9912307249323066	0.004384637533846587	0.004384637533846588	0.004384637533846588	-0.004404021383588927	-0.008749886809223693	0.004384633125119448	0.0043846387542198235	0.004384636313473351	-0.0017583811488721115
0.0021923187669232944	0.004384637533846589	-0.0021923187669232944	-0.002192318766923295	-0.002192318766923295	0.002192318766923295	0.00438463753384659	0.9978076812330765	-0.002192318766923294	-0.0021923187669232935	0.002202010691794464	0.004374943404611847	-0.0021923165625597233	-0.0021923193771099117	-0.002192318156736675	0.0008791905744360559
0.0032884781503849394	0.006576956300769878	-0.003288478150384939	-0.0032884781503849394	-0.0032884781503849394	0.0032884781503849394	0.006576956300769877	-0.00328847815038494	0.9967115218496149	-0.0032884781503849394	0.0033030160376916954	0.00656241510691777	-0.0032884748438395846	-0.003288479065664868	-0.0032884772351050116	0.0013187858616540832
0.006576956300769881	0.013153912601539761	-0.0065769563007698805	-0.006576956300769881	-0.006576956300769881	0.0065769563007698805	0.01315391260153976	-0.006576956300769881	-0.0065769563007698805	0.9934230436992301	0.006606032075383393	0.013124830213835542	-0.006576949687679172	-0.0065769581313297396	-0.006576954470210022	0.0026375717233081673
-0.0010942680537379202	-0.0021885361074758408	0.0010942680537379202	0.0010942680537379204	0.0010942680537379208	-0.0010942680537379206	-0.0021885361074758408	0.0010942680537379208	0.0010942680537379206	0.0010942680537379208	0.9738061506495971	0.022903499431189144	0.0011018138117374347	0.0010941550213004483	0.0010943810861753945	-0.02685856225671749
-0.004180316858206531	-0.008360633716413062	0.00418031685820653	0.004180316858206531	0.004180316858206532	-0.004180316858206531	-0.008360633716413062	0.004180316858206533	0.004180316858206531	0.004180316858206532	0.05393214272139476	0.9335257878249615	0.0041814357372309974	0.004180095547039061	0.004180538169374002	-0.0531695882419603
0.00219231873740781	0.004384637474815621	-0.0021923187374078106	-0.002192318737407811	-0.0021923187374078114	0.002192318737407811	0.004384637474815622	-0.0021923187374078114	-0.0021923187374078106	-0.002192318737407811	0.002217128817673355	0.004374110327995553	0.9977933983291467	-0.0021923194066578587	-0.002192318068157766	0.0008657589931786898
0.003288491153511864	0.006576982307023728	-0.003288491153511864	-0.0032884911535118644	-0.0032884911535118644	0.003288491153511865	0.006576982307023728	-0.0032884911535118653	-0.003288491153511865	-0.003288491153511865	0.0033033067592848782	0.00656216332401863	-0.003288487776279777	0.9967076413650738	-0.003284623672097655	0.0013152111263490494
0.006576956282422327	0.01315391256484465	-0.006576956282422327	-0.006576956282422327	-0.006576956282422327	0.006576956282422327	0.013153912564844652	-0.006576956282422328	-0.006576956282422327	-0.006576956282422326	0.006606587441774264	0.013124274651039913	-0.0065769495279695235	-0.006569225037288722	0.9934153124724443	0.002630410935427218
-0.003277293451709374	-0.006554586903418747	0.003277293451709374	0.0032772934517093745	0.0032772934517093745	-0.0032772934517093736	-0.006554586903418747	0.0032772934517093745	0.003277293451709374	0.0032772934517093745	-0.1537749755841786	0.14398352948876067	0.003236859191999227	0.003284347414252959	0.003270239489165789	0.8401591557049235