0.9981676180376708	-0.003664763924658248	0.001832381962329125	0.0018323819623291245	0.0018323819623291245	-0.0018323819623291247	-0.0036647639246582494	0.0018323819623291245	0.0018323819623291243	0.0018323819623291247	-0.0018448512774926658	-0.003652292600657775	0.0018323799534921926	0.0018323831940236963	0.001832380730634552	-0.0006593155123276193
-0.007329527849316499	0.9853409443013663	0.0073295278493165006	0.007329527849316498	0.007329527849316498	-0.0073295278493165	-0.014659055698633	0.007329527849316499	0.007329527849316498	0.007329527849316499	-0.007379405109970663	-0.014609170402631103	0.007329519813968769	0.007329532776094785	0.007329522922538208	-0.0026372620493104767
0.0036647639246582485	0.007329527849316497	0.9963352360753424	-0.0036647639246582485	-0.003664763924658249	0.003664763924658249	0.007329527849316499	-0.0036647639246582485	-0.0036647639246582485	-0.003664763924658249	0.003689702554985333	0.007304585201315547	-0.0036647599069843852	-0.003664766388047394	-0.003664761461269104	0.0013186310246552388
0.005497145886987376	0.010994291773974756	-0.005497145886987377	0.9945028541130126	-0.005497145886987378	0.005497145886987377	0.010994291773974756	-0.005497145886987377	-0.005497145886987376	-0.005497145886987378	0.005534553832477997	0.010956877801973325	-0.005497139860476578	-0.0054971495820710925	-0.005497142191903653	0.0019779465369828583
0.010994291773974752	0.02198858354794951	-0.010994291773974754	-0.010994291773974756	0.9890057082260252	0.01099429177397475	0.021988583547949504	-0.010994291773974752	-0.010994291773974752	-0.010994291773974754	0.011069107664955996	0.02191375560394665	-0.010994279720953149	-0.010994299164142183	-0.010994284383807304	0.003955893073965715
-0.0018323819623291245	-0.0036647639246582485	0.0018323819623291245	0.0018323819623291243	0.0018323819623291243	0.998167618037671	-0.0036647639246582494	0.0018323819623291245	0.0018323819623291245	0.0018323819623291245	-0.0018448512774926666	-0.003652292600657775	0.0018323799534921928	0.0018323831940236974	0.0018323807306345513	-0.0006593155123276194
-0.007329527849316499	-0.014659055698632996	0.0073295278493165	0.007329527849316498	0.007329527849316498	-0.007329527849316499	0.9853409443013672	0.007329527849316499	0.007329527849316499	0.007329527849316498	-0.007379405109970666	-0.0146091704026311	0.007329519813968771	0.007329532776094788	0.007329522922538208	-0.002637262049310477
0.003664763924658248	0.007329527849316495	-0.003664763924658248	-0.003664763924658248	-0.0036647639246582477	0.003664763924658248	0.007329527849316498	0.9963352360753417	-0.0036647639246582485	-0.0036647639246582485	0.0036897025549853316	0.0073045852013155456	-0.0036647599069843844	-0.0036647663880473927	-0.003664761461269102	0.0013186310246552384
0.005497145886987375	0.010994291773974754	-0.005497145886987376	-0.005497145886987377	-0.005497145886987376	0.005497145886987375	0.010994291773974756	-0.005497145886987374	0.9945028541130126	-0.005497145886987375	0.005534553832477998	0.010956877801973323	-0.005497139860476575	-0.005497149582071092	-0.005497142191903653	0.001977946536982858
0.010994291773974749	0.021988583547949504	-0.01099429177397475	-0.010994291773974752	-0.01099429177397475	0.010994291773974749	0.021988583547949508	-0.010994291773974747	-0.010994291773974749	0.9890057082260253	0.011069107664955996	0.021913755603946653	-0.01099427972095315	-0.010994299164142182	-0.010994284383807305	0.003955893073965717
-0.001825483625156919	-0.0036509672503138376	0.001825483625156919	0.0018254836251569188	0.0018254836251569188	-0.001825483625156919	-0.0036509672503138384	0.0018254836251569183	0.0018254836251569186	0.0018254836251569188	0.962640499067473	0.03187240099084579	0.0018361326913677264	0.0018252035089398328	0.001825763741374004	-0.038595356689558394
-0.006802123526419884	-0.013604247052839765	0.006802123526419883	0.006802123526419883	0.006802123526419884	-0.006802123526419885	-0.01360424705283977	0.006802123526419883	0.006802123526419882	0.006802123526419883	0.07868714140210628	0.9009047438632136	0.006803867681840151	0.006801579651235752	0.006802667401604015	-0.07585706348268834
0.0036647638231527774	0.007329527646305555	-0.0036647638231527774	-0.0036647638231527774	-0.0036647638231527774	0.003664763823152778	0.0073295276463055566	-0.003664763823152777	-0.0036647638231527774	-0.0036647638231527774	0.0037111525219819365	0.0073031961017639615	0.9963151790225596	-0.0036647664295113465	-0.0036647612167942088	0.001299940896600064
0.005497182760602357	0.010994365521204716	-0.005497182760602357	-0.005497182760602357	-0.005497182760602356	0.005497182760602355	0.010994365521204716	-0.005497182760602355	-0.005497182760602355	-0.005497182760602355	0.005535237696521977	0.010956304400904575	-0.005497176576221844	0.9944963544144284	-0.005490719935633399	0.0019721695591460773
0.01099429167281146	0.02198858334562293	-0.010994291672811463	-0.01099429167281146	-0.010994291672811459	0.010994291672811457	0.02198858334562292	-0.010994291672811456	-0.010994291672811456	-0.01099429167281146	0.011070401346644757	0.021912461303053368	-0.010994279304075214	-0.010981380957186943	0.988992797611564	0.0039443089244117725
-0.005456171557518371	-0.010912343115036742	0.005456171557518371	0.005456171557518371	0.005456171557518371	-0.005456171557518369	-0.010912343115036742	0.005456171557518368	0.005456171557518369	0.005456171557518369	-0.21850287116645503	0.20219082466316024	0.005399703388258086	0.0054674052606605485	0.005444937854376191	0.7703924002918132