0.9996083261952622	-0.0007833476094757178	0.00039167380473785886	0.00039167380473785886	0.00039167380473785886	-0.0003916738047378588	-0.0007833476094757177	0.00039167380473785886	0.0003916738047378589	0.0003916738047378589	-0.0003920708489057506	-0.0007829504611946081	0.00039167370062464076	0.00039167382159421474	0.000391673787881503	-0.00017830606433844398
-0.0015666952189514354	0.9968666095620974	0.0015666952189514357	0.0015666952189514357	0.0015666952189514354	-0.0015666952189514352	-0.0031333904379028704	0.0015666952189514354	0.0015666952189514357	0.0015666952189514354	-0.0015682833956230024	-0.003131801844778432	0.0015666948024985628	0.0015666952863768588	0.0015666951515260117	-0.000713224257353776
0.0007833476094757176	0.0015666952189514357	0.9992166523905243	-0.0007833476094757177	-0.0007833476094757176	0.0007833476094757175	0.0015666952189514352	-0.0007833476094757176	-0.0007833476094757177	-0.0007833476094757177	0.0007841416978115011	0.001565900922389216	-0.0007833474012492813	-0.0007833476431884295	-0.000783347575763006	0.00035661212867688796
0.001175021414213577	0.0023500428284271534	-0.001175021414213577	0.9988249785857864	-0.001175021414213577	0.0011750214142135771	0.0023500428284271542	-0.0011750214142135773	-0.0011750214142135771	-0.0011750214142135771	0.001176212546717252	0.0023488513835838247	-0.0011750211018739223	-0.0011750214647826445	-0.0011750213636445093	0.0005349181930153319
0.002350042828427154	0.004700085656854307	-0.002350042828427154	-0.002350042828427154	0.9976499571715726	0.002350042828427154	0.004700085656854307	-0.002350042828427154	-0.002350042828427154	-0.002350042828427154	0.0023524250934345036	0.0046977027671676495	-0.0023500422037478447	-0.0023500429295652886	-0.002350042727289018	0.0010698363860306643
-0.0003916738047378588	-0.0007833476094757177	0.00039167380473785886	0.0003916738047378589	0.0003916738047378589	0.9996083261952622	-0.0007833476094757177	0.00039167380473785886	0.00039167380473785886	0.00039167380473785886	-0.00039207084890575055	-0.0007829504611946079	0.0003916737006246407	0.0003916738215942147	0.0003916737878815031	-0.00017830606433844398
-0.0015666952189514357	-0.003133390437902872	0.001566695218951436	0.0015666952189514363	0.0015666952189514363	-0.0015666952189514354	0.9968666095620972	0.001566695218951436	0.0015666952189514363	0.0015666952189514363	-0.0015682833956230029	-0.003131801844778432	0.0015666948024985635	0.0015666952863768588	0.0015666951515260123	-0.000713224257353776
0.0007833476094757177	0.0015666952189514357	-0.0007833476094757178	-0.0007833476094757179	-0.0007833476094757179	0.0007833476094757176	0.0015666952189514354	0.9992166523905243	-0.0007833476094757177	-0.0007833476094757177	0.0007841416978115012	0.0015659009223892158	-0.0007833474012492813	-0.0007833476431884292	-0.0007833475757630057	0.00035661212867688796
0.0011750214142135765	0.0023500428284271525	-0.0011750214142135765	-0.0011750214142135765	-0.0011750214142135765	0.0011750214142135765	0.002350042828427153	-0.0011750214142135767	0.9988249785857864	-0.0011750214142135767	0.001176212546717252	0.0023488513835838247	-0.0011750211018739223	-0.0011750214647826445	-0.0011750213636445095	0.0005349181930153319
0.0023500428284271534	0.004700085656854306	-0.0023500428284271534	-0.0023500428284271534	-0.0023500428284271534	0.0023500428284271534	0.004700085656854307	-0.002350042828427154	-0.0023500428284271534	0.9976499571715726	0.0023524250934345036	0.004697702767167649	-0.0023500422037478442	-0.002350042929565289	-0.0023500427272890177	0.0010698363860306638
-0.00039155485869628857	-0.0007831097173925771	0.00039155485869628857	0.0003915548586962886	0.0003915548586962886	-0.0003915548586962885	-0.0007831097173925771	0.00039155485869628857	0.0003915548586962886	0.0003915548586962886	0.9883215688970752	0.010500507811680913	0.0003948135738511281	0.00039153812308756106	0.000391571594305016	-0.011733418306761882
-0.0015376112826942518	-0.003075222565388504	0.001537611282694252	0.001537611282694252	0.001537611282694252	-0.0015376112826942516	-0.0030752225653885032	0.0015376112826942514	0.0015376112826942516	0.0015376112826942516	0.022640787006072725	0.9727461298859323	0.0015378605426063152	0.0015375781198057987	0.0015376444455827035	-0.02353495016047185
0.0007833476085601164	0.0015666952171202327	-0.0007833476085601164	-0.0007833476085601164	-0.0007833476085601164	0.0007833476085601162	0.0015666952171202327	-0.0007833476085601162	-0.0007833476085601166	-0.0007833476085601166	0.0007906602988327622	0.0015657205908206806	0.9992103143274667	-0.000783347651301551	-0.0007833475658186815	0.0003504569602577835
0.0011750230515084252	0.00235004610301685	-0.001175023051508425	-0.0011750230515084252	-0.0011750230515084254	0.0011750230515084252	0.002350046103016851	-0.0011750230515084254	-0.0011750230515084256	-0.0011750230515084256	0.001176259980962006	0.0023488088489852016	-0.001175022726930357	0.9988235946144938	-0.0011736407175109238	0.0005335831995781102
0.002350042827978867	0.004700085655957731	-0.0023500428279788666	-0.0023500428279788666	-0.0023500428279788666	0.0023500428279788666	0.004700085655957733	-0.0023500428279788666	-0.0023500428279788666	-0.0023500428279788666	0.0023525166852057795	0.004697611149575117	-0.002350042178823166	-0.0023472783697241406	0.9976471927137662	0.0010671648616817748
-0.0011743314580753021	-0.0023486629161506042	0.0011743314580753021	0.0011743314580753025	0.0011743314580753025	-0.0011743314580753025	-0.0023486629161506055	0.0011743314580753028	0.001174331458075303	0.0011743314580753028	-0.06885649263065109	0.06535197560646419	0.0011558541080362932	0.0011769955530286783	0.001171667363121926	0.9301315059914278