0.9987899593910171	-0.0024200812179659644	0.0012100406089829824	0.0012100406089829818	0.0012100406089829822	-0.0012100406089829822	-0.002420081217965963	0.0012100406089829822	0.001210040608982982	0.001210040608982982	-0.0012159847804407446	-0.002414135739908154	0.0012100393023829353	0.0012100410090083455	0.0012100402089576163	-0.00047674170954674285
-0.004840162435931927	0.9903196751281365	0.004840162435931928	0.004840162435931925	0.004840162435931927	-0.004840162435931926	-0.009680324871863853	0.004840162435931927	0.004840162435931926	0.004840162435931926	-0.0048639391217629785	-0.009656542959632615	0.004840157209531742	0.004840164036033385	0.004840160835830465	-0.0019069668381869718
0.002420081217965964	0.004840162435931927	0.9975799187820346	-0.0024200812179659623	-0.002420081217965963	0.0024200812179659627	0.0048401624359319245	-0.002420081217965963	-0.002420081217965963	-0.0024200812179659627	0.0024319695608814884	0.004828271479816309	-0.002420078604765871	-0.0024200820180166924	-0.002420080417915233	0.000953483419093486
0.003630121826948942	0.007260243653897885	-0.0036301218269489434	0.9963698781730508	-0.0036301218269489425	0.003630121826948942	0.007260243653897886	-0.003630121826948944	-0.003630121826948943	-0.0036301218269489425	0.0036479543413222323	0.007242407219724463	-0.003630117907148805	-0.0036301230270250383	-0.003630120626872847	0.0014302251286402276
0.007260243653897889	0.01452048730779578	-0.007260243653897892	-0.0072602436538978885	0.992739756346102	0.007260243653897888	0.014520487307795779	-0.007260243653897891	-0.007260243653897889	-0.007260243653897889	0.007295908682644467	0.014484814439448927	-0.007260235814297612	-0.007260246054050079	-0.007260241253745697	0.002860450257280457
-0.0012100406089829822	-0.002420081217965964	0.001210040608982982	0.0012100406089829818	0.001210040608982982	0.9987899593910166	-0.0024200812179659627	0.0012100406089829818	0.0012100406089829816	0.0012100406089829813	-0.0012159847804407444	-0.0024141357399081534	0.0012100393023829357	0.0012100410090083457	0.0012100402089576163	-0.00047674170954674285
-0.004840162435931928	-0.009680324871863854	0.004840162435931927	0.004840162435931926	0.004840162435931927	-0.004840162435931925	0.9903196751281361	0.004840162435931927	0.004840162435931926	0.004840162435931925	-0.0048639391217629785	-0.009656542959632614	0.004840157209531744	0.004840164036033386	0.004840160835830465	-0.0019069668381869716
0.0024200812179659623	0.004840162435931924	-0.0024200812179659623	-0.0024200812179659614	-0.002420081217965962	0.002420081217965961	0.004840162435931923	0.9975799187820343	-0.0024200812179659623	-0.002420081217965962	0.0024319695608814892	0.004828271479816308	-0.0024200786047658723	-0.002420082018016693	-0.002420080417915232	0.0009534834190934855
0.0036301218269489443	0.007260243653897889	-0.0036301218269489456	-0.003630121826948944	-0.0036301218269489447	0.0036301218269489443	0.007260243653897891	-0.003630121826948946	0.9963698781730512	-0.0036301218269489447	0.0036479543413222345	0.007242407219724463	-0.003630117907148807	-0.003630123027025039	-0.0036301206268728485	0.0014302251286402287
0.007260243653897888	0.014520487307795777	-0.00726024365389789	-0.007260243653897887	-0.0072602436538978885	0.007260243653897888	0.01452048730779578	-0.007260243653897891	-0.007260243653897889	0.992739756346102	0.0072959086826444655	0.014484814439448924	-0.007260235814297613	-0.0072602460540500775	-0.007260241253745696	0.002860450257280457
-0.001207603744201912	-0.0024152074884038234	0.0012076037442019117	0.0012076037442019117	0.001207603744201912	-0.0012076037442019117	-0.002415207488403824	0.001207603744201912	0.001207603744201912	0.0012076037442019117	0.9718994061885633	0.024469679356311804	0.001215706966720703	0.00120746880379849	0.0012077386846053328	-0.02886931394382259
-0.004594696865460205	-0.00918939373092041	0.004594696865460205	0.004594696865460204	0.004594696865460205	-0.004594696865460203	-0.00918939373092041	0.004594696865460206	0.004594696865460204	0.004594696865460205	0.0581870256090409	0.9280276358869489	0.0045959447730902605	0.004594433064943585	0.004594960665976824	-0.057066210944477516
0.0024200811788140544	0.004840162357628109	-0.0024200811788140544	-0.0024200811788140544	-0.0024200811788140544	0.002420081178814054	0.004840162357628109	-0.002420081178814055	-0.0024200811788140544	-0.0024200811788140553	0.0024482128911985307	0.004827335863534898	0.9975646136028946	-0.0024200820490808198	-0.002420080308547289	0.0009391324880155925
0.0036301377080251375	0.007260275416050276	-0.003630137708025139	-0.003630137708025137	-0.003630137708025138	0.0036301377080251375	0.007260275416050277	-0.003630137708025139	-0.003630137708025138	-0.0036301377080251384	0.003648297682363637	0.007242111439146918	-0.003630133705460279	0.9963655932192637	-0.0036258686353139156	0.0014263018403918946
0.007260243628207697	0.014520487256415398	-0.007260243628207701	-0.007260243628207697	-0.007260243628207699	0.007260243628207698	0.0145204872564154	-0.0072602436282077016	-0.0072602436282077	-0.007260243628207701	0.007296563507302092	0.014484159372205768	-0.007260235623092458	-0.007251710351723149	0.9927312230953078	0.0028525899985527288
-0.0036156962989337274	-0.007231392597867455	0.003615696298933728	0.003615696298933727	0.0036156962989337274	-0.003615696298933727	-0.007231392597867455	0.003615696298933728	0.003615696298933728	0.003615696298933728	-0.1648644237274928	0.1540605599637153	0.003572471165910134	0.003623421128965477	0.0036079714689019778	0.8282052477591368