0.9990086619648001	-0.001982676070401018	0.000991338035200509	0.0009913380352005092	0.0009913380352005092	-0.0009913380352005094	-0.001982676070401018	0.0009913380352005092	0.0009913380352005088	0.0009913380352005088	-0.0009952413591782798	-0.001978771833627607	0.0009913371224048676	0.0009913382665214948	0.0009913378038795236	-0.00040429350601553136
-0.003965352140802036	0.992069295718396	0.003965352140802034	0.003965352140802036	0.003965352140802036	-0.003965352140802037	-0.00793070428160407	0.003965352140802035	0.003965352140802034	0.003965352140802034	-0.00398096543671312	-0.00791508733451042	0.0039653484896194705	0.00396535306608598	0.003965351215518091	-0.0016171740240621254
0.0019826760704010184	0.003965352140802036	0.9980173239295986	-0.0019826760704010184	-0.0019826760704010184	0.001982676070401019	0.003965352140802036	-0.0019826760704010184	-0.0019826760704010175	-0.0019826760704010175	0.001990482718356559	0.003957543667255214	-0.001982674244809734	-0.0019826765330429896	-0.0019826756077590464	0.0008085870120310627
0.0029740141056015285	0.005948028211203057	-0.002974014105601528	0.9970259858943987	-0.0029740141056015276	0.002974014105601527	0.005948028211203055	-0.0029740141056015276	-0.002974014105601527	-0.002974014105601527	0.002985724077534839	0.0059363155008828215	-0.002974011367214605	-0.0029740147995644855	-0.0029740134116385693	0.001212880518046595
0.005948028211203053	0.011896056422406105	-0.005948028211203052	-0.0059480282112030535	0.9940519717887976	0.005948028211203052	0.011896056422406105	-0.005948028211203053	-0.005948028211203051	-0.005948028211203052	0.005971448155069677	0.011872631001765634	-0.0059480227344292065	-0.005948029599128968	-0.005948026823277137	0.002425761036093189
-0.0009913380352005094	-0.0019826760704010184	0.0009913380352005092	0.0009913380352005096	0.0009913380352005094	0.9990086619647999	-0.0019826760704010184	0.0009913380352005092	0.000991338035200509	0.0009913380352005088	-0.0009952413591782796	-0.001978771833627607	0.000991337122404868	0.0009913382665214948	0.000991337803879523	-0.00040429350601553136
-0.003965352140802036	-0.00793070428160407	0.003965352140802035	0.003965352140802037	0.003965352140802036	-0.003965352140802036	0.9920692957183963	0.003965352140802037	0.003965352140802035	0.003965352140802035	-0.003980965436713119	-0.007915087334510426	0.0039653484896194705	0.003965353066085978	0.00396535121551809	-0.0016171740240621252
0.0019826760704010175	0.003965352140802034	-0.001982676070401017	-0.001982676070401018	-0.0019826760704010175	0.0019826760704010175	0.003965352140802034	0.9980173239295992	-0.0019826760704010167	-0.001982676070401017	0.0019904827183565596	0.003957543667255212	-0.001982674244809735	-0.001982676533042989	-0.0019826756077590455	0.0008085870120310625
0.0029740141056015267	0.0059480282112030535	-0.0029740141056015263	-0.002974014105601527	-0.0029740141056015267	0.0029740141056015263	0.0059480282112030535	-0.0029740141056015263	0.9970259858943981	-0.0029740141056015254	0.002985724077534838	0.005936315500882819	-0.0029740113672146037	-0.0029740147995644833	-0.0029740134116385685	0.0012128805180465943
0.005948028211203054	0.011896056422406109	-0.0059480282112030535	-0.005948028211203055	-0.005948028211203054	0.0059480282112030535	0.011896056422406109	-0.0059480282112030535	-0.005948028211203052	0.9940519717887968	0.005971448155069676	0.01187263100176564	-0.005948022734429207	-0.005948029599128969	-0.005948026823277139	0.0024257610360931886
-0.0009898799038416304	-0.0019797598076832608	0.0009898799038416302	0.0009898799038416308	0.0009898799038416308	-0.0009898799038416306	-0.001979759807683261	0.0009898799038416308	0.0009898799038416304	0.0009898799038416306	0.9756421524666934	0.02138120417151774	0.0009968835541053263	0.000989785623083489	0.0009899741845997715	-0.024924220300039237
-0.003795915389685898	-0.007591830779371793	0.0037959153896858972	0.003795915389685898	0.0037959153896858972	-0.0037959153896858964	-0.007591830779371793	0.0037959153896858972	0.0037959153896858972	0.003795915389685897	0.04984781029102601	0.9387634507574251	0.003796908172177509	0.003795730515749631	0.0037961002636221638	-0.04941409070381442
0.001982676048558088	0.0039653520971161755	-0.001982676048558088	-0.0019826760485580886	-0.001982676048558088	0.001982676048558088	0.0039653520971161755	-0.0019826760485580877	-0.001982676048558088	-0.0019826760485580886	0.002004509215283959	0.003956808622231315	0.9980040342596007	-0.001982676560665928	-0.0019826755364502485	0.0007960491307274965
0.002974024718755082	0.005948049437510164	-0.0029740247187550815	-0.0029740247187550824	-0.0029740247187550824	0.0029740247187550824	0.005948049437510165	-0.002974024718755082	-0.0029740247187550815	-0.002974024718755082	0.002985969248358878	0.005936102109421074	-0.0029740219202697878	0.9970224774781042	-0.0029705269156141845	0.0012096294866655846
0.0059480281982268075	0.011896056396453613	-0.005948028198226807	-0.0059480281982268075	-0.005948028198226808	0.0059480281982268075	0.011896056396453615	-0.0059480281982268075	-0.005948028198226807	-0.005948028198226808	0.005971917218891509	0.011872161778827044	-0.005948022601264929	-0.005941035414267647	0.9940449790178139	0.0024192496458616715
-0.0029654010594045844	-0.005930802118809168	0.002965401059404584	0.0029654010594045844	0.0029654010594045844	-0.002965401059404585	-0.00593080211880917	0.0029654010594045844	0.002965401059404584	0.0029654010594045844	-0.1430821596105701	0.13422368206396915	0.002927675427791743	0.002971828850238937	0.0029589732685702313	0.8516600830460817