0.9980861311496196	-0.0038277377007608655	0.0019138688503804325	0.0019138688503804332	0.0019138688503804325	-0.001913868850380432	-0.0038277377007608637	0.0019138688503804323	0.001913868850380432	0.0019138688503804316	-0.0019271616010010796	-0.003814442948676788	0.0019138668489170054	0.0019138702348389686	0.001913867465921896	-0.0006807821906729005
-0.007655475401521732	0.9846890491969568	0.007655475401521729	0.0076554754015217335	0.007655475401521732	-0.00765547540152173	-0.015310950803043458	0.007655475401521732	0.007655475401521731	0.007655475401521729	-0.0077086464040043165	-0.015257771794707152	0.007655467395668022	0.007655480939355874	0.007655469863687586	-0.002723128762691602
0.0038277377007608663	0.007655475401521733	0.996172262299239	-0.0038277377007608668	-0.003827737700760866	0.003827737700760865	0.007655475401521729	-0.003827737700760865	-0.003827737700760865	-0.003827737700760865	0.00385432320200216	0.007628885897353578	-0.0038277336978340113	-0.0038277404696779368	-0.003827734931843793	0.0013615643813458009
0.0057416065511412965	0.011483213102282591	-0.005741606551141297	0.9942583934488592	-0.005741606551141297	0.005741606551141297	0.011483213102282593	-0.0057416065511413	-0.0057416065511412965	-0.005741606551141298	0.005781484803003244	0.01144332884603037	-0.005741600546751017	-0.005741610704516904	-0.005741602397765689	0.002042346572018702
0.011483213102282593	0.022966426204565182	-0.011483213102282593	-0.011483213102282595	0.9885167868977174	0.011483213102282596	0.02296642620456519	-0.0114832131022826	-0.011483213102282595	-0.011483213102282598	0.011562969606006484	0.02288665769206074	-0.011483201093502036	-0.011483221409033812	-0.011483204795531379	0.004084693144037404
-0.0019138688503804327	-0.0038277377007608655	0.0019138688503804323	0.0019138688503804327	0.0019138688503804332	0.9980861311496194	-0.0038277377007608633	0.001913868850380432	0.001913868850380432	0.0019138688503804319	-0.0019271616010010791	-0.003814442948676788	0.0019138668489170057	0.0019138702348389673	0.0019138674659218962	-0.0006807821906729005
-0.00765547540152173	-0.01531095080304346	0.007655475401521728	0.007655475401521731	0.007655475401521732	-0.007655475401521728	0.9846890491969564	0.007655475401521729	0.007655475401521728	0.007655475401521728	-0.0077086464040043165	-0.015257771794707158	0.007655467395668023	0.0076554809393558736	0.007655469863687585	-0.0027231287626916017
0.0038277377007608646	0.007655475401521729	-0.003827737700760864	-0.003827737700760865	-0.0038277377007608655	0.0038277377007608637	0.0076554754015217275	0.9961722622992395	-0.003827737700760865	-0.0038277377007608646	0.003854323202002159	0.007628885897353578	-0.0038277336978340113	-0.0038277404696779355	-0.0038277349318437933	0.001361564381345801
0.0057416065511412965	0.011483213102282591	-0.0057416065511412965	-0.005741606551141298	-0.005741606551141297	0.0057416065511412965	0.011483213102282593	-0.005741606551141297	0.9942583934488586	-0.005741606551141297	0.005781484803003241	0.011443328846030368	-0.005741600546751018	-0.005741610704516905	-0.005741602397765689	0.002042346572018702
0.011483213102282593	0.022966426204565182	-0.011483213102282593	-0.011483213102282595	-0.011483213102282595	0.011483213102282593	0.022966426204565186	-0.011483213102282595	-0.011483213102282593	0.9885167868977173	0.011562969606006486	0.02288665769206074	-0.011483201093502036	-0.01148322140903381	-0.01148320479553138	0.004084693144037405
-0.0019061886117442775	-0.003812377223488555	0.001906188611744277	0.0019061886117442777	0.0019061886117442781	-0.0019061886117442766	-0.003812377223488554	0.0019061886117442766	0.001906188611744277	0.0019061886117442773	0.9615325505856606	0.03273795615699418	0.0019171160338568713	0.0019058865723358904	0.0019064906511526642	-0.03974871394005384
-0.007084219621169627	-0.014168439242339254	0.007084219621169626	0.007084219621169627	0.007084219621169629	-0.007084219621169626	-0.014168439242339253	0.0070842196211696245	0.0070842196211696245	0.007084219621169626	0.08108928531196526	0.8976562774474104	0.007085997998285094	0.007083633607874067	0.007084805634465186	-0.07808347854358262
0.0038277375925795318	0.007655475185159062	-0.00382773759257953	-0.0038277375925795318	-0.0038277375925795326	0.00382773759257953	0.00765547518515906	-0.00382773759257953	-0.0038277375925795296	-0.00382773759257953	0.0038763545795687387	0.007627452692253851	0.9961516679133368	-0.0038277405153265428	-0.003827734669832519	0.001342367853945339
0.005741646843414449	0.011483293686828894	-0.005741646843414449	-0.00574164684341445	-0.005741646843414449	0.00574164684341445	0.011483293686828898	-0.005741646843414449	-0.005741646843414449	-0.00574164684341445	0.005782219589089318	0.011442714768019146	-0.005741640670279563	0.9942516032267669	-0.005734896913595817	0.0020363327637314935
0.011483212985890119	0.022966425971780238	-0.011483212985890119	-0.011483212985890123	-0.011483212985890119	0.01148321298589012	0.02296642597178024	-0.011483212985890123	-0.011483212985890123	-0.011483212985890123	0.011564358260948053	0.02288526835047603	-0.011483200639643846	-0.011469729907293301	0.9885033039355129	0.004072632741475346
-0.005695974846814944	-0.011391949693629888	0.005695974846814945	0.005695974846814946	0.005695974846814947	-0.005695974846814945	-0.01139194969362989	0.005695974846814945	0.005695974846814944	0.005695974846814946	-0.2249003988467666	0.20787049627081344	0.0056379528823232855	0.0057076498311379705	0.0056842998624919185	0.7635361293251435