0.9976312062916198	-0.004737587416759946	0.0023687937083799733	0.0023687937083799724	0.0023687937083799737	-0.0023687937083799737	-0.004737587416759947	0.0023687937083799733	0.002368793708379973	0.002368793708379973	-0.0023860780159368766	-0.004720301838182848	0.0023687924373597753	0.002368796159568956	0.002368791257190988	-0.000790449944781424
-0.009475174833519888	0.9810496503329601	0.009475174833519891	0.009475174833519888	0.009475174833519893	-0.009475174833519893	-0.01895034966703978	0.009475174833519891	0.009475174833519891	0.009475174833519891	-0.009544312063747507	-0.018881207352731386	0.009475169749439103	0.009475184638275829	0.009475165028763954	-0.0031617997791256957
0.004737587416759943	0.009475174833519884	0.9952624125832403	-0.004737587416759944	-0.004737587416759947	0.004737587416759947	0.00947517483351989	-0.004737587416759946	-0.004737587416759945	-0.004737587416759945	0.004772156031873751	0.009440603676365691	-0.004737584874719553	-0.004737592319137912	-0.004737582514381975	0.001580899889562848
0.007106381125139918	0.014212762250279837	-0.0071063811251399185	0.9928936188748598	-0.0071063811251399185	0.0071063811251399185	0.014212762250279835	-0.007106381125139918	-0.007106381125139914	-0.007106381125139916	0.007158234047810624	0.014160905514548539	-0.007106377312079327	-0.007106388478706868	-0.007106373771572964	0.0023713498343442716
0.01421276225027984	0.028425524500559688	-0.014212762250279844	-0.014212762250279837	0.9857872377497209	0.014212762250279846	0.028425524500559688	-0.014212762250279846	-0.014212762250279839	-0.014212762250279842	0.014316468095621255	0.02832181102909709	-0.014212754624158662	-0.014212776957413745	-0.014212747543145932	0.004742699668688544
-0.0023687937083799733	-0.004737587416759947	0.0023687937083799733	0.0023687937083799724	0.002368793708379974	0.9976312062916208	-0.004737587416759947	0.0023687937083799737	0.002368793708379973	0.0023687937083799733	-0.0023860780159368758	-0.0047203018381828474	0.0023687924373597766	0.0023687961595689573	0.0023687912571909884	-0.000790449944781424
-0.009475174833519891	-0.018950349667039783	0.009475174833519891	0.009475174833519888	0.009475174833519895	-0.009475174833519891	0.9810496503329607	0.009475174833519897	0.009475174833519895	0.009475174833519895	-0.009544312063747507	-0.018881207352731393	0.009475169749439107	0.00947518463827583	0.009475165028763955	-0.0031617997791256965
0.004737587416759947	0.009475174833519893	-0.004737587416759947	-0.004737587416759945	-0.004737587416759948	0.004737587416759947	0.009475174833519895	0.9952624125832403	-0.004737587416759946	-0.004737587416759947	0.004772156031873752	0.009440603676365697	-0.004737584874719553	-0.004737592319137912	-0.004737582514381978	0.001580899889562848
0.007106381125139917	0.014212762250279835	-0.0071063811251399185	-0.007106381125139914	-0.007106381125139918	0.007106381125139918	0.014212762250279839	-0.0071063811251399185	0.9928936188748602	-0.007106381125139917	0.007158234047810625	0.014160905514548537	-0.007106377312079329	-0.0071063884787068675	-0.007106373771572963	0.0023713498343442725
0.01421276225027984	0.028425524500559688	-0.014212762250279844	-0.014212762250279837	-0.014212762250279844	0.014212762250279844	0.028425524500559688	-0.014212762250279844	-0.014212762250279839	0.9857872377497202	0.014316468095621253	0.028321811029097085	-0.014212754624158662	-0.014212776957413742	-0.01421274754314593	0.004742699668688545
-0.002355817777048478	-0.004711635554096958	0.002355817777048479	0.002355817777048478	0.00235581777704848	-0.002355817777048479	-0.00471163555409696	0.00235581777704848	0.0023558177770484786	0.00235581777704848	0.9556280881642242	0.03729217537496948	0.0023681009067097686	0.002355382165537495	0.0023562533885594637	-0.045837081620538206
-0.0086301863454902	-0.017260372690980397	0.0086301863454902	0.008630186345490199	0.008630186345490204	-0.0086301863454902	-0.017260372690980404	0.008630186345490204	0.0086301863454902	0.008630186345490202	0.0936084338876422	0.8804991796431385	0.008632013778239316	0.008629344144114513	0.008631028546865895	-0.0898426941081979
0.004737587300489267	0.009475174600978532	-0.004737587300489267	-0.004737587300489267	-0.0047375873004892695	0.004737587300489268	0.009475174600978537	-0.004737587300489269	-0.004737587300489268	-0.004737587300489269	0.0047970916276272825	0.009438988348338916	0.9952390946250121	-0.004737592422402939	-0.004737582178575595	0.0015590408117283493
0.0071064434208342854	0.014212886841668573	-0.007106443420834287	-0.007106443420834285	-0.007106443420834288	0.0071064434208342854	0.014212886841668574	-0.007106443420834287	-0.007106443420834284	-0.007106443420834286	0.007159279680076213	0.014160046535651179	-0.007106439374058819	0.9928852046003933	-0.007098091442061787	0.002364037351421831
0.014212762019988095	0.028425524039976193	-0.014212762019988097	-0.014212762019988091	-0.014212762019988098	0.014212762019988098	0.028425524039976197	-0.014212762019988097	-0.014212762019988093	-0.014212762019988098	0.014318434236329098	0.028319843730075154	-0.01421275392642805	-0.014196087729807884	0.9857705636898315	0.004728025741123673
-0.007029187137793972	-0.014058374275587943	0.007029187137793972	0.007029187137793967	0.0070291871377939725	-0.007029187137793971	-0.014058374275587943	0.007029187137793972	0.00702918713779397	0.007029187137793972	-0.2589339415851508	0.23791260228086372	0.006962965028698852	0.007043255095856005	0.007015119179731941	0.7273321532194593