0.9994060908466453	-0.001187818306708204	0.0005939091533541018	0.0005939091533541019	0.000593909153354102	-0.0005939091533541018	-0.001187818306708204	0.0005939091533541018	0.0005939091533541018	0.000593909153354102	-0.0005950744819513473	-0.0011866526822275761	0.0005939088574707202	0.0005939092086095549	0.0005939090980986481	-0.0002596605506068485
-0.002375636613416407	0.9952487267731673	0.002375636613416407	0.0023756366134164066	0.0023756366134164075	-0.0023756366134164066	-0.004751273226832814	0.0023756366134164066	0.0023756366134164066	0.0023756366134164075	-0.002380297927805388	-0.004746610728910306	0.0023756354298828807	0.00237563683443822	0.0023756363923945942	-0.0010386422024273936
0.0011878183067082037	0.002375636613416409	0.998812181693292	-0.0011878183067082037	-0.001187818306708204	0.0011878183067082037	0.002375636613416408	-0.0011878183067082037	-0.0011878183067082037	-0.0011878183067082044	0.0011901489639026942	0.002373305364455152	-0.0011878177149414397	-0.0011878184172191093	-0.001187818196197297	0.0005193211012136971
0.001781727460062305	0.00356345492012461	-0.0017817274600623045	0.9982182725399377	-0.0017817274600623052	0.001781727460062305	0.0035634549201246104	-0.0017817274600623045	-0.0017817274600623048	-0.0017817274600623052	0.0017852234458540417	0.0035599580466827304	-0.00178172657241216	-0.001781727625828665	-0.0017817272942959456	0.000778981651820545
0.003563454920124611	0.007126909840249222	-0.00356345492012461	-0.0035634549201246104	0.9964365450798753	0.00356345492012461	0.007126909840249221	-0.0035634549201246095	-0.00356345492012461	-0.0035634549201246104	0.003570446891708084	0.007119916093365461	-0.00356345314482432	-0.00356345525165733	-0.0035634545885918907	0.0015579633036410905
-0.0005939091533541017	-0.0011878183067082035	0.0005939091533541015	0.0005939091533541017	0.0005939091533541017	0.9994060908466454	-0.0011878183067082037	0.0005939091533541015	0.0005939091533541015	0.0005939091533541019	-0.000595074481951347	-0.0011866526822275764	0.0005939088574707198	0.0005939092086095546	0.0005939090980986484	-0.0002596605506068483
-0.0023756366134164075	-0.004751273226832816	0.0023756366134164075	0.0023756366134164075	0.0023756366134164075	-0.0023756366134164075	0.9952487267731673	0.0023756366134164066	0.002375636613416406	0.002375636613416407	-0.0023802979278053885	-0.004746610728910307	0.00237563542988288	0.002375636834438218	0.002375636392394594	-0.0010386422024273936
0.0011878183067082037	0.002375636613416408	-0.0011878183067082037	-0.0011878183067082037	-0.0011878183067082037	0.0011878183067082037	0.0023756366134164075	0.9988121816932917	-0.001187818306708203	-0.0011878183067082033	0.001190148963902694	0.002373305364455153	-0.0011878177149414397	-0.0011878184172191097	-0.0011878181961972965	0.0005193211012136967
0.0017817274600623054	0.003563454920124611	-0.001781727460062305	-0.0017817274600623052	-0.0017817274600623054	0.0017817274600623054	0.0035634549201246112	-0.0017817274600623052	0.9982182725399377	-0.0017817274600623052	0.0017852234458540417	0.0035599580466827295	-0.0017817265724121602	-0.001781727625828665	-0.0017817272942959451	0.000778981651820545
0.00356345492012461	0.00712690984024922	-0.003563454920124609	-0.0035634549201246095	-0.00356345492012461	0.00356345492012461	0.007126909840249221	-0.0035634549201246095	-0.003563454920124609	0.9964365450798754	0.003570446891708083	0.007119916093365459	-0.00356345314482432	-0.00356345525165733	-0.003563454588591891	0.00155796330364109
-0.000593535666418754	-0.0011870713328375083	0.000593535666418754	0.000593535666418754	0.0005935356664187541	-0.0005935356664187538	-0.001187071332837508	0.000593535666418754	0.000593535666418754	0.0005935356664187541	0.9835312593377168	0.014683473737192608	0.000598195592252913	0.0005934989460078758	0.0005935723868296315	-0.016670786360516048
-0.002311090771104953	-0.004622181542209906	0.002311090771104953	0.002311090771104953	0.002311090771104953	-0.002311090771104953	-0.004622181542209906	0.0023110907711049525	0.002311090771104953	0.002311090771104953	0.032649385961022584	0.9604168549706475	0.0023115775261202164	0.0023110182924700163	0.0023111632497398896	-0.033285583013301534
0.0011878183026556156	0.0023756366053112317	-0.0011878183026556156	-0.0011878183026556158	-0.001187818302655616	0.0011878183026556158	0.0023756366053112317	-0.0011878183026556158	-0.0011878183026556158	-0.0011878183026556158	0.0011994727693550912	0.002372950869978908	0.9988032129659772	-0.0011878184327724036	-0.001187818172538828	0.0005107137029861133
0.0017817312396499825	0.003563462479299965	-0.0017817312396499823	-0.0017817312396499827	-0.0017817312396499825	0.0017817312396499825	0.0035634624792999655	-0.0017817312396499823	-0.0017817312396499823	-0.0017817312396499825	0.0017853240417012152	0.0035598687641147622	-0.0017817303265160124	0.9982161728753733	-0.001779635354673218	0.0007769865743054626
0.003563454918030448	0.007126909836060895	-0.0035634549180304466	-0.003563454918030447	-0.003563454918030447	0.0035634549180304474	0.007126909836060895	-0.003563454918030447	-0.003563454918030447	-0.003563454918030448	0.003570640514884573	0.007119722412940646	-0.003563453091764323	-0.0035592638281244627	0.9964323539920634	0.0015539696867099071
-0.001779538823841242	-0.0035590776476824835	0.0017795388238412415	0.0017795388238412418	0.0017795388238412415	-0.0017795388238412418	-0.003559077647682484	0.0017795388238412415	0.0017795388238412415	0.0017795388238412418	-0.09697368802543745	0.09166092765996484	0.0017536827177901324	0.001783509756370115	0.0017755678913123688	0.9007498116485011