0.9977073822551861	-0.004585235489627829	0.002292617744813914	0.0022926177448139135	0.002292617744813914	-0.002292617744813914	-0.004585235489627827	0.002292617744813914	0.0022926177448139135	0.002292617744813914	-0.002309321929413559	-0.004568529818855944	0.0022926162586416722	0.002292619990834498	0.002292615498793332	-0.0007732932181680769
-0.009170470979255654	0.9816590580414896	0.009170470979255656	0.009170470979255654	0.009170470979255654	-0.009170470979255656	-0.018340941958511308	0.009170470979255656	0.009170470979255654	0.009170470979255652	-0.009237287717654233	-0.018274119275423776	0.00917046503456669	0.009170479963337991	0.009170461995173327	-0.0030931728726723076
0.004585235489627829	0.009170470979255657	0.9954147645103725	-0.004585235489627827	-0.004585235489627827	0.004585235489627828	0.009170470979255654	-0.004585235489627828	-0.004585235489627828	-0.004585235489627827	0.004618643858827116	0.009137059637711884	-0.004585232517283342	-0.004585239981668993	-0.004585230997586667	0.0015465864363361534
0.006877853234441743	0.013755706468883489	-0.006877853234441743	0.9931221467655582	-0.006877853234441743	0.006877853234441743	0.013755706468883487	-0.006877853234441743	-0.0068778532344417435	-0.006877853234441743	0.006927965788240672	0.013705589456567836	-0.006877848775925014	-0.00687785997250349	-0.006877846496379996	0.0023198796545042307
0.013755706468883484	0.027511412937766974	-0.013755706468883484	-0.013755706468883485	0.9862442935311162	0.013755706468883482	0.027511412937766964	-0.013755706468883484	-0.013755706468883484	-0.013755706468883485	0.013855931576481345	0.027411178913135666	-0.013755697551850023	-0.01375571994500698	-0.013755692992759987	0.0046397593090084606
-0.0022926177448139144	-0.004585235489627829	0.0022926177448139144	0.002292617744813914	0.0022926177448139135	0.997707382255186	-0.004585235489627828	0.0022926177448139144	0.002292617744813914	0.0022926177448139135	-0.0023093219294135574	-0.004568529818855946	0.0022926162586416714	0.0022926199908344974	0.0022926154987933326	-0.0007732932181680767
-0.009170470979255657	-0.018340941958511315	0.009170470979255657	0.009170470979255656	0.009170470979255654	-0.009170470979255657	0.9816590580414889	0.009170470979255657	0.009170470979255656	0.009170470979255656	-0.00923728771765423	-0.018274119275423772	0.009170465034566685	0.00917047996333799	0.00917046199517333	-0.003093172872672308
0.00458523548962783	0.00917047097925566	-0.00458523548962783	-0.004585235489627829	-0.004585235489627828	0.00458523548962783	0.00917047097925566	0.995414764510372	-0.004585235489627829	-0.004585235489627829	0.004618643858827115	0.009137059637711884	-0.004585232517283343	-0.004585239981668995	-0.004585230997586665	0.0015465864363361538
0.006877853234441743	0.013755706468883489	-0.006877853234441743	-0.0068778532344417435	-0.006877853234441742	0.006877853234441742	0.013755706468883487	-0.006877853234441742	0.9931221467655582	-0.006877853234441741	0.006927965788240672	0.013705589456567836	-0.006877848775925014	-0.006877859972503491	-0.006877846496379997	0.002319879654504231
0.013755706468883482	0.02751141293776697	-0.013755706468883482	-0.013755706468883484	-0.013755706468883482	0.01375570646888348	0.027511412937766967	-0.013755706468883482	-0.013755706468883485	0.9862442935311162	0.013855931576481344	0.02741117891313567	-0.013755697551850028	-0.013755719945006982	-0.01375569299275999	0.004639759309008463
-0.0022806436592753302	-0.00456128731855066	0.00228064365927533	0.00228064365927533	0.002280643659275329	-0.00228064365927533	-0.00456128731855066	0.00228064365927533	0.0022806436592753302	0.0022806436592753294	0.9565887797900945	0.03655721104080651	0.0022927218505492024	0.002280231691020544	0.002281055627530116	-0.04485350576862402
-0.008374730804504715	-0.01674946160900943	0.008374730804504711	0.008374730804504711	0.008374730804504711	-0.008374730804504715	-0.01674946160900943	0.008374730804504715	0.008374730804504715	0.008374730804504715	0.09160518099818248	0.8832687905269683	0.008376566865839829	0.008373933893110436	0.008375527715899002	-0.08794210991181747
0.00458523536999291	0.00917047073998582	-0.00458523536999291	-0.00458523536999291	-0.004585235369992909	0.00458523536999291	0.00917047073998582	-0.00458523536999291	-0.0045852353699929104	-0.00458523536999291	0.004643130169213502	0.009135467600883867	0.9953918729698885	-0.004585240069988386	-0.0045852306699974334	0.001525157015555081
0.00687791149757409	0.013755822995148185	-0.00687791149757409	-0.006877911497574092	-0.006877911497574093	0.006877911497574091	0.013755822995148185	-0.006877911497574092	-0.006877911497574092	-0.006877911497574091	0.006928956214599642	0.01370477359727651	-0.0068779068167279635	0.9931140046753614	-0.0068698276705097434	0.002312781881154925
0.013755706261413113	0.02751141252282623	-0.013755706261413111	-0.013755706261413113	-0.013755706261413111	0.013755706261413111	0.02751141252282623	-0.013755706261413113	-0.013755706261413116	-0.013755706261413113	0.013857795404574946	0.027409314017972322	-0.013755696899721013	-0.013739565797149569	0.9862281532743234	0.004625517704218957
-0.006806632254494897	-0.013613264508989796	0.006806632254494895	0.006806632254494897	0.006806632254494895	-0.006806632254494897	-0.013613264508989795	0.0068066322544948965	0.006806632254494898	0.006806632254494897	-0.2534026529328335	0.23304765147953402	0.006741736944309629	0.006820307631585403	0.006792956877404393	0.7331825819696727