0.9978578548345055	-0.004284290330988138	0.002142145165494069	0.002142145165494069	0.002142145165494069	-0.002142145165494069	-0.004284290330988138	0.002142145165494069	0.0021421451654940688	0.002142145165494069	-0.0021575903690658326	-0.00426884333241017	0.002142143370487862	0.002142147038358079	0.00214214329263006	-0.0007379728265122217
-0.008568580661976273	0.9828628386760474	0.008568580661976279	0.008568580661976279	0.008568580661976277	-0.008568580661976277	-0.017137161323952554	0.008568580661976277	0.008568580661976273	0.008568580661976275	-0.008630361476263329	-0.017075373329640674	0.008568573481951449	0.008568588153432323	0.008568573170520247	-0.002951891306048888
0.004284290330988138	0.008568580661976277	0.9957157096690122	-0.004284290330988139	-0.004284290330988138	0.004284290330988138	0.008568580661976277	-0.004284290330988138	-0.004284290330988137	-0.004284290330988138	0.004315180738131663	0.008537686664820344	-0.004284286740975724	-0.004284294076716161	-0.004284286585260121	0.0014759456530244429
0.006426435496482214	0.012852870992964428	-0.006426435496482214	0.9935735645035179	-0.006426435496482218	0.006426435496482217	0.012852870992964434	-0.006426435496482215	-0.006426435496482216	-0.006426435496482217	0.006472771107197499	0.01280652999723052	-0.0064264301114635896	-0.0064264411150742416	-0.006426429877890187	0.002213918479536666
0.012852870992964423	0.025705741985928846	-0.012852870992964423	-0.012852870992964425	0.9871471290070357	0.012852870992964427	0.025705741985928857	-0.012852870992964427	-0.012852870992964427	-0.012852870992964427	0.012945542214394992	0.025613059994461028	-0.012852860222927172	-0.012852882230148473	-0.012852859755780365	0.004427836959073332
-0.00214214516549407	-0.00428429033098814	0.0021421451654940697	0.0021421451654940705	0.0021421451654940697	0.9978578548345058	-0.004284290330988139	0.0021421451654940697	0.0021421451654940688	0.002142145165494069	-0.002157590369065833	-0.004268843332410173	0.002142143370487863	0.00214214703835808	0.0021421432926300612	-0.0007379728265122219
-0.00856858066197628	-0.01713716132395256	0.008568580661976279	0.008568580661976282	0.008568580661976279	-0.00856858066197628	0.9828628386760476	0.008568580661976284	0.00856858066197628	0.008568580661976282	-0.008630361476263334	-0.017075373329640688	0.008568573481951456	0.008568588153432323	0.008568573170520247	-0.0029518913060488884
0.004284290330988138	0.008568580661976277	-0.004284290330988138	-0.004284290330988139	-0.004284290330988138	0.004284290330988138	0.00856858066197628	0.9957157096690121	-0.004284290330988138	-0.004284290330988139	0.004315180738131666	0.008537686664820337	-0.004284286740975725	-0.00428429407671616	-0.004284286585260123	0.0014759456530244438
0.006426435496482214	0.012852870992964428	-0.006426435496482214	-0.006426435496482217	-0.006426435496482216	0.006426435496482215	0.012852870992964432	-0.006426435496482215	0.9935735645035176	-0.006426435496482215	0.0064727711071975004	0.012806529997230514	-0.006426430111463589	-0.00642644111507424	-0.006426429877890186	0.0022139184795366665
0.012852870992964423	0.025705741985928846	-0.012852870992964423	-0.012852870992964428	-0.012852870992964427	0.012852870992964425	0.02570574198592885	-0.012852870992964425	-0.012852870992964427	0.9871471290070358	0.012945542214394996	0.025613059994461024	-0.012852860222927176	-0.012852882230148474	-0.012852859755780368	0.004427836959073334
-0.002132010843521327	-0.0042640216870426535	0.002132010843521327	0.0021320108435213276	0.0021320108435213267	-0.002132010843521327	-0.004264021687042654	0.002132010843521327	0.002132010843521327	0.002132010843521327	0.9585168064988174	0.03507551292324975	0.0021436588908900025	0.0021316440935984448	0.0021323775934442113	-0.04287116539627762
-0.00786608928229489	-0.01573217856458978	0.007866089282294892	0.007866089282294892	0.00786608928229489	-0.007866089282294892	-0.015732178564589784	0.00786608928229489	0.007866089282294892	0.007866089282294892	0.08754505831316153	0.8888548406162198	0.007867922506028805	0.007865379051874555	0.007866799512715234	-0.0841126453288766
0.004284290211052632	0.008568580422105263	-0.004284290211052632	-0.004284290211052633	-0.004284290211052632	0.0042842902110526325	0.008568580422105265	-0.004284290211052632	-0.0042842902110526325	-0.0042842902110526325	0.004338737701720852	0.008536148892095632	0.9956936938282884	-0.004284294142531328	-0.004284286279573943	0.0014553823235446493
0.006426486207377552	0.012852972414755102	-0.006426486207377551	-0.006426486207377553	-0.006426486207377552	0.00642648620737755	0.012852972414755099	-0.0064264862073775495	-0.006426486207377552	-0.006426486207377553	0.006473656226525617	0.012805796810147487	-0.006426480621918004	0.9935659597878131	-0.006418932202568399	0.002207248067648456
0.012852870825934117	0.025705741651868234	-0.012852870825934117	-0.01285287082593412	-0.012852870825934122	0.012852870825934119	0.025705741651868237	-0.012852870825934117	-0.01285287082593412	-0.012852870825934122	0.012947210599976788	0.025611390706919937	-0.012852859655028494	-0.012837785499080375	0.9871320438472121	0.004414455586179068
-0.006366180969089785	-0.01273236193817957	0.006366180969089783	0.006366180969089787	0.006366180969089785	-0.006366180969089785	-0.012732361938179573	0.006366180969089785	0.006366180969089787	0.006366180969089787	-0.2422949970838018	0.2232586791313056	0.0063039560143167755	0.006379071401099876	0.0063532905370796925	0.744971564129281