0.9983974897080844	-0.0032050205838317627	0.001602510291915881	0.0016025102919158816	0.0016025102919158811	-0.0016025102919158811	-0.0032050205838317627	0.0016025102919158807	0.0016025102919158814	0.001602510291915881	-0.0016125635417843767	-0.003194965456227352	0.0016025084141799658	0.0016025111501652882	0.0016025094336664738	-0.0005957602209971738
-0.006410041167663525	0.9871799176646732	0.006410041167663524	0.006410041167663527	0.0064100411676635246	-0.006410041167663525	-0.012820082335327053	0.006410041167663523	0.006410041167663526	0.0064100411676635246	-0.006450254167137508	-0.012779861824909405	0.006410033656719862	0.006410044600661156	0.006410037734665895	-0.0023830408839886946
0.0032050205838317623	0.006410041167663524	0.9967949794161682	-0.0032050205838317636	-0.0032050205838317627	0.0032050205838317627	0.006410041167663525	-0.003205020583831762	-0.003205020583831763	-0.0032050205838317627	0.0032251270835687547	0.006389930912454705	-0.003205016828359932	-0.0032050223003305786	-0.0032050188673329472	0.0011915204419943475
0.004807530875747646	0.00961506175149529	-0.004807530875747645	0.9951924691242532	-0.0048075308757476445	0.004807530875747644	0.009615061751495289	-0.004807530875747644	-0.0048075308757476445	-0.0048075308757476445	0.004837690625353129	0.00958489636868206	-0.004807525242539899	-0.0048075334504958656	-0.00480752830099942	0.0017872806629915209
0.009615061751495294	0.019230123502990585	-0.009615061751495292	-0.009615061751495294	0.9903849382485046	0.00961506175149529	0.01923012350299059	-0.00961506175149529	-0.009615061751495292	-0.009615061751495292	0.00967538125070626	0.019169792737364126	-0.009615050485079797	-0.009615066900991735	-0.009615056601998842	0.003574561325983044
-0.0016025102919158822	-0.0032050205838317636	0.0016025102919158818	0.001602510291915882	0.001602510291915882	0.9983974897080842	-0.003205020583831764	0.0016025102919158814	0.0016025102919158822	0.0016025102919158818	-0.0016125635417843774	-0.003194965456227353	0.001602508414179966	0.0016025111501652887	0.0016025094336664745	-0.0005957602209971738
-0.006410041167663527	-0.01282008233532705	0.006410041167663526	0.006410041167663526	0.006410041167663527	-0.006410041167663527	0.9871799176646731	0.0064100411676635246	0.006410041167663528	0.006410041167663527	-0.006450254167137509	-0.012779861824909412	0.006410033656719863	0.006410044600661155	0.006410037734665896	-0.002383040883988695
0.003205020583831763	0.0064100411676635246	-0.0032050205838317627	-0.0032050205838317627	-0.003205020583831763	0.003205020583831763	0.0064100411676635246	0.9967949794161685	-0.003205020583831763	-0.0032050205838317627	0.0032251270835687543	0.006389930912454705	-0.003205016828359931	-0.0032050223003305778	-0.0032050188673329485	0.0011915204419943475
0.004807530875747645	0.009615061751495289	-0.0048075308757476445	-0.004807530875747645	-0.004807530875747645	0.0048075308757476445	0.009615061751495289	-0.004807530875747645	0.9951924691242529	-0.004807530875747646	0.004837690625353129	0.00958489636868206	-0.004807525242539898	-0.0048075334504958656	-0.004807528300999422	0.0017872806629915217
0.009615061751495292	0.01923012350299058	-0.00961506175149529	-0.009615061751495292	-0.009615061751495292	0.00961506175149529	0.01923012350299058	-0.009615061751495292	-0.009615061751495294	0.9903849382485046	0.009675381250706258	0.019169792737364123	-0.009615050485079794	-0.009615066900991733	-0.009615056601998843	0.003574561325983044
-0.0015975631560303176	-0.0031951263120606342	0.0015975631560303173	0.001597563156030318	0.0015975631560303178	-0.0015975631560303176	-0.0031951263120606355	0.0015975631560303176	0.0015975631560303176	0.0015975631560303176	0.9658757056183284	0.029321805616425906	0.0016073624531853833	0.0015973413905776954	0.0015977849214829384	-0.03521132750780592
-0.005997780162170667	-0.011995560324341332	0.005997780162170667	0.005997780162170669	0.005997780162170668	-0.005997780162170667	-0.011995560324341334	0.005997780162170667	0.0059977801621706696	0.005997780162170668	0.07159305397774332	0.9104119982536814	0.005999387444234142	0.0059973486105764995	0.005998211713764829	-0.06932466191274964
0.0032050205049315465	0.006410041009863092	-0.0032050205049315465	-0.0032050205049315465	-0.0032050205049315465	0.003205020504931546	0.006410041009863092	-0.003205020504931546	-0.0032050205049315465	-0.003205020504931546	0.0032448212670065572	0.006388685822801762	0.9967765339200546	-0.003205022335354404	-0.0032050186745086846	0.0011743237845519238
0.004807558948141171	0.009615117896282341	-0.004807558948141171	-0.0048075589481411714	-0.0048075589481411714	0.004807558948141171	0.009615117896282343	-0.004807558948141171	-0.004807558948141172	-0.0048075589481411714	0.0048382386400160375	0.00958443244274644	-0.00480755318648013	0.995186788328098	-0.0048019062243809165	0.0017821788875338276
0.009615061686060074	0.01923012337212015	-0.009615061686060076	-0.009615061686060076	-0.009615061686060076	0.009615061686060076	0.019230123372120152	-0.009615061686060076	-0.009615061686060078	-0.009615061686060076	0.009676420923479367	0.01916875261140264	-0.009615050162761868	-0.009603766656207179	0.9903736432840867	0.0035643343683399507
-0.004778174193346762	-0.009556348386693522	0.004778174193346763	0.0047781741933467636	0.0047781741933467636	-0.004778174193346763	-0.009556348386693525	0.0047781741933467636	0.004778174193346764	0.0047781741933467636	-0.19979815831529413	0.18551553189950182	0.0047262780290988704	0.004788141197478831	0.004768207189214695	0.7905074459251157