0.9999115749607095	-0.00017685007858067473	0.00008842503929033734	0.00008842503929033739	0.00008842503929033735	-0.00008842503929033736	-0.00017685007858067475	0.00008842503929033735	0.00008842503929033739	0.00008842503929033736	-0.00008843102145851123	-0.00017684409477746968	0.00008842503765530626	0.00008842503950587799	0.00008842503907479676	-0.00004318817257887057
-0.0003537001571613494	0.9992925996856771	0.0003537001571613494	0.00035370015716134956	0.00035370015716134934	-0.0003537001571613495	-0.000707400314322699	0.0003537001571613494	0.0003537001571613496	0.00035370015716134945	-0.0003537240858340448	-0.0007073763791098788	0.00035370015062122505	0.0003537001580235118	0.0003537001562991869	-0.00017275269031548227
0.0001768500785806747	0.0003537001571613494	0.9998231499214189	-0.00017685007858067473	-0.00017685007858067464	0.0001768500785806747	0.0003537001571613494	-0.00017685007858067467	-0.00017685007858067475	-0.00017685007858067467	0.00017686204291702246	0.0003536881895549394	-0.0001768500753106125	-0.00017685007901175598	-0.00017685007814959345	0.00008637634515774113
0.0002652751178710122	0.0005305502357420245	-0.0002652751178710122	0.9997347248821293	-0.0002652751178710123	0.00026527511787101214	0.0005305502357420245	-0.0002652751178710122	-0.00026527511787101225	-0.0002652751178710122	0.0002652930643755338	0.0005305322843324096	-0.0002652751129659188	-0.00026527511851763395	-0.0002652751172243904	0.00012956451773661162
0.0005305502357420243	0.0010611004714840488	-0.0005305502357420243	-0.0005305502357420244	0.9994694497642578	0.0005305502357420242	0.0010611004714840486	-0.0005305502357420243	-0.0005305502357420244	-0.0005305502357420244	0.0005305861287510671	0.0010610645686648188	-0.0005305502259318373	-0.0005305502370352679	-0.0005305502344487807	0.0002591290354732232
-0.00008842503929033738	-0.00017685007858067475	0.00008842503929033735	0.00008842503929033739	0.00008842503929033738	0.9999115749607094	-0.00017685007858067478	0.00008842503929033738	0.00008842503929033742	0.00008842503929033738	-0.00008843102145851123	-0.00017684409477746976	0.00008842503765530625	0.00008842503950587799	0.00008842503907479674	-0.00004318817257887057
-0.0003537001571613495	-0.000707400314322699	0.0003537001571613494	0.00035370015716134956	0.0003537001571613495	-0.00035370015716134956	0.9992925996856774	0.0003537001571613495	0.0003537001571613496	0.00035370015716134945	-0.0003537240858340449	-0.000707376379109879	0.00035370015062122505	0.0003537001580235119	0.00035370015629918706	-0.00017275269031548224
0.0001768500785806748	0.0003537001571613496	-0.00017685007858067475	-0.00017685007858067483	-0.0001768500785806748	0.00017685007858067483	0.0003537001571613496	0.999823149921419	-0.0001768500785806748	-0.00017685007858067475	0.0001768620429170224	0.0003536881895549395	-0.0001768500753106125	-0.00017685007901175592	-0.0001768500781495935	0.00008637634515774112
0.00026527511787101214	0.0005305502357420245	-0.00026527511787101214	-0.00026527511787101225	-0.00026527511787101214	0.0002652751178710121	0.0005305502357420243	-0.00026527511787101214	0.999734724882129	-0.00026527511787101214	0.00026529306437553365	0.0005305322843324095	-0.0002652751129659188	-0.00026527511851763417	-0.00026527511722439044	0.00012956451773661162
0.0005305502357420243	0.0010611004714840488	-0.0005305502357420243	-0.0005305502357420244	-0.0005305502357420243	0.0005305502357420242	0.0010611004714840486	-0.0005305502357420243	-0.0005305502357420242	0.9994694497642578	0.0005305861287510671	0.0010610645686648184	-0.0005305502259318374	-0.000530550237035268	-0.0005305502344487806	0.0002591290354732233
-0.00008842327631443073	-0.00017684655262886143	0.00008842327631443069	0.00008842327631443072	0.00008842327631443072	-0.00008842327631443073	-0.00017684655262886143	0.0000884232763144307	0.00008842327631443073	0.0000884232763144307	0.997007778697149	0.0027261401310485077	0.00008923461917359965	0.00008842235363548701	0.00008842419899337448	-0.0029641036553329845
-0.0003521242528531122	-0.0007042485057062243	0.0003521242528531121	0.0003521242528531122	0.0003521242528531122	-0.00035212425285311225	-0.0007042485057062244	0.00035212425285311214	0.00035212425285311225	0.00035212425285311214	0.005556649282822111	0.9933869615390218	0.000352140672449947	0.0003521224120574881	0.0003521260936487364	-0.005995080576327989
0.00017685007857765086	0.00035370015715530166	-0.0001768500785776508	-0.00017685007857765086	-0.00017685007857765086	0.00017685007857765089	0.00035370015715530177	-0.00017685007857765083	-0.0001768500785776509	-0.00017685007857765086	0.00017848474025012703	0.00035367642483521603	0.9998215389920699	-0.00017685007951551756	-0.0001768500776397842	0.00008477722267624283
0.0002652752008222537	0.0005305504016445074	-0.00026527520082225356	-0.0002652752008222536	-0.0002652752008222535	0.0002652752008222535	0.000530550401644507	-0.00026527520082225345	-0.00026527520082225345	-0.0002652752008222535	0.00026529585024073955	0.0005305297465800097	-0.0002652751951762424	0.9997344126698386	-0.00026496307148300116	0.00012925514483146103
0.0005305502357406132	0.0010611004714812264	-0.0005305502357406131	-0.0005305502357406132	-0.0005305502357406131	0.000530550235740613	0.001061100471481226	-0.000530550235740613	-0.0005305502357406129	-0.0005305502357406128	0.0005305915345708991	0.0010610591613589185	-0.0005305502244485921	-0.0005299259800360081	0.9994688255085549	0.0002585102081810508
-0.0002652658410253103	-0.0005305316820506206	0.00026526584102531026	0.00026526584102531036	0.00026526584102531026	-0.00026526584102531026	-0.0005305316820506205	0.0002652658410253102	0.0002652658410253102	0.00026526584102531015	-0.017678379146718652	0.016887379179041324	0.0002604682856267103	0.0002658845612998743	0.000264647120750746	0.9823443089487577