0.9983703469336674	-0.0032593061326645434	0.0016296530663322715	0.001629653066332272	0.0016296530663322706	-0.001629653066332271	-0.0032593061326645413	0.001629653066332271	0.0016296530663322713	0.001629653066332271	-0.0016399959174543655	-0.003248961378171675	0.001629651162961496	0.001629653964407863	0.001629652168256679	-0.0006034967617931483
-0.006518612265329083	0.9869627754693422	0.006518612265329087	0.006518612265329087	0.006518612265329083	-0.006518612265329086	-0.013037224530658167	0.006518612265329086	0.006518612265329086	0.006518612265329086	-0.006559983669817461	-0.012995845512686701	0.006518604651845985	0.006518615857631451	0.006518608673026716	-0.002413987047172593
0.0032593061326645417	0.006518612265329084	0.9967406938673357	-0.0032593061326645426	-0.0032593061326645404	0.0032593061326645417	0.006518612265329081	-0.003259306132664542	-0.0032593061326645426	-0.003259306132664542	0.0032799918349087297	0.00649792275634335	-0.003259302325922992	-0.003259307928815726	-0.0032593043365133577	0.001206993523586296
0.004888959198996817	0.009777918397993633	-0.004888959198996817	0.9951110408010035	-0.004888959198996814	0.0048889591989968164	0.009777918397993628	-0.004888959198996814	-0.004888959198996816	-0.004888959198996816	0.004919987752363098	0.009746884134515025	-0.004888953488884487	-0.004888961893223591	-0.004888956504770036	0.0018104902853794446
0.009777918397993622	0.019555836795987245	-0.009777918397993624	-0.009777918397993622	0.9902220816020055	0.00977791839799363	0.019555836795987252	-0.009777918397993626	-0.009777918397993631	-0.009777918397993628	0.009839975504726189	0.01949376826903005	-0.00977790697776897	-0.009777923786447179	-0.009777913009540068	0.003620980570758889
-0.001629653066332271	-0.003259306132664542	0.0016296530663322715	0.0016296530663322713	0.0016296530663322713	0.9983703469336676	-0.0032593061326645417	0.0016296530663322715	0.0016296530663322715	0.0016296530663322715	-0.001639995917454365	-0.003248961378171674	0.0016296511629614963	0.001629653964407863	0.0016296521682566793	-0.0006034967617931484
-0.006518612265329086	-0.013037224530658172	0.006518612265329087	0.006518612265329087	0.006518612265329087	-0.006518612265329086	0.9869627754693412	0.006518612265329086	0.006518612265329087	0.006518612265329087	-0.00655998366981746	-0.012995845512686696	0.006518604651845984	0.006518615857631453	0.006518608673026716	-0.0024139870471725933
0.0032593061326645426	0.006518612265329085	-0.0032593061326645434	-0.003259306132664543	-0.003259306132664543	0.0032593061326645426	0.006518612265329084	0.9967406938673353	-0.0032593061326645426	-0.0032593061326645426	0.0032799918349087297	0.006497922756343348	-0.0032593023259229917	-0.0032593079288157256	-0.0032593043365133573	0.0012069935235862967
0.004888959198996817	0.009777918397993633	-0.004888959198996817	-0.0048889591989968164	-0.004888959198996816	0.004888959198996817	0.009777918397993633	-0.004888959198996818	0.9951110408010034	-0.0048889591989968164	0.004919987752363097	0.009746884134515025	-0.004888953488884486	-0.004888961893223592	-0.0048889565047700355	0.0018104902853794446
0.00977791839799363	0.01955583679598726	-0.00977791839799363	-0.00977791839799363	-0.009777918397993628	0.00977791839799363	0.01955583679598726	-0.009777918397993631	-0.00977791839799363	0.9902220816020064	0.009839975504726192	0.019493768269030053	-0.009777906977768971	-0.009777923786447183	-0.009777913009540073	0.003620980570758889
-0.0016244946484033922	-0.0032489892968067843	0.0016244946484033926	0.0016244946484033924	0.0016244946484033922	-0.0016244946484033922	-0.0032489892968067843	0.0016244946484033924	0.0016244946484033926	0.0016244946484033926	0.9654842785611801	0.029632332688442026	0.0016343994535710604	0.001624266268811915	0.0016247230279948699	-0.03562189189754895
-0.006093417500302552	-0.012186835000605103	0.006093417500302552	0.006093417500302552	0.006093417500302551	-0.006093417500302552	-0.012186835000605101	0.006093417500302551	0.006093417500302554	0.006093417500302552	0.07245691748289722	0.9092612035487185	0.0060950439677789885	0.006092973202767167	0.006093861797837934	-0.07011730100287626
0.0032593060509243693	0.0065186121018487395	-0.0032593060509243698	-0.0032593060509243698	-0.0032593060509243698	0.0032593060509243693	0.006518612101848738	-0.0032593060509243698	-0.0032593060509243706	-0.00325930605092437	0.0032999027209049863	0.006496659162473639	0.9967220502184702	-0.0032593079643032344	-0.0032593041375455043	0.0011896149396391819
0.004888988246202667	0.009777976492405333	-0.004888988246202666	-0.004888988246202665	-0.004888988246202665	0.004888988246202666	0.00977797649240533	-0.004888988246202665	-0.004888988246202666	-0.004888988246202665	0.004920551204895303	0.009746407691771907	-0.004888982404261885	0.9951052633615912	-0.0048832398539969376	0.0018053082266883721
0.00977791832886383	0.019555836657727657	-0.00977791832886383	-0.00977791832886383	-0.009777918328863827	0.009777918328863832	0.019555836657727657	-0.00977791832886383	-0.009777918328863832	-0.009777918328863829	0.009841044093929354	0.01949269920880482	-0.009777906645006525	-0.009766432443974645	0.9902105957862464	0.003610592286277509
-0.00485834490103109	-0.009716689802062178	0.004858344901031089	0.004858344901031088	0.004858344901031087	-0.004858344901031088	-0.009716689802062176	0.004858344901031087	0.004858344901031088	0.004858344901031088	-0.20206323760251443	0.18754065518174023	0.004805892618711835	0.004868463194560299	0.004848226607501874	0.7880670841616745