0.9982671866364674	-0.0034656267270660223	0.00173281336353301	0.0017328133635330107	0.0017328133635330105	-0.0017328133635330107	-0.0034656267270660223	0.00173281336353301	0.0017328133635330105	0.001732813363533011	-0.0017442488616331697	-0.0034541892516525207	0.0017328113862196703	0.0017328144232740114	0.0017328123037920107	-0.0006323321784762107
-0.006931253454132046	0.9861374930917365	0.006931253454132042	0.006931253454132044	0.0069312534541320445	-0.0069312534541320445	-0.013862506908264093	0.006931253454132042	0.006931253454132043	0.006931253454132046	-0.00697699544653268	-0.013816757006610093	0.006931245544878681	0.006931257693096047	0.006931249215168045	-0.0025293287139048428
0.003465626727066022	0.0069312534541320445	0.9965343732729336	-0.003465626727066021	-0.003465626727066021	0.0034656267270660214	0.0069312534541320445	-0.00346562672706602	-0.0034656267270660205	-0.003465626727066022	0.0034884977232663397	0.006908378503305044	-0.0034656227724393397	-0.0034656288465480228	-0.0034656246075840218	0.0012646643569524212
0.005198440090599033	0.01039688018119807	-0.005198440090599034	0.9948015599094008	-0.00519844009059903	0.005198440090599031	0.01039688018119807	-0.005198440090599033	-0.005198440090599033	-0.005198440090599034	0.005232746584899506	0.010362567754957563	-0.0051984341586590104	-0.005198443269822034	-0.005198436911376029	0.0018969965354286315
0.01039688018119807	0.020793760362396146	-0.01039688018119807	-0.010396880181198071	0.9896031198188017	0.010396880181198068	0.020793760362396146	-0.010396880181198073	-0.010396880181198071	-0.010396880181198073	0.01046549316979902	0.020725135509915137	-0.010396868317318028	-0.010396886539644072	-0.010396873822752062	0.0037939930708572643
-0.0017328133635330118	-0.003465626727066024	0.0017328133635330114	0.0017328133635330111	0.0017328133635330114	0.9982671866364671	-0.0034656267270660236	0.0017328133635330107	0.0017328133635330111	0.001732813363533012	-0.0017442488616331697	-0.0034541892516525225	0.0017328113862196705	0.0017328144232740118	0.0017328123037920115	-0.0006323321784762107
-0.006931253454132046	-0.013862506908264094	0.006931253454132045	0.0069312534541320445	0.006931253454132045	-0.006931253454132045	0.9861374930917365	0.006931253454132044	0.006931253454132045	0.006931253454132048	-0.00697699544653268	-0.013816757006610092	0.006931245544878681	0.006931257693096047	0.006931249215168043	-0.0025293287139048428
0.0034656267270660227	0.006931253454132046	-0.0034656267270660223	-0.003465626727066022	-0.0034656267270660223	0.0034656267270660223	0.006931253454132045	0.9965343732729337	-0.0034656267270660214	-0.0034656267270660227	0.003488497723266339	0.006908378503305044	-0.0034656227724393393	-0.003465628846548023	-0.003465624607584022	0.0012646643569524214
0.005198440090599031	0.010396880181198066	-0.005198440090599032	-0.005198440090599033	-0.005198440090599032	0.005198440090599033	0.010396880181198068	-0.005198440090599033	0.9948015599094007	-0.005198440090599033	0.005232746584899506	0.010362567754957565	-0.005198434158659009	-0.005198443269822035	-0.005198436911376028	0.0018969965354286322
0.010396880181198068	0.020793760362396142	-0.010396880181198068	-0.01039688018119807	-0.01039688018119807	0.010396880181198071	0.020793760362396146	-0.01039688018119807	-0.01039688018119807	0.9896031198188021	0.010465493169799018	0.020725135509915137	-0.010396868317318024	-0.010396886539644068	-0.010396873822752064	0.0037939930708572643
-0.0017268056265558177	-0.0034536112531116355	0.0017268056265558173	0.0017268056265558173	0.0017268056265558177	-0.0017268056265558175	-0.003453611253111635	0.001726805626555817	0.001726805626555817	0.0017268056265558173	0.9640205059094873	0.030788784217106912	0.0017370986202936555	0.001726551428763703	0.0017270598243479326	-0.037154610829556664
-0.006455280611554521	-0.012910561223109046	0.006455280611554521	0.00645528061155452	0.006455280611554521	-0.0064552806115545204	-0.012910561223109043	0.006455280611554519	0.006455280611554518	0.006455280611554519	0.0756745750446826	0.904957891046372	0.006456972685836532	0.006454786595921885	0.006455774627187152	-0.07307603757462619
0.003465626634851476	0.006931253269702953	-0.0034656266348514755	-0.0034656266348514755	-0.003465626634851476	0.003465626634851476	0.006931253269702953	-0.003465626634851476	-0.003465626634851476	-0.0034656266348514764	0.00350920886490336	0.006907048232536841	0.996514996172263	-0.0034656288844281337	-0.003465624385274817	0.0012466084968640377
0.005198472999776676	0.010396945999553353	-0.0051984729997766755	-0.005198472999776677	-0.005198472999776677	0.005198472999776678	0.010396945999553356	-0.005198472999776677	-0.005198472999776678	-0.005198472999776678	0.005233370187934017	0.010362042734558305	-0.005198466922938971	0.9947954150370564	-0.005192361036609808	0.0018915107173645845
0.010396880096772995	0.02079376019354599	-0.010396880096772995	-0.010396880096772995	-0.010396880096772995	0.010396880096772997	0.020793760193545997	-0.010396880096772995	-0.010396880096772997	-0.010396880096772997	0.010466674297631512	0.020723953839037135	-0.010396867943122667	-0.010384669025481394	0.9895909088319356	0.003782994276896455
-0.0051627693967347425	-0.010325538793469487	0.005162769396734741	0.0051627693967347425	0.005162769396734741	-0.005162769396734742	-0.010325538793469488	0.005162769396734742	0.005162769396734744	0.005162769396734744	-0.21052871978028675	0.19509493617237472	0.005108244814442498	0.005173458451346709	0.00515208034212278	0.7789565823046124