0.9975241568879061	-0.004951686224185929	0.002475843112092965	0.002475843112092965	0.0024758431120929644	-0.002475843112092965	-0.004951686224185929	0.0024758431120929653	0.002475843112092965	0.002475843112092965	-0.0024938719490094643	-0.004933656490419598	0.002475842215243127	0.0024758458706961345	0.002475840353489799	-0.0008137328127122372
-0.00990337244837186	0.9801932551032557	0.009903372448371858	0.009903372448371858	0.00990337244837186	-0.009903372448371861	-0.019806744896743715	0.009903372448371863	0.009903372448371863	0.009903372448371863	-0.009975487796037854	-0.019734625961678395	0.00990336886097251	0.00990338348278454	0.009903361413959198	-0.0032549312508489484
0.004951686224185929	0.009903372448371858	0.9950483137758136	-0.00495168622418593	-0.00495168622418593	0.0049516862241859305	0.009903372448371858	-0.004951686224185931	-0.004951686224185931	-0.004951686224185931	0.004987743898018927	0.009867312980839194	-0.0049516844304862565	-0.004951691741392271	-0.004951680706979597	0.0016274656254244744
0.0074275293362789	0.014855058672557802	-0.007427529336278902	0.992572470663721	-0.007427529336278903	0.007427529336278904	0.014855058672557809	-0.007427529336278906	-0.007427529336278906	-0.0074275293362789045	0.007481615847028395	0.0148009694712588	-0.007427526645729386	-0.0074275376120884066	-0.0074275210604694015	0.002441198438136713
0.0148550586725578	0.029710117345115604	-0.014855058672557804	-0.014855058672557807	0.9851449413274419	0.014855058672557807	0.029710117345115614	-0.01485505867255781	-0.014855058672557809	-0.014855058672557807	0.01496323169405678	0.02960193894251759	-0.014855053291458765	-0.01485507522417681	-0.0148550421209388	0.004882396876273425
-0.002475843112092966	-0.004951686224185931	0.0024758431120929657	0.0024758431120929666	0.002475843112092966	0.9975241568879071	-0.0049516862241859305	0.002475843112092967	0.0024758431120929666	0.002475843112092967	-0.0024938719490094643	-0.0049336564904196014	0.0024758422152431282	0.0024758458706961345	0.002475840353489801	-0.0008137328127122375
-0.009903372448371858	-0.019806744896743715	0.009903372448371858	0.009903372448371861	0.00990337244837186	-0.009903372448371861	0.9801932551032558	0.009903372448371863	0.009903372448371861	0.009903372448371861	-0.009975487796037854	-0.019734625961678392	0.009903368860972511	0.009903383482784538	0.009903361413959194	-0.0032549312508489484
0.00495168622418593	0.00990337244837186	-0.00495168622418593	-0.004951686224185931	-0.0049516862241859305	0.004951686224185931	0.009903372448371861	0.995048313775814	-0.004951686224185932	-0.004951686224185932	0.004987743898018928	0.009867312980839198	-0.0049516844304862565	-0.004951691741392271	-0.004951680706979601	0.0016274656254244742
0.0074275293362788975	0.014855058672557798	-0.007427529336278899	-0.007427529336278902	-0.0074275293362789	0.007427529336278901	0.014855058672557802	-0.007427529336278901	0.9925724706637212	-0.007427529336278901	0.00748161584702839	0.014800969471258793	-0.0074275266457293826	-0.007427537612088404	-0.0074275210604694	0.002441198438136712
0.014855058672557797	0.0297101173451156	-0.0148550586725578	-0.014855058672557805	-0.0148550586725578	0.014855058672557804	0.029710117345115607	-0.014855058672557804	-0.014855058672557805	0.985144941327442	0.014963231694056783	0.029601938942517593	-0.014855053291458767	-0.01485507522417681	-0.014855042120938798	0.004882396876273426
-0.0024613762809826403	-0.004922752561965281	0.0024613762809826407	0.002461376280982641	0.0024613762809826403	-0.002461376280982641	-0.004922752561965281	0.002461376280982641	0.0024613762809826403	0.0024613762809826403	0.954293593734191	0.03830972026563741	0.0024739334382062645	0.0024609066082749826	0.0024618459536902984	-0.04719876414238726
-0.008986853297274028	-0.017973706594548056	0.008986853297274028	0.00898685329727403	0.008986853297274028	-0.00898685329727403	-0.017973706594548052	0.00898685329727403	0.008986853297274026	0.00898685329727403	0.09636974841608036	0.8766678877209635	0.008988657268408126	0.008985945884816746	0.00898776070973131	-0.09247438828294238
0.004951686116961067	0.009903372233922132	-0.004951686116961067	-0.004951686116961069	-0.004951686116961068	0.00495168611696107	0.009903372233922136	-0.004951686116961069	-0.004951686116961068	-0.00495168611696107	0.005013288278470412	0.00986566940205481	0.9950244145533966	-0.004951691870357561	-0.004951680363564575	0.0016050115050810954
0.007427597538221624	0.014855195076443251	-0.0074275975382216254	-0.007427597538221627	-0.007427597538221625	0.007427597538221627	0.014855195076443253	-0.007427597538221626	-0.007427597538221627	-0.007427597538221626	0.007482741226983914	0.014800048447066578	-0.007427594597607239	0.9925636737362645	-0.007418868812707907	0.002433586086284083
0.014855058407331116	0.02971011681466224	-0.014855058407331116	-0.014855058407331123	-0.014855058407331118	0.014855058407331121	0.029710116814662242	-0.01485505840733112	-0.014855058407331121	-0.01485505840733112	0.014965345470036622	0.02959982387070257	-0.014855052526076946	-0.014837634335162901	0.9851275175205003	0.004867119003504476
-0.007341445218400585	-0.014682890436801172	0.007341445218400585	0.007341445218400588	0.007341445218400584	-0.007341445218400585	-0.014682890436801172	0.007341445218400584	0.007341445218400584	0.0073414452184005835	-0.2666139838001256	0.24465771005955178	0.007273383303772326	0.00735605951224103	0.00732683092456014	0.7192312970664333