0.9995415226816368	-0.000916954636726133	0.0004584773183630664	0.0004584773183630664	0.00045847731836306643	-0.00045847731836306654	-0.000916954636726133	0.0004584773183630664	0.0004584773183630665	0.0004584773183630665	-0.00045907861244093805	-0.0009163531865648238	0.00045847716227962875	0.0004584773448358222	0.000458477291890311	-0.00020585129529737095
-0.0018339092734522657	0.996332181453096	0.0018339092734522657	0.0018339092734522657	0.0018339092734522657	-0.0018339092734522661	-0.003667818546904532	0.0018339092734522657	0.001833909273452266	0.001833909273452266	-0.0018363144497637524	-0.0036654127462592955	0.0018339086491185146	0.0018339093793432884	0.0018339091675612432	-0.0008234051811894841
0.0009169546367261326	0.001833909273452265	0.9990830453632739	-0.0009169546367261329	-0.0009169546367261329	0.0009169546367261331	0.001833909273452266	-0.0009169546367261327	-0.000916954636726133	-0.000916954636726133	0.000918157224881876	0.0018327063731296473	-0.0009169543245592576	-0.0009169546896716444	-0.000916954583780622	0.0004117025905947421
0.0013754319550891997	0.0027508639101783998	-0.0013754319550891997	0.9986245680449105	-0.0013754319550892	0.0013754319550891999	0.0027508639101783998	-0.0013754319550891994	-0.0013754319550891997	-0.0013754319550892	0.0013772358373228145	0.002749059559694472	-0.0013754314868388861	-0.0013754320345074668	-0.0013754318756709328	0.0006175538858921127
0.0027508639101784	0.0055017278203568	-0.0027508639101784	-0.0027508639101783998	0.9972491360898212	0.0027508639101784	0.005501727820356801	-0.0027508639101783998	-0.0027508639101784	-0.0027508639101784006	0.002754471674645629	0.005498119119388943	-0.002750862973677772	-0.002750864069014933	-0.0027508637513418664	0.0012351077717842253
-0.00045847731836306654	-0.000916954636726133	0.0004584773183630665	0.0004584773183630666	0.0004584773183630666	0.9995415226816368	-0.0009169546367261332	0.0004584773183630665	0.0004584773183630666	0.0004584773183630666	-0.0004590786124409381	-0.000916353186564824	0.0004584771622796287	0.00045847734483582206	0.00045847729189031107	-0.000205851295297371
-0.0018339092734522657	-0.003667818546904531	0.0018339092734522655	0.0018339092734522657	0.001833909273452266	-0.0018339092734522664	0.9963321814530958	0.001833909273452266	0.0018339092734522661	0.0018339092734522661	-0.0018363144497637526	-0.003665412746259295	0.0018339086491185148	0.0018339093793432887	0.0018339091675612432	-0.000823405181189484
0.0009169546367261327	0.0018339092734522653	-0.0009169546367261326	-0.0009169546367261327	-0.0009169546367261329	0.0009169546367261332	0.001833909273452266	0.9990830453632737	-0.0009169546367261332	-0.0009169546367261332	0.0009181572248818761	0.0018327063731296478	-0.0009169543245592573	-0.0009169546896716442	-0.0009169545837806218	0.00041170259059474196
0.0013754319550892003	0.002750863910178401	-0.0013754319550892003	-0.0013754319550892003	-0.0013754319550892005	0.0013754319550892003	0.0027508639101784006	-0.0013754319550892	0.9986245680449108	-0.0013754319550892007	0.0013772358373228147	0.0027490595596944725	-0.0013754314868388861	-0.0013754320345074668	-0.001375431875670933	0.000617553885892113
0.0027508639101784006	0.005501727820356802	-0.0027508639101784006	-0.0027508639101784006	-0.0027508639101784015	0.0027508639101784015	0.005501727820356802	-0.0027508639101784	-0.0027508639101784006	0.9972491360898216	0.0027544716746456294	0.005498119119388942	-0.002750862973677772	-0.002750864069014933	-0.0027508637513418656	0.001235107771784226
-0.00045829334623439426	-0.0009165866924687885	0.0004582933462343942	0.00045829334623439426	0.0004582933462343943	-0.0004582933462343945	-0.0009165866924687886	0.00045829334623439426	0.0004582933462343943	0.0004582933462343943	0.9866660485540484	0.011955331878747078	0.000462032874735807	0.00045827077673195066	0.0004583159157368382	-0.013432127448410432
-0.0017945385192679212	-0.0035890770385358425	0.0017945385192679208	0.001794538519267921	0.0017945385192679212	-0.0017945385192679217	-0.0035890770385358425	0.001794538519267921	0.0017945385192679214	0.0017945385192679212	0.026055368932765905	0.9685606920786469	0.0017948619500511842	0.0017944938563165252	0.001794583182219319	-0.02689934406957067
0.000916954635104243	0.0018339092702084861	-0.000916954635104243	-0.0009169546351042431	-0.0009169546351042432	0.0009169546351042435	0.0018339092702084868	-0.0009169546351042432	-0.0009169546351042435	-0.0009169546351042435	0.0009256381314719407	0.0018324718836630154	0.9990757992550732	-0.0009169547001826357	-0.0009169545700258515	0.0004046947447399583
0.001375434201474592	0.002750868402949184	-0.001375434201474592	-0.0013754342014745918	-0.0013754342014745925	0.001375434201474592	0.002750868402949184	-0.0013754342014745918	-0.0013754342014745918	-0.001375434201474592	0.0013772990511984637	0.0027490030687659104	-0.0013754337170151908	0.9986229477470078	-0.0013738161499569264	0.0006159990175941113
0.0027508639093710113	0.0055017278187420235	-0.0027508639093710117	-0.002750863909371011	-0.0027508639093710117	0.0027508639093710113	0.005501727818742023	-0.002750863909371011	-0.0027508639093710104	-0.0027508639093710104	0.0027545936058742163	0.005497997153320769	-0.0027508629404529644	-0.0027476281341992453	0.9972459003154576	0.0012319959438074016
-0.0013743601568284235	-0.002748720313656847	0.0013743601568284233	0.0013743601568284233	0.0013743601568284235	-0.0013743601568284233	-0.0027487203136568467	0.0013743601568284231	0.0013743601568284231	0.0013743601568284233	-0.0785831853713509	0.07448114620573591	0.0013533188519581282	0.0013774605940671254	0.001371259719589721	0.9200213761947043