0.9990303466600485	-0.0019393066799036037	0.0009696533399518019	0.000969653339951802	0.0009696533399518022	-0.0009696533399518022	-0.0019393066799036044	0.0009696533399518021	0.0009696533399518024	0.0009696533399518022	-0.000973371225335958	-0.0019355879204107486	0.0009696524658431018	0.0009696535575640446	0.0009696531223395595	-0.0003968528334086454
-0.003878613359807209	0.9922427732803849	0.0038786133598072087	0.003878613359807209	0.00387861335980721	-0.003878613359807211	-0.00775722671961442	0.00387861335980721	0.00387861335980721	0.003878613359807209	-0.003893484901343833	-0.007742351681642997	0.0038786098633724103	0.0038786142302561825	0.003878612489358239	-0.001587411333634582
0.0019393066799036046	0.003878613359807209	0.9980606933200966	-0.0019393066799036046	-0.0019393066799036046	0.0019393066799036048	0.003878613359807209	-0.0019393066799036046	-0.0019393066799036048	-0.0019393066799036041	0.0019467424506719173	0.003871175840821497	-0.0019393049316862058	-0.001939307115128091	-0.0019393062446791203	0.000793705666817291
0.0029089600198554063	0.005817920039710812	-0.0029089600198554067	0.9970910399801443	-0.0029089600198554063	0.0029089600198554063	0.005817920039710811	-0.0029089600198554067	-0.0029089600198554067	-0.0029089600198554054	0.0029201136760078727	0.005806763761232243	-0.0029089573975293074	-0.0029089606726921333	-0.002908959367018678	0.0011905585002259375
0.005817920039710815	0.011635840079421629	-0.005817920039710816	-0.005817920039710814	0.9941820799602896	0.0058179200397108135	0.011635840079421625	-0.005817920039710815	-0.005817920039710815	-0.0058179200397108135	0.005840227352015747	0.011613527522464489	-0.005817914795058616	-0.0058179213453842665	-0.005817918734037357	0.0023811170004518745
-0.0009696533399518026	-0.0019393066799036052	0.0009696533399518028	0.0009696533399518026	0.0009696533399518024	0.9990303466600485	-0.0019393066799036052	0.0009696533399518025	0.0009696533399518028	0.0009696533399518024	-0.0009733712253359587	-0.0019355879204107493	0.0009696524658431024	0.0009696535575640452	0.0009696531223395597	-0.00039685283340864554
-0.0038786133598072087	-0.007757226719614417	0.0038786133598072096	0.0038786133598072087	0.003878613359807208	-0.0038786133598072096	0.9922427732803856	0.003878613359807209	0.0038786133598072096	0.0038786133598072087	-0.0038934849013438338	-0.0077423516816429935	0.0038786098633724086	0.00387861423025618	0.0038786124893582376	-0.0015874113336345815
0.0019393066799036046	0.003878613359807209	-0.001939306679903605	-0.0019393066799036046	-0.0019393066799036037	0.001939306679903605	0.0038786133598072083	0.998060693320097	-0.0019393066799036059	-0.0019393066799036046	0.0019467424506719173	0.0038711758408214985	-0.0019393049316862054	-0.001939307115128091	-0.0019393062446791196	0.0007937056668172911
0.002908960019855408	0.005817920039710815	-0.0029089600198554085	-0.0029089600198554076	-0.002908960019855407	0.002908960019855408	0.0058179200397108135	-0.002908960019855408	0.9970910399801451	-0.0029089600198554063	0.002920113676007873	0.005806763761232244	-0.002908957397529308	-0.0029089606726921337	-0.0029089593670186794	0.0011905585002259375
0.005817920039710815	0.011635840079421627	-0.005817920039710816	-0.0058179200397108135	-0.0058179200397108135	0.005817920039710815	0.011635840079421625	-0.005817920039710815	-0.005817920039710814	0.9941820799602892	0.005840227352015747	0.011613527522464489	-0.005817914795058613	-0.0058179213453842665	-0.005817918734037358	0.002381117000451874
-0.0009682767747483471	-0.001936553549496694	0.0009682767747483473	0.0009682767747483469	0.0009682767747483467	-0.0009682767747483471	-0.0019365535494966937	0.0009682767747483471	0.000968276774748347	0.0009682767747483469	0.9760326920989345	0.02105558971248265	0.0009751646390860872	0.0009681861981560635	0.00096836735134063	-0.024513159517419402
-0.0037160293837481813	-0.0074320587674963625	0.0037160293837481813	0.0037160293837481817	0.003716029383748181	-0.003716029383748182	-0.007432058767496363	0.003716029383748182	0.0037160293837481817	0.003716029383748181	0.048981552701588854	0.9398693931694541	0.003716995361460459	0.0037158517160800733	0.00371620705141629	-0.04861502048244856
0.001939306659493997	0.0038786133189879935	-0.001939306659493997	-0.0019393066594939968	-0.0019393066594939965	0.0019393066594939974	0.003878613318987994	-0.0019393066594939974	-0.001939306659493997	-0.001939306659493996	0.0019605360585124914	0.003870461415227212	0.9980476158452485	-0.0019393071422821632	-0.0019393061767058295	0.0007813589457976994
0.0029089701694354157	0.005817940338870831	-0.002908970169435416	-0.0029089701694354152	-0.002908970169435415	0.002908970169435416	0.0058179403388708304	-0.002908970169435416	-0.0029089701694354157	-0.002908970169435415	0.0029203497814367734	0.005806558046568202	-0.0029089674891341457	0.9970876085079414	-0.0029055488468121204	0.0011873747949905052
0.005817920027693337	0.011635840055386672	-0.005817920027693337	-0.005817920027693336	-0.005817920027693335	0.005817920027693336	0.011635840055386667	-0.005817920027693336	-0.005817920027693335	-0.005817920027693334	0.005840679215688153	0.011613075506797509	-0.005817914667098992	-0.005811080038294006	0.9941752399829074	0.0023747406515097127
-0.0029008309505937427	-0.005801661901187485	0.002900830950593743	0.002900830950593742	0.002900830950593742	-0.0029008309505937427	-0.005801661901187484	0.0029008309505937427	0.0029008309505937423	0.002900830950593741	-0.14080579292466983	0.13214044686558493	0.0028636841578974287	0.002907128130872323	0.002894533770315163	0.8541042884029395