0.9986688188649088	-0.0026623622701834448	0.0013311811350917226	0.0013311811350917226	0.0013311811350917226	-0.0013311811350917228	-0.002662362270183445	0.0013311811350917226	0.0013311811350917228	0.0013311811350917228	-0.0013383569890459597	-0.0026551849033801603	0.0013311796222426754	0.00133118165406709	0.001331180616116356	-0.0005149344561733716
-0.005324724540366892	0.9893505509192662	0.005324724540366891	0.00532472454036689	0.00532472454036689	-0.005324724540366891	-0.010649449080733779	0.005324724540366891	0.005324724540366892	0.005324724540366892	-0.005353427956183838	-0.010620739613520646	0.005324718488970699	0.005324726616268357	0.005324722464465424	-0.002059737824693486
0.0026623622701834456	0.00532472454036689	0.9973376377298165	-0.0026623622701834448	-0.002662362270183445	0.0026623622701834456	0.005324724540366889	-0.002662362270183445	-0.0026623622701834456	-0.0026623622701834456	0.0026767139780919176	0.00531036980676032	-0.002662359244485349	-0.0026623633081341797	-0.002662361232232712	0.001029868912346743
0.003993543405275166	0.007987086810550333	-0.003993543405275166	0.996006456594725	-0.003993543405275166	0.003993543405275166	0.007987086810550333	-0.003993543405275166	-0.003993543405275166	-0.003993543405275166	0.004015070967137876	0.007965554710140479	-0.003993538866728024	-0.003993544962201267	-0.003993541848349069	0.0015448033685201144
0.007987086810550336	0.01597417362110067	-0.007987086810550334	-0.007987086810550333	0.9920129131894494	0.007987086810550334	0.015974173621100665	-0.007987086810550333	-0.007987086810550333	-0.007987086810550334	0.008030141934275752	0.015931109420280955	-0.007987077733456048	-0.007987089924402533	-0.007987083696698137	0.0030896067370402283
-0.0013311811350917228	-0.002662362270183445	0.0013311811350917228	0.0013311811350917228	0.0013311811350917226	0.9986688188649085	-0.0026623622701834448	0.0013311811350917226	0.0013311811350917228	0.001331181135091723	-0.0013383569890459595	-0.002655184903380161	0.0013311796222426754	0.0013311816540670894	0.0013311806161163567	-0.0005149344561733715
-0.005324724540366891	-0.01064944908073378	0.005324724540366891	0.00532472454036689	0.00532472454036689	-0.005324724540366892	0.9893505509192662	0.0053247245403668896	0.00532472454036689	0.00532472454036689	-0.005353427956183837	-0.010620739613520643	0.0053247184889707	0.005324726616268357	0.005324722464465422	-0.0020597378246934857
0.0026623622701834456	0.00532472454036689	-0.0026623622701834456	-0.002662362270183445	-0.002662362270183445	0.002662362270183446	0.00532472454036689	0.997337637729816	-0.0026623622701834448	-0.0026623622701834448	0.002676713978091918	0.005310369806760321	-0.0026623592444853504	-0.002662363308134179	-0.0026623612322327116	0.001029868912346743
0.003993543405275166	0.007987086810550333	-0.003993543405275166	-0.003993543405275165	-0.003993543405275166	0.003993543405275167	0.007987086810550333	-0.003993543405275166	0.9960064565947251	-0.003993543405275167	0.004015070967137876	0.007965554710140479	-0.003993538866728024	-0.003993544962201268	-0.003993541848349069	0.0015448033685201148
0.007987086810550334	0.01597417362110067	-0.007987086810550334	-0.007987086810550333	-0.007987086810550336	0.007987086810550336	0.01597417362110067	-0.007987086810550336	-0.007987086810550334	0.9920129131894493	0.008030141934275753	0.015931109420280958	-0.007987077733456048	-0.007987089924402535	-0.00798708369669814	0.003089606737040229
-0.0013280756656892205	-0.0026561513313784406	0.00132807566568922	0.00132807566568922	0.0013280756656892203	-0.0013280756656892205	-0.002656151331378441	0.0013280756656892205	0.0013280756656892203	0.0013280756656892205	0.9699582612721244	0.026048849278460233	0.0013367381180365509	0.001327915744497533	0.0013282355868809088	-0.030916240151516727
-0.005031860518592213	-0.010063721037184425	0.005031860518592213	0.0050318605185922126	0.0050318605185922126	-0.005031860518592214	-0.010063721037184425	0.0050318605185922126	0.0050318605185922126	0.005031860518592213	0.0625211759137072	0.9223818684346026	0.005033234614505644	0.0050315483594969585	0.005032172677687469	-0.06102688309533519
0.0026623622195365614	0.005324724439073121	-0.0026623622195365605	-0.00266236221953656	-0.0026623622195365605	0.0026623622195365614	0.00532472443907312	-0.0026623622195365605	-0.002662362219536561	-0.002662362219536561	0.00269408967064582	0.005309330796301443	0.9973213039721259	-0.002662363340351812	-0.002662361098721312	0.0010145912890317456
0.003993562671625269	0.007987125343250539	-0.003993562671625269	-0.003993562671625268	-0.00399356267162527	0.00399356267162527	0.007987125343250539	-0.003993562671625269	-0.003993562671625268	-0.00399356267162527	0.004015473708253968	0.007965209671853121	-0.003993558036856551	0.9960017411127579	-0.003988866456008591	0.001540512686905283
0.00798708677513192	0.01597417355026384	-0.00798708677513192	-0.007987086775131916	-0.00798708677513192	0.007987086775131918	0.015974173550263836	-0.007987086775131918	-0.007987086775131914	-0.007987086775131916	0.008030908757598848	0.01593034229827729	-0.007987077505612297	-0.007977700654287614	0.9920035271040242	0.003081008947356685
-0.0039751434410368654	-0.00795028688207373	0.0039751434410368654	0.003975143441036863	0.0039751434410368654	-0.003975143441036866	-0.00795028688207373	0.003975143441036865	0.003975143441036863	0.0039751434410368654	-0.1761380517094947	0.16425866463074074	0.003929100196680122	0.003983571586527581	0.003966715295546149	0.8160373928990421