0.9977998512849968	-0.004400297430006637	0.002200148715003319	0.00220014871500332	0.0022001487150033186	-0.002200148715003319	-0.004400297430006639	0.00220014871500332	0.002200148715003319	0.0022001487150033186	-0.0022160961045733308	-0.004384348346929145	0.002200147021495842	0.0022001507267447036	0.0022001467032619322	-0.0007518123532210488
-0.008800594860013273	0.9823988102799731	0.008800594860013274	0.008800594860013278	0.008800594860013276	-0.008800594860013276	-0.017601189720026555	0.008800594860013281	0.008800594860013278	0.008800594860013278	-0.008864384418293323	-0.01753739338771659	0.008800588085983366	0.008800602906978814	0.008800586813047729	-0.0030072494128841956
0.004400297430006639	0.00880059486001328	0.9955997025699936	-0.00440029743000664	-0.004400297430006637	0.004400297430006638	0.008800594860013278	-0.004400297430006641	-0.00440029743000664	-0.004400297430006639	0.004432192209146665	0.008768696693858297	-0.004400294042991684	-0.004400301453489407	-0.0044002934065238645	0.0015036247064420978
0.006600446145009953	0.01320089229001991	-0.006600446145009955	0.9933995538549907	-0.0066004461450099566	0.006600446145009956	0.013200892290019915	-0.006600446145009958	-0.006600446145009955	-0.006600446145009955	0.006648288313719998	0.01315304504078745	-0.006600441064487529	-0.006600452180234115	-0.006600440109785799	0.002255437059663147
0.013200892290019911	0.026401784580039826	-0.013200892290019913	-0.013200892290019913	0.9867991077099802	0.013200892290019908	0.026401784580039823	-0.013200892290019911	-0.013200892290019908	-0.01320089229001991	0.013296576627439992	0.02630609008157489	-0.013200882128975057	-0.013200904360468224	-0.013200880219571593	0.004510874119326294
-0.0022001487150033186	-0.004400297430006638	0.0022001487150033186	0.0022001487150033186	0.002200148715003318	0.9977998512849968	-0.004400297430006638	0.0022001487150033194	0.0022001487150033186	0.0022001487150033186	-0.0022160961045733316	-0.0043843483469291475	0.0022001470214958415	0.002200150726744704	0.002200146703261933	-0.0007518123532210484
-0.008800594860013274	-0.017601189720026552	0.008800594860013274	0.008800594860013274	0.008800594860013273	-0.008800594860013273	0.9823988102799737	0.008800594860013278	0.008800594860013276	0.008800594860013274	-0.008864384418293325	-0.017537393387716597	0.00880058808598337	0.008800602906978818	0.008800586813047727	-0.0030072494128841947
0.00440029743000664	0.00880059486001328	-0.00440029743000664	-0.00440029743000664	-0.004400297430006639	0.004400297430006639	0.008800594860013281	0.9955997025699942	-0.004400297430006641	-0.004400297430006639	0.004432192209146666	0.0087686966938583	-0.004400294042991686	-0.00440030145348941	-0.004400293406523866	0.0015036247064420978
0.006600446145009953	0.01320089229001991	-0.006600446145009955	-0.006600446145009955	-0.006600446145009954	0.006600446145009952	0.013200892290019906	-0.006600446145009956	0.9933995538549899	-0.006600446145009955	0.006648288313719997	0.013153045040787447	-0.006600441064487529	-0.006600452180234115	-0.006600440109785798	0.0022554370596631467
0.013200892290019911	0.02640178458003983	-0.013200892290019915	-0.013200892290019915	-0.013200892290019913	0.01320089229001991	0.026401784580039823	-0.013200892290019917	-0.013200892290019913	0.9867991077099801	0.013296576627439992	0.026306090081574893	-0.013200882128975057	-0.013200904360468231	-0.013200880219571595	0.004510874119326295
-0.0021893267146267147	-0.004378653429253429	0.0021893267146267134	0.002189326714626714	0.002189326714626714	-0.002189326714626714	-0.004378653429253428	0.002189326714626714	0.0021893267146267143	0.002189326714626714	0.9577685383747033	0.035651663556178166	0.0022011446398647366	0.0021889427703404335	0.002189710658912995	-0.04364183584972331
-0.008062792375848673	-0.016125584751697352	0.008062792375848674	0.008062792375848674	0.008062792375848674	-0.008062792375848676	-0.016125584751697352	0.008062792375848676	0.008062792375848673	0.008062792375848674	0.08912711896531686	0.8866826664538721	0.008064629829113872	0.008062049174471281	0.008063535577226067	-0.08560124575217817
0.004400297309280307	0.008800594618560616	-0.004400297309280308	-0.004400297309280308	-0.004400297309280307	0.004400297309280307	0.008800594618560614	-0.004400297309280308	-0.004400297309280307	-0.004400297309280307	0.004456114208978157	0.008767136671119252	0.9955773437384628	-0.004400301526965613	-0.004400293091595001	0.0014827246006028196
0.0066004997023130195	0.013200999404626039	-0.0066004997023130195	-0.00660049970231302	-0.006600499702313019	0.006600499702313018	0.013200999404626037	-0.006600499702313021	-0.0066004997023130195	-0.006600499702313018	0.0066492134395557696	0.013152280378076597	-0.00660049441300633	0.9933917420389816	-0.006592741443607926	0.0022486013999954285
0.01320089210810508	0.02640178421621016	-0.013200892108105083	-0.013200892108105084	-0.01320089210810508	0.013200892108105076	0.02640178421621016	-0.013200892108105083	-0.01320089210810508	-0.01320089210810508	0.013298319307460468	0.026304346438250473	-0.013200881529500769	-0.013185399951038379	0.9867836157348283	0.004497160163407099
-0.00653609286976135	-0.013072185739522704	0.006536092869761352	0.006536092869761352	0.00653609286976135	-0.006536092869761349	-0.013072185739522698	0.006536092869761352	0.006536092869761349	0.006536092869761349	-0.2466070112539914	0.22706199529817842	0.006472830216290512	0.006549287381739938	0.006522898357782758	0.7403887088047544