0.9988044219125864	-0.0023911561748272392	0.0011955780874136194	0.0011955780874136196	0.0011955780874136198	-0.0011955780874136196	-0.002391156174827239	0.001195578087413619	0.001195578087413619	0.0011955780874136198	-0.0012013791527174386	-0.0023853538285156734	0.0011955768064058714	0.0011955784744966651	0.0011955777003305743	-0.00047209201333530554
-0.0047823123496544785	0.9904353753006913	0.0047823123496544785	0.004782312349654479	0.00478231234965448	-0.004782312349654479	-0.009564624699308957	0.004782312349654478	0.004782312349654478	0.004782312349654481	-0.004805516610869754	-0.009541415314062695	0.004782307225623489	0.004782313897986662	0.004782310801322298	-0.0018883680533412226
0.0023911561748272397	0.004782312349654479	0.9976088438251725	-0.0023911561748272397	-0.00239115617482724	0.0023911561748272397	0.0047823123496544785	-0.002391156174827239	-0.002391156174827239	-0.0023911561748272405	0.002402758305434877	0.004770707657031344	-0.0023911536128117437	-0.0023911569489933307	-0.0023911554006611478	0.0009441840266706111
0.0035867342622408595	0.007173468524481719	-0.0035867342622408595	0.9964132657377595	-0.0035867342622408595	0.003586734262240859	0.007173468524481718	-0.003586734262240859	-0.0035867342622408595	-0.00358673426224086	0.003604137458152315	0.007156061485547017	-0.003586730419217614	-0.0035867354234899976	-0.003586733100991723	0.001416276040005917
0.007173468524481716	0.014346937048963435	-0.007173468524481716	-0.007173468524481716	0.9928265314755181	0.007173468524481717	0.014346937048963435	-0.007173468524481716	-0.007173468524481717	-0.007173468524481719	0.007208274916304627	0.014312122971094033	-0.007173460838435226	-0.007173470846979994	-0.0071734662019834455	0.0028325520800118334
-0.00119557808741362	-0.00239115617482724	0.0011955780874136198	0.0011955780874136198	0.00119557808741362	0.9988044219125863	-0.0023911561748272392	0.0011955780874136194	0.0011955780874136192	0.00119557808741362	-0.0012013791527174383	-0.002385353828515673	0.0011955768064058714	0.0011955784744966651	0.0011955777003305743	-0.00047209201333530554
-0.004782312349654481	-0.009564624699308962	0.00478231234965448	0.00478231234965448	0.00478231234965448	-0.00478231234965448	0.990435375300691	0.004782312349654478	0.004782312349654478	0.004782312349654481	-0.004805516610869754	-0.009541415314062692	0.004782307225623487	0.004782313897986662	0.004782310801322299	-0.0018883680533412221
0.0023911561748272392	0.0047823123496544785	-0.002391156174827239	-0.002391156174827239	-0.0023911561748272392	0.002391156174827239	0.004782312349654478	0.9976088438251723	-0.002391156174827239	-0.00239115617482724	0.002402758305434877	0.004770707657031346	-0.0023911536128117424	-0.002391156948993331	-0.0023911554006611486	0.0009441840266706111
0.0035867342622408595	0.00717346852448172	-0.003586734262240859	-0.0035867342622408595	-0.0035867342622408595	0.0035867342622408586	0.007173468524481718	-0.0035867342622408595	0.9964132657377587	-0.003586734262240859	0.003604137458152314	0.0071560614855470175	-0.0035867304192176135	-0.003586735423489997	-0.003586733100991723	0.0014162760400059165
0.007173468524481717	0.014346937048963436	-0.007173468524481717	-0.007173468524481717	-0.007173468524481718	0.0071734685244817156	0.014346937048963433	-0.007173468524481718	-0.007173468524481716	0.9928265314755184	0.007208274916304628	0.014312122971094035	-0.007173460838435227	-0.007173470846979994	-0.0071734662019834455	0.002832552080011832
-0.0011932149108610601	-0.0023864298217221203	0.0011932149108610601	0.0011932149108610604	0.0011932149108610604	-0.0011932149108610604	-0.002386429821722121	0.0011932149108610606	0.0011932149108610604	0.001193214910861061	0.9721369041839677	0.024275416909021227	0.001201249085288285	0.0011930828388598239	0.001193346982862297	-0.028618823821726327
-0.0045422568787439905	-0.009084513757487983	0.0045422568787439905	0.0045422568787439905	0.0045422568787439905	-0.0045422568787439905	-0.009084513757487981	0.00454225687874399	0.00454225687874399	0.004542256878743993	0.05765668558526801	0.9287153117337977	0.004543488923446602	0.004541998636847372	0.004542515120640612	-0.05658114017107188
0.002391156136967832	0.0047823122739356645	-0.002391156136967832	-0.002391156136967832	-0.0023911561369678327	0.0023911561369678322	0.0047823122739356645	-0.002391156136967832	-0.0023911561369678314	-0.002391156136967833	0.00241886209344745	0.004769784796198194	0.9975936653842903	-0.0023911569798931347	-0.0023911552940425315	0.0009299471162170039
0.003586749761515426	0.007173499523030855	-0.003586749761515426	-0.003586749761515427	-0.003586749761515427	0.0035867497615154256	0.007173499523030851	-0.0035867497615154264	-0.003586749761515426	-0.0035867497615154273	0.0036044739409445445	0.0071557714193792345	-0.003586745837292928	0.9964090321641452	-0.0035825316871756	0.0014123968425309437
0.00717346849981698	0.014346936999633964	-0.00717346849981698	-0.007173468499816981	-0.007173468499816982	0.00717346849981698	0.01434693699963396	-0.007173468499816981	-0.007173468499816979	-0.0071734684998169835	0.007208916791443248	0.014311480859576774	-0.007173460651386061	-0.00716503706317397	0.9928181000635404	0.002824780314788057
-0.003572746611348362	-0.007145493222696726	0.003572746611348362	0.003572746611348362	0.003572746611348363	-0.003572746611348362	-0.007145493222696724	0.003572746611348363	0.003572746611348362	0.0035727466113483633	-0.16348400678965538	0.1528086456965913	0.00352986787036739	0.0035803867732397084	0.0035651064494570182	0.8296943450033738