0.9990466096379049	-0.0019067807241911216	0.0009533903620955607	0.0009533903620955607	0.0009533903620955608	-0.0009533903620955612	-0.0019067807241911212	0.0009533903620955606	0.0009533903620955609	0.0009533903620955609	-0.0009569715070137674	-0.001903198733985037	0.0009533895168076842	0.0009533905697655027	0.0009533901544256196	-0.0003912408042725382
-0.0038135614483822433	0.9923728771032356	0.003813561448382243	0.003813561448382243	0.0038135614483822433	-0.003813561448382245	-0.007627122896764484	0.0038135614483822424	0.0038135614483822433	0.003813561448382243	-0.003827886028055069	-0.007612794935940152	0.0038135580672307378	0.00381356227906201	0.003813560617702477	-0.0015649632170901535
0.0019067807241911218	0.0038135614483822424	0.9980932192758086	-0.0019067807241911212	-0.0019067807241911214	0.0019067807241911223	0.003813561448382242	-0.0019067807241911208	-0.0019067807241911216	-0.0019067807241911218	0.0019139430140275345	0.003806397467970075	-0.0019067790336153685	-0.001906781139531005	-0.0019067803088512385	0.0007824816085450768
0.0028601710862866834	0.005720342172573365	-0.002860171086286682	0.9971398289137134	-0.0028601710862866817	0.0028601710862866834	0.005720342172573366	-0.002860171086286682	-0.0028601710862866826	-0.0028601710862866834	0.0028709145210413013	0.005709596201955112	-0.0028601685504230532	-0.002860171709296508	-0.0028601704632768583	0.0011737224128176155
0.00572034217257336	0.011440684345146718	-0.005720342172573359	-0.00572034217257336	0.9942796578274267	0.005720342172573363	0.011440684345146722	-0.00572034217257336	-0.00572034217257336	-0.005720342172573362	0.005741829042082602	0.011419192403910221	-0.005720337100846102	-0.00572034341859301	-0.005720340926553713	0.002347444825635229
-0.0009533903620955611	-0.0019067807241911218	0.0009533903620955608	0.0009533903620955611	0.0009533903620955611	0.9990466096379051	-0.0019067807241911223	0.000953390362095561	0.0009533903620955612	0.0009533903620955614	-0.0009569715070137677	-0.0019031987339850382	0.0009533895168076846	0.0009533905697655029	0.0009533901544256198	-0.0003912408042725385
-0.0038135614483822437	-0.007627122896764487	0.0038135614483822437	0.0038135614483822446	0.0038135614483822446	-0.0038135614483822446	0.9923728771032354	0.0038135614483822424	0.003813561448382243	0.0038135614483822433	-0.003827886028055068	-0.007612794935940148	0.003813558067230737	0.0038135622790620096	0.003813560617702476	-0.0015649632170901535
0.001906780724191121	0.003813561448382241	-0.0019067807241911205	-0.001906780724191121	-0.001906780724191121	0.001906780724191121	0.003813561448382241	0.9980932192758086	-0.0019067807241911212	-0.0019067807241911214	0.001913943014027534	0.0038063974679700733	-0.001906779033615368	-0.0019067811395310048	-0.001906780308851238	0.0007824816085450765
0.0028601710862866813	0.005720342172573362	-0.0028601710862866804	-0.0028601710862866813	-0.002860171086286681	0.0028601710862866817	0.0057203421725733625	-0.0028601710862866804	0.9971398289137134	-0.002860171086286682	0.0028709145210413013	0.005709596201955112	-0.002860168550423053	-0.0028601717092965064	-0.002860170463276858	0.001173722412817615
0.005720342172573362	0.011440684345146722	-0.00572034217257336	-0.005720342172573362	-0.005720342172573361	0.0057203421725733625	0.011440684345146723	-0.00572034217257336	-0.0057203421725733625	0.9942796578274271	0.0057418290420826025	0.011419192403910225	-0.0057203371008461065	-0.005720343418593013	-0.005720340926553714	0.00234744482563523
-0.0009520731867961843	-0.001904146373592368	0.0009520731867961838	0.0009520731867961842	0.000952073186796184	-0.0009520731867961843	-0.0019041463735923676	0.000952073186796184	0.000952073186796184	0.0009520731867961843	0.9763281499651351	0.02080883028965887	0.000958873371614057	0.0009519853480088213	0.0009521610255835471	-0.024202292055673355
-0.0036560341266667256	-0.007312068253333451	0.0036560341266667247	0.0036560341266667256	0.0036560341266667256	-0.0036560341266667264	-0.007312068253333449	0.0036560341266667247	0.0036560341266667256	0.0036560341266667264	0.04832691199658659	0.9407040398864238	0.0036569798636558815	0.00365586178720928	0.003656206466124171	-0.04801046819952541
0.0019067807048209777	0.0038135614096419545	-0.0019067807048209773	-0.0019067807048209777	-0.0019067807048209777	0.0019067807048209777	0.0038135614096419536	-0.0019067807048209768	-0.0019067807048209768	-0.0019067807048209775	0.0019275603199908654	0.003805698567725138	0.9980803025219263	-0.0019067811663171744	-0.0019067802433247816	0.0007702797522799684
0.0028601808951181336	0.005720361790236267	-0.002860180895118133	-0.0028601808951181336	-0.002860180895118133	0.0028601808951181336	0.005720361790236267	-0.0028601808951181328	-0.0028601808951181336	-0.002860180895118134	0.002871143910137811	0.005709396182954397	-0.002860178302855945	0.997136455141634	-0.002856816931869991	0.0011705892840001813
0.005720342161242498	0.011440684322484995	-0.005720342161242497	-0.005720342161242498	-0.0057203421612424974	0.005720342161242499	0.011440684322484997	-0.0057203421612424974	-0.005720342161242499	-0.0057203421612425	0.005742268157109805	0.011418753142101128	-0.005720336976725937	-0.005713616769835144	0.9942729324473506	0.0023411699161399215
-0.002852394354677822	-0.005704788709355643	0.0028523943546778217	0.002852394354677822	0.0028523943546778217	-0.0028523943546778226	-0.005704788709355643	0.0028523943546778217	0.002852394354677822	0.0028523943546778226	-0.13908319969604388	0.13056272488993145	0.0028156860967567397	0.0028585933340658947	0.0028461953752897517	0.8559527793247914