0.9989743261475297	-0.0020513477049407557	0.0010256738524703774	0.0010256738524703777	0.0010256738524703772	-0.0010256738524703774	-0.0020513477049407553	0.0010256738524703774	0.0010256738524703779	0.0010256738524703774	-0.0010298777935268022	-0.0020471427893577285	0.0010256728779437748	0.0010256741065708503	0.0010256735983699063	-0.0004159775260374746
-0.0041026954098815115	0.9917946091802368	0.00410269540988151	0.0041026954098815115	0.004102695409881509	-0.00410269540988151	-0.008205390819763021	0.004102695409881511	0.004102695409881512	0.004102695409881511	-0.00411951117410721	-0.008188571157430916	0.004102691511775098	0.004102696426283398	0.0041026943934796235	-0.0016639101041498981
0.002051347704940754	0.004102695409881508	0.9979486522950587	-0.0020513477049407553	-0.0020513477049407544	0.002051347704940755	0.004102695409881511	-0.0020513477049407553	-0.0020513477049407557	-0.002051347704940755	0.0020597555870536053	0.004094285578715458	-0.002051345755887549	-0.0020513482131416993	-0.0020513471967398135	0.000831955052074949
0.003077021557411134	0.006154043114822268	-0.0030770215574111334	0.996922978442589	-0.0030770215574111325	0.0030770215574111334	0.006154043114822266	-0.0030770215574111334	-0.0030770215574111343	-0.003077021557411134	0.003089633380580407	0.0061414283680731865	-0.003077018633831325	-0.003077022319712548	-0.003077020795109718	0.0012479325781124232
0.006154043114822265	0.01230808622964453	-0.006154043114822264	-0.006154043114822265	0.9938459568851773	0.006154043114822264	0.012308086229644527	-0.006154043114822265	-0.006154043114822268	-0.006154043114822267	0.006179266761160812	0.012282856736146375	-0.0061540372676626475	-0.006154044639425096	-0.006154041590219434	0.0024958651562248463
-0.001025673852470378	-0.002051347704940756	0.0010256738524703779	0.001025673852470378	0.0010256738524703779	0.9989743261475297	-0.002051347704940756	0.001025673852470378	0.0010256738524703785	0.0010256738524703779	-0.0010298777935268026	-0.0020471427893577294	0.0010256728779437748	0.0010256741065708503	0.001025673598369907	-0.0004159775260374747
-0.004102695409881509	-0.008205390819763018	0.004102695409881508	0.004102695409881509	0.004102695409881508	-0.004102695409881508	0.9917946091802364	0.004102695409881509	0.004102695409881511	0.004102695409881509	-0.004119511174107208	-0.00818857115743091	0.0041026915117750975	0.004102696426283398	0.0041026943934796235	-0.001663910104149898
0.002051347704940755	0.00410269540988151	-0.0020513477049407544	-0.002051347704940755	-0.0020513477049407544	0.0020513477049407544	0.004102695409881511	0.9979486522950589	-0.002051347704940756	-0.0020513477049407553	0.0020597555870536044	0.004094285578715459	-0.002051345755887549	-0.0020513482131416993	-0.002051347196739812	0.0008319550520749491
0.0030770215574111325	0.006154043114822265	-0.003077021557411132	-0.0030770215574111325	-0.003077021557411132	0.003077021557411133	0.006154043114822265	-0.0030770215574111325	0.9969229784425894	-0.003077021557411133	0.003089633380580406	0.0061414283680731865	-0.0030770186338313237	-0.0030770223197125477	-0.0030770207951097165	0.0012479325781124234
0.006154043114822267	0.012308086229644534	-0.006154043114822266	-0.006154043114822267	-0.006154043114822266	0.006154043114822268	0.012308086229644534	-0.006154043114822267	-0.006154043114822267	0.9938459568851781	0.006179266761160814	0.012282856736146378	-0.006154037267662651	-0.006154044639425098	-0.006154041590219435	0.002495865156224847
-0.001024080966025583	-0.0020481619320511656	0.0010240809660255826	0.0010240809660255828	0.0010240809660255826	-0.0010240809660255828	-0.0020481619320511656	0.0010240809660255824	0.001024080966025583	0.0010240809660255828	0.9750315108301931	0.02188906187259759	0.0010312653651583779	0.0010239806960274814	0.0010241812360236846	-0.02556726163686829
-0.003922151448205518	-0.00784430289641104	0.003922151448205518	0.003922151448205519	0.003922151448205518	-0.00392215144820552	-0.007844302896411042	0.003922151448205519	0.003922151448205521	0.003922151448205519	0.051204242537667574	0.9370282683606961	0.003923186205225719	0.003921954928683373	0.003922347967727667	-0.05066338376510317
0.0020513476807187837	0.004102695361437569	-0.002051347680718784	-0.0020513476807187845	-0.0020513476807187837	0.002051347680718784	0.004102695361437569	-0.002051347680718784	-0.0020513476807187845	-0.002051347680718784	0.002074145813538266	0.004093518100357873	0.9979350314475414	-0.0020513482414566764	-0.0020513471199808918	0.000819119017615446
0.003077032926191978	0.006154065852383956	-0.0030770329261919772	-0.003077032926191978	-0.0030770329261919777	0.003077032926191978	0.006154065852383956	-0.0030770329261919777	-0.003077032926191978	-0.0030770329261919785	0.0030898931594993927	0.00614120263198841	-0.0030770299391038444	0.9969193481733072	-0.0030734140256910357	0.0012445751980457898
0.006154043100223855	0.012308086200447708	-0.006154043100223853	-0.006154043100223854	-0.006154043100223853	0.006154043100223855	0.012308086200447708	-0.006154043100223854	-0.006154043100223855	-0.006154043100223857	0.006179763524078408	0.012282359802426457	-0.006154037126057143	-0.006146808398102689	0.9938387221976548	0.002489140436750386
-0.0030676087581035195	-0.006135217516207039	0.0030676087581035195	0.00306760875810352	0.0030676087581035195	-0.00306760875810352	-0.006135217516207039	0.00306760875810352	0.00306760875810352	0.00306760875810352	-0.1466401322649541	0.13747593480516732	0.0030289799435797545	0.0030742425997768493	0.00306097491643019	0.8478366302562039