0.998158564923985	-0.0036828701520314295	0.0018414350760157156	0.0018414350760157152	0.0018414350760157156	-0.0018414350760157158	-0.00368287015203143	0.0018414350760157154	0.0018414350760157152	0.0018414350760157158	-0.0018539970013797462	-0.003670306217107532	0.0018414330664558469	0.0018414363241403737	0.0018414338278910567	-0.0006617277978128445
-0.00736574030406286	0.9852685193918741	0.0073657403040628625	0.007365740304062861	0.0073657403040628625	-0.0073657403040628625	-0.01473148060812572	0.007365740304062861	0.007365740304062861	0.007365740304062862	-0.007415988005518983	-0.014681224868430126	0.007365732265823387	0.007365745296561495	0.007365735311564228	-0.002646911191251377
0.0036828701520314313	0.00736574030406286	0.9963171298479687	-0.003682870152031431	-0.0036828701520314317	0.0036828701520314317	0.007365740304062862	-0.003682870152031431	-0.0036828701520314304	-0.0036828701520314313	0.003707994002759492	0.007340612434215065	-0.0036828661329116937	-0.003682872648280748	-0.0036828676557821138	0.0013234555956256886
0.005524305228047146	0.01104861045609429	-0.005524305228047146	0.9944756947719527	-0.005524305228047146	0.005524305228047147	0.011048610456094293	-0.005524305228047146	-0.005524305228047146	-0.0055243052280471465	0.005561991004139238	0.011010918651322596	-0.005524299199367543	-0.005524308972421121	-0.005524301483673168	0.0019851833934385332
0.011048610456094293	0.02209722091218858	-0.011048610456094291	-0.011048610456094293	0.9889513895439058	0.011048610456094296	0.02209722091218859	-0.011048610456094295	-0.011048610456094295	-0.011048610456094295	0.011123982008278473	0.022021837302645186	-0.01104859839873508	-0.011048617944842245	-0.011048602967346336	0.0039703667868770665
-0.0018414350760157152	-0.0036828701520314295	0.0018414350760157152	0.0018414350760157154	0.0018414350760157154	0.9981585649239847	-0.0036828701520314304	0.0018414350760157156	0.0018414350760157154	0.001841435076015716	-0.0018539970013797464	-0.0036703062171075324	0.0018414330664558469	0.001841436324140374	0.0018414338278910567	-0.0006617277978128446
-0.007365740304062861	-0.014731480608125716	0.007365740304062861	0.007365740304062861	0.007365740304062861	-0.007365740304062862	0.9852685193918742	0.0073657403040628625	0.007365740304062862	0.007365740304062863	-0.007415988005518986	-0.01468122486843013	0.007365732265823388	0.007365745296561497	0.0073657353115642275	-0.002646911191251378
0.003682870152031431	0.00736574030406286	-0.003682870152031431	-0.0036828701520314313	-0.0036828701520314313	0.0036828701520314313	0.007365740304062861	0.9963171298479687	-0.003682870152031431	-0.0036828701520314317	0.0037079940027594923	0.007340612434215066	-0.0036828661329116946	-0.003682872648280748	-0.003682867655782114	0.001323455595625689
0.005524305228047145	0.011048610456094286	-0.005524305228047145	-0.005524305228047145	-0.005524305228047145	0.0055243052280471465	0.011048610456094291	-0.0055243052280471465	0.9944756947719529	-0.005524305228047147	0.005561991004139238	0.011010918651322595	-0.005524299199367542	-0.005524308972421122	-0.005524301483673169	0.001985183393438534
0.01104861045609429	0.022097220912188575	-0.01104861045609429	-0.011048610456094291	-0.011048610456094291	0.011048610456094293	0.022097220912188586	-0.011048610456094293	-0.011048610456094291	0.9889513895439058	0.011123982008278473	0.02202183730264519	-0.011048598398735083	-0.011048617944842241	-0.011048602967346336	0.003970366786877067
-0.0018344522495973273	-0.003668904499194653	0.0018344522495973268	0.0018344522495973268	0.0018344522495973273	-0.0018344522495973268	-0.0036689044991946537	0.001834452249597327	0.0018344522495973264	0.0018344522495973273	0.9625164937388462	0.03196946894972819	0.0018451328122307943	0.0018341697290592386	0.0018347347701354148	-0.038724598407921744
-0.006833542210081678	-0.013667084420163352	0.0068335422100816775	0.0068335422100816775	0.006833542210081678	-0.0068335422100816775	-0.013667084420163355	0.006833542210081679	0.006833542210081677	0.006833542210081678	0.07895675539256473	0.9005408696437882	0.006835290543483446	0.006832993712072785	0.00683409070809057	-0.07610653957295664
0.0036828700497371944	0.007365740099474386	-0.0036828700497371935	-0.0036828700497371935	-0.003682870049737194	0.003682870049737194	0.007365740099474387	-0.0036828700497371935	-0.003682870049737193	-0.003682870049737194	0.003729509575813492	0.007339218255431817	0.9962970122682286	-0.0036828726901482842	-0.0036828674093261054	0.0013047086673925292
0.0055243424737137364	0.011048684947427473	-0.0055243424737137364	-0.005524342473713736	-0.005524342473713737	0.005524342473713737	0.011048684947427476	-0.005524342473713738	-0.005524342473713737	-0.005524342473713738	0.005562680454333281	0.011010340779061881	-0.005524336285967686	0.9944691628024044	-0.0055178477498315755	0.001979380039684027
0.011048610353308593	0.022097220706617182	-0.011048610353308593	-0.011048610353308593	-0.011048610353308593	0.011048610353308595	0.022097220706617186	-0.011048610353308595	-0.011048610353308593	-0.011048610353308595	0.011125286114496893	0.022020532569961483	-0.011048597977841175	-0.011035636038498312	0.9889384153318813	0.003958729602249503
-0.005482827685378661	-0.010965655370757322	0.005482827685378661	0.005482827685378661	0.00548282768537866	-0.005482827685378661	-0.010965655370757322	0.00548282768537866	0.005482827685378662	0.005482827685378662	-0.21921910215581572	0.2028272614595042	0.005426185325554143	0.0054941106109679064	0.005471544759789421	0.7696241277826387