0.9989436028146181	-0.002112794370764374	0.001056397185382187	0.0010563971853821865	0.0010563971853821867	-0.001056397185382187	-0.002112794370764374	0.0010563971853821867	0.0010563971853821863	0.0010563971853821867	-0.0010608770213482994	-0.0021083135047069825	0.0010563961552909075	0.001056397461000802	0.0010563969097635716	-0.0004263322290215284
-0.004225588741528746	0.9915488225169423	0.004225588741528747	0.004225588741528745	0.004225588741528745	-0.004225588741528746	-0.008451177483057492	0.004225588741528746	0.004225588741528745	0.004225588741528745	-0.004243508085393199	-0.00843325401882793	0.00422558462116363	0.004225589844003203	0.0042255876390542855	-0.0017053289160861135
0.0021127943707643752	0.00422558874152875	0.9978872056292358	-0.0021127943707643726	-0.0021127943707643735	0.0021127943707643735	0.004225588741528748	-0.0021127943707643735	-0.0021127943707643726	-0.0021127943707643735	0.002121754042696598	0.004216627009413967	-0.002112792310581815	-0.0021127949220016025	-0.0021127938195271427	0.0008526644580430565
0.0031691915561465602	0.00633838311229312	-0.0031691915561465594	0.9968308084438532	-0.00316919155614656	0.0031691915561465594	0.0063383831122931205	-0.0031691915561465594	-0.003169191556146559	-0.0031691915561465594	0.003182631064044898	0.0063249405141209475	-0.003169188465872724	-0.0031691923830024045	-0.003169190729290715	0.0012789966870645848
0.0063383831122931205	0.012676766224586241	-0.006338383112293119	-0.00633838311229312	0.9936616168877072	0.0063383831122931205	0.012676766224586244	-0.00633838311229312	-0.00633838311229312	-0.0063383831122931205	0.0063652621280898	0.012649881028241898	-0.006338376931745449	-0.006338384766004811	-0.006338381458581432	0.0025579933741291705
-0.0010563971853821874	-0.002112794370764374	0.001056397185382187	0.0010563971853821867	0.001056397185382187	0.9989436028146177	-0.002112794370764374	0.001056397185382187	0.0010563971853821867	0.0010563971853821867	-0.0010608770213482992	-0.002108313504706982	0.0010563961552909075	0.0010563974610008017	0.0010563969097635716	-0.0004263322290215284
-0.004225588741528752	-0.008451177483057503	0.004225588741528751	0.0042255887415287505	0.004225588741528751	-0.0042255887415287505	0.9915488225169428	0.004225588741528748	0.004225588741528747	0.004225588741528749	-0.004243508085393198	-0.008433254018827932	0.004225584621163631	0.004225589844003208	0.004225587639054288	-0.0017053289160861137
0.0021127943707643735	0.004225588741528746	-0.002112794370764373	-0.0021127943707643726	-0.002112794370764373	0.0021127943707643726	0.004225588741528746	0.9978872056292358	-0.002112794370764372	-0.0021127943707643726	0.0021217540426965976	0.004216627009413965	-0.002112792310581815	-0.002112794922001603	-0.0021127938195271423	0.0008526644580430565
0.0031691915561465602	0.0063383831122931205	-0.0031691915561465594	-0.00316919155614656	-0.0031691915561465607	0.0031691915561465594	0.0063383831122931205	-0.003169191556146559	0.9968308084438534	-0.0031691915561465602	0.0031826310640448983	0.006324940514120949	-0.003169188465872724	-0.0031691923830024058	-0.003169190729290715	0.0012789966870645848
0.006338383112293121	0.012676766224586243	-0.00633838311229312	-0.0063383831122931205	-0.006338383112293122	0.00633838311229312	0.012676766224586243	-0.006338383112293118	-0.00633838311229312	0.9936616168877073	0.0063652621280897975	0.012649881028241898	-0.006338376931745448	-0.006338384766004812	-0.006338381458581431	0.002557993374129169
-0.0010546778444028245	-0.002109355688805649	0.0010546778444028245	0.0010546778444028243	0.0010546778444028247	-0.0010546778444028245	-0.002109355688805649	0.0010546778444028239	0.001054677844402824	0.0010546778444028243	0.9744928681246959	0.02233575485254792	0.0010620213339505905	0.001054572088071523	0.001054783600734124	-0.026134757974583513
-0.004034841467817615	-0.008069682935635229	0.004034841467817614	0.004034841467817614	0.004034841467817615	-0.004034841467817614	-0.00806968293563523	0.004034841467817613	0.004034841467817614	0.0040348414678176145	0.052402495225093604	0.9354919085891876	0.00403591325008341	0.004034634286979096	0.004035048648656128	-0.05176520160380834
0.0021127943443017194	0.004225588688603437	-0.0021127943443017185	-0.002112794344301718	-0.002112794344301719	0.0021127943443017185	0.004225588688603438	-0.0021127943443017176	-0.0021127943443017176	-0.002112794344301718	0.002136464606016815	0.004215830763273579	0.9978732933193131	-0.002112794950884367	-0.0021127937377190664	0.0008395661800279074
0.0031692036235385023	0.006338407247077003	-0.0031692036235385014	-0.0031692036235385014	-0.0031692036235385023	0.0031692036235385014	0.0063384072470770055	-0.0031692036235385006	-0.003169203623538502	-0.0031692036235385014	0.0031829041740732158	0.006324703539660177	-0.0031692004666563933	0.9968270691222976	-0.0031654763693739303	0.0012755444091020161
0.006338383096131476	0.012676766192262953	-0.0063383830961314756	-0.006338383096131476	-0.006338383096131477	0.0063383830961314756	0.012676766192262955	-0.006338383096131474	-0.006338383096131476	-0.006338383096131476	0.00636578415045629	0.012649358824184246	-0.006338376782377589	-0.00633093194785518	0.9936541657555918	0.002551078276989001
-0.0031590280849376168	-0.0063180561698752335	0.0031590280849376155	0.003159028084937616	0.0031590280849376168	-0.0031590280849376155	-0.0063180561698752335	0.0031590280849376155	0.0031590280849376163	0.0031590280849376168	-0.1497772586419725	0.1403395979825886	0.0031196044895085927	0.003165845519114938	0.003152210650760294	0.8444624873563455