0.9992290856452558	-0.0015418287094869833	0.0007709143547434919	0.0007709143547434917	0.0007709143547434916	-0.0007709143547434918	-0.001541828709486983	0.0007709143547434917	0.0007709143547434915	0.0007709143547434915	-0.0007731136391877357	-0.0015396288846897107	0.0007709138143904647	0.0007709144697857558	0.0007709142397012264	-0.00032632911674231453
-0.0030836574189739663	0.9938326851620521	0.0030836574189739676	0.0030836574189739667	0.0030836574189739663	-0.0030836574189739667	-0.006167314837947932	0.0030836574189739667	0.003083657418973966	0.0030836574189739654	-0.003092454556750943	-0.006158515538758843	0.0030836552575618597	0.003083657879143024	0.0030836569588049063	-0.0013053164669692581
0.0015418287094869827	0.003083657418973966	0.9984581712905133	-0.001541828709486983	-0.0015418287094869825	0.0015418287094869827	0.0030836574189739645	-0.0015418287094869827	-0.0015418287094869825	-0.0015418287094869823	0.0015462272783754718	0.003079257769379422	-0.0015418276287809294	-0.001541828939571512	-0.0015418284794024534	0.0006526582334846292
0.002312743064230474	0.004625486128460947	-0.002312743064230474	0.9976872569357698	-0.0023127430642304733	0.0023127430642304746	0.004625486128460947	-0.0023127430642304737	-0.0023127430642304737	-0.0023127430642304733	0.002319340917563207	0.004618886654069135	-0.0023127414431713938	-0.002312743409357268	-0.0023127427191036785	0.0009789873502269429
0.0046254861284609474	0.009250972256921891	-0.0046254861284609474	-0.004625486128460946	0.995374513871539	0.004625486128460951	0.009250972256921895	-0.004625486128460949	-0.004625486128460948	-0.004625486128460947	0.0046386818351264155	0.00923777330813827	-0.0046254828863427876	-0.004625486818714538	-0.004625485438207357	0.0019579747004538866
-0.0007709143547434917	-0.0015418287094869836	0.0007709143547434919	0.0007709143547434918	0.0007709143547434918	0.9992290856452565	-0.0015418287094869827	0.0007709143547434915	0.0007709143547434913	0.0007709143547434912	-0.0007731136391877359	-0.0015396288846897114	0.0007709138143904648	0.000770914469785756	0.0007709142397012267	-0.00032632911674231453
-0.0030836574189739663	-0.006167314837947933	0.003083657418973967	0.0030836574189739667	0.0030836574189739667	-0.0030836574189739663	0.9938326851620519	0.0030836574189739663	0.003083657418973966	0.003083657418973966	-0.003092454556750944	-0.006158515538758846	0.00308365525756186	0.003083657879143024	0.003083656958804907	-0.0013053164669692583
0.0015418287094869823	0.003083657418973965	-0.0015418287094869827	-0.0015418287094869825	-0.0015418287094869825	0.0015418287094869823	0.0030836574189739645	0.9984581712905128	-0.0015418287094869823	-0.001541828709486982	0.0015462272783754714	0.003079257769379422	-0.001541827628780929	-0.0015418289395715116	-0.001541828479402453	0.0006526582334846291
0.0023127430642304755	0.004625486128460949	-0.0023127430642304755	-0.0023127430642304746	-0.0023127430642304746	0.0023127430642304746	0.004625486128460948	-0.0023127430642304746	0.9976872569357693	-0.002312743064230474	0.0023193409175632077	0.004618886654069135	-0.0023127414431713938	-0.002312743409357269	-0.00231274271910368	0.000978987350226943
0.004625486128460949	0.009250972256921895	-0.004625486128460949	-0.0046254861284609474	-0.0046254861284609474	0.0046254861284609474	0.009250972256921893	-0.0046254861284609474	-0.0046254861284609474	0.9953745138715387	0.0046386818351264155	0.009237773308138271	-0.0046254828863427876	-0.004625486818714536	-0.00462548543820736	0.001957974700453886
-0.0007701617028548598	-0.0015403234057097196	0.00077016170285486	0.0007701617028548597	0.0007701617028548598	-0.0007701617028548597	-0.0015403234057097194	0.0007701617028548597	0.0007701617028548595	0.0007701617028548594	0.9798093342510398	0.0178744162493076	0.00077592609394318	0.0007701021353146332	0.0007702212703950862	-0.0205492963909236
-0.0029779100891897006	-0.005955820178379401	0.002977910089189701	0.0029779100891897	0.0029779100891897006	-0.0029779100891897	-0.0059558201783794	0.0029779100891897006	0.0029779100891896997	0.0029779100891896997	0.04067265111828642	0.9503929055524296	0.0029786231509041543	0.002977792879056073	0.0029780272993233247	-0.0408885651662031
0.0015418286996782885	0.0030836573993565774	-0.0015418286996782887	-0.0015418286996782883	-0.0015418286996782885	0.0015418286996782885	0.0030836573993565765	-0.0015418286996782887	-0.0015418286996782883	-0.001541828699678288	0.0015577647552628307	0.003078735033066218	0.998447157611027	-0.0015418289613068725	-0.001541828438049704	0.000642178808348356
0.002312749454621593	0.004625498909243186	-0.002312749454621594	-0.002312749454621593	-0.002312749454621593	0.0023127494546215936	0.004625498909243186	-0.002312749454621593	-0.002312749454621593	-0.002312749454621593	0.0023195000106267234	0.004618746692479844	-0.0023127477938633782	0.997684530225218	-0.0023100291344618534	0.0009764268614114158
0.004625486123098882	0.009250972246197763	-0.004625486123098882	-0.004625486123098882	-0.004625486123098882	0.004625486123098882	0.009250972246197763	-0.004625486123098882	-0.004625486123098882	-0.004625486123098882	0.004638987217749995	0.009237467830034393	-0.004625482801586626	-0.004620046891660299	0.9953690746454623	0.00195284798217114
-0.0023083123639386104	-0.00461662472787722	0.002308312363938611	0.0023083123639386104	0.0023083123639386104	-0.0023083123639386104	-0.004616624727877221	0.0023083123639386104	0.00230831236393861	0.0023083123639386104	-0.11875897120346672	0.11186553563500613	0.0022768108405833544	0.0023133945339172857	0.002303230193959934	0.8776774015790284