0.9995017987238993	-0.000996402552201814	0.0004982012761009069	0.0004982012761009068	0.0004982012761009069	-0.0004982012761009068	-0.000996402552201814	0.0004982012761009069	0.0004982012761009069	0.000498201276100907	-0.0004989471007196672	-0.0009956565351885386	0.0004982010837063915	0.0004982013096566054	0.0004982012425452084	-0.00022190666152037037
-0.001992805104403626	0.996014389791193	0.0019928051044036275	0.0019928051044036266	0.001992805104403627	-0.0019928051044036266	-0.003985610208807255	0.0019928051044036266	0.0019928051044036266	0.0019928051044036266	-0.0019957884028786676	-0.0039826261407541535	0.001992804334825566	0.0019928052386264214	0.0019928049701808327	-0.0008876266460814814
0.0009964025522018133	0.001992805104403627	0.9990035974477982	-0.0009964025522018135	-0.000996402552201814	0.0009964025522018135	0.001992805104403628	-0.0009964025522018135	-0.0009964025522018135	-0.000996402552201814	0.0009978942014393338	0.0019913130703770776	-0.0009964021674127833	-0.0009964026193132107	-0.0009964024850904166	0.00044381332304074085
0.0014946038283027198	0.0029892076566054395	-0.0014946038283027198	0.998505396171697	-0.0014946038283027198	0.0014946038283027195	0.0029892076566054387	-0.0014946038283027193	-0.0014946038283027195	-0.00149460382830272	0.0014968413021590004	0.002986969605565616	-0.0014946032511191749	-0.0014946039289698153	-0.0014946037276356253	0.0006657199845611111
0.00298920765660544	0.00597841531321088	-0.00298920765660544	-0.002989207656605439	0.9970107923433948	0.00298920765660544	0.005978415313210879	-0.0029892076566054395	-0.0029892076566054395	-0.00298920765660544	0.002993682604318001	0.005973939211131231	-0.002989206502238351	-0.00298920785793963	-0.0029892074552712498	0.0013314399691222226
-0.0004982012761009069	-0.0009964025522018138	0.0004982012761009069	0.0004982012761009068	0.0004982012761009069	0.999501798723899	-0.0009964025522018138	0.0004982012761009068	0.0004982012761009068	0.0004982012761009069	-0.000498947100719667	-0.0009956565351885386	0.0004982010837063916	0.0004982013096566054	0.0004982012425452084	-0.00022190666152037042
-0.001992805104403627	-0.003985610208807254	0.001992805104403627	0.0019928051044036266	0.0019928051044036275	-0.0019928051044036266	0.9960143897911929	0.001992805104403627	0.001992805104403627	0.0019928051044036275	-0.001995788402878668	-0.003982626140754154	0.001992804334825567	0.0019928052386264214	0.001992804970180833	-0.0008876266460814815
0.0009964025522018138	0.0019928051044036275	-0.0009964025522018135	-0.0009964025522018135	-0.0009964025522018138	0.0009964025522018135	0.0019928051044036275	0.9990035974477981	-0.0009964025522018138	-0.0009964025522018138	0.0009978942014393336	0.0019913130703770776	-0.0009964021674127835	-0.0009964026193132107	-0.0009964024850904166	0.0004438133230407408
0.0014946038283027198	0.0029892076566054395	-0.0014946038283027198	-0.0014946038283027193	-0.0014946038283027198	0.0014946038283027195	0.0029892076566054395	-0.00149460382830272	0.9985053961716971	-0.0014946038283027202	0.0014968413021590004	0.0029869696055656162	-0.0014946032511191753	-0.0014946039289698157	-0.0014946037276356253	0.0006657199845611112
0.0029892076566054395	0.005978415313210879	-0.0029892076566054395	-0.0029892076566054387	-0.0029892076566054395	0.002989207656605439	0.005978415313210879	-0.00298920765660544	-0.0029892076566054395	0.997010792343395	0.0029936826043180007	0.00597393921113123	-0.00298920650223835	-0.0029892078579396293	-0.00298920745527125	0.0013314399691222217
-0.0004979700550870303	-0.0009959401101740607	0.0004979700550870303	0.0004979700550870302	0.0004979700550870303	-0.0004979700550870303	-0.000995940110174061	0.0004979700550870303	0.0004979700550870303	0.0004979700550870302	0.9857173828815163	0.012784690158032392	0.0005019868502772066	0.0004979436503716034	0.0004979964598024575	-0.014409260647059855
-0.001946640842977627	-0.0038932816859552546	0.0019466408429776273	0.0019466408429776269	0.0019466408429776273	-0.0019466408429776269	-0.003893281685955255	0.0019466408429776275	0.001946640842977627	0.001946640842977627	0.028033628559708042	0.9661260790823623	0.0019470106719746238	0.0019465886311554547	0.0019466930547997999	-0.028829944176076195
0.0009964025500178786	0.0019928051000357577	-0.0009964025500178786	-0.0009964025500178782	-0.0009964025500178786	0.0009964025500178786	0.0019928051000357573	-0.0009964025500178784	-0.0009964025500178782	-0.0009964025500178784	0.0010059301486374534	0.0019910445961972903	0.9989958303552013	-0.000996402631294782	-0.000996402468740975	0.0004363192992707063
0.00149460648289212	0.00298921296578424	-0.0014946064828921203	-0.0014946064828921196	-0.0014946064828921203	0.00149460648289212	0.0029892129657842405	-0.00149460648289212	-0.0014946064828921198	-0.00149460648289212	0.0014969147598538576	0.002986904092871064	-0.0014946058869406804	0.9985036353051615	-0.001492848270945812	0.0006640352548332227
0.002989207655506842	0.005978415311013684	-0.002989207655506842	-0.002989207655506841	-0.0029892076555068426	0.002989207655506842	0.005978415311013685	-0.0029892076555068426	-0.002989207655506841	-0.002989207655506842	0.0029938242054859043	0.0059737975691327464	-0.0029892064636049677	-0.0029856916462904634	0.997007276335277	0.0013280680503981528
-0.001493254013817823	-0.002986508027635646	0.0014932540138178233	0.0014932540138178228	0.0014932540138178233	-0.001493254013817823	-0.002986508027635647	0.0014932540138178235	0.0014932540138178233	0.0014932540138178237	-0.0841524741286317	0.07969521608535786	0.001470750015638176	0.0014966116949863518	0.001489896332649295	0.914206438693724