0.9995108270914187	-0.000978345817162259	0.0004891729085811296	0.0004891729085811297	0.0004891729085811297	-0.0004891729085811296	-0.0009783458171622591	0.0004891729085811298	0.0004891729085811297	0.0004891729085811298	-0.0004898843609956799	-0.0009776341809561526	0.0004891727247895727	0.0004891729404328544	0.0004891728767294052	-0.0002182781645089929
-0.0019566916343245174	0.9960866167313507	0.0019566916343245187	0.0019566916343245187	0.0019566916343245187	-0.001956691634324518	-0.0039133832686490365	0.001956691634324519	0.0019566916343245187	0.001956691634324519	-0.00195953744398272	-0.0039105367238246105	0.0019566908991582913	0.0019566917617314175	0.00195669150691762	-0.0008731126580359717
0.0009783458171622593	0.0019566916343245187	0.9990216541828377	-0.0009783458171622596	-0.0009783458171622593	0.0009783458171622591	0.0019566916343245182	-0.0009783458171622596	-0.0009783458171622596	-0.0009783458171622598	0.0009797687219913597	0.0019552683619123053	-0.0009783454495791459	-0.0009783458808657088	-0.0009783457534588101	0.000436556329017986
0.001467518725743389	0.002935037451486778	-0.0014675187257433891	0.9985324812742569	-0.0014675187257433891	0.001467518725743389	0.0029350374514867782	-0.0014675187257433896	-0.0014675187257433898	-0.0014675187257433896	0.0014696530829870391	0.0029329025428684583	-0.001467518174368719	-0.001467518821298564	-0.0014675186301882149	0.0006548344935269792
0.0029350374514867795	0.005870074902973559	-0.00293503745148678	-0.0029350374514867795	0.9970649625485132	0.002935037451486779	0.005870074902973559	-0.0029350374514867795	-0.0029350374514867804	-0.0029350374514867795	0.002939306165974079	0.005865805085736918	-0.002935036348737439	-0.0029350376425971276	-0.0029350372603764298	0.0013096689870539587
-0.0004891729085811297	-0.0009783458171622593	0.0004891729085811299	0.0004891729085811298	0.0004891729085811297	0.9995108270914189	-0.0009783458171622591	0.0004891729085811298	0.0004891729085811298	0.0004891729085811299	-0.0004898843609956799	-0.0009776341809561526	0.0004891727247895728	0.0004891729404328544	0.0004891728767294052	-0.00021827816450899296
-0.0019566916343245182	-0.0039133832686490365	0.0019566916343245195	0.0019566916343245187	0.0019566916343245187	-0.0019566916343245182	0.9960866167313509	0.001956691634324519	0.0019566916343245187	0.001956691634324519	-0.0019595374439827194	-0.0039105367238246105	0.0019566908991582913	0.0019566917617314166	0.00195669150691762	-0.0008731126580359718
0.0009783458171622596	0.001956691634324519	-0.00097834581716226	-0.0009783458171622598	-0.0009783458171622598	0.0009783458171622596	0.001956691634324519	0.9990216541828378	-0.0009783458171622598	-0.00097834581716226	0.0009797687219913597	0.0019552683619123057	-0.000978345449579146	-0.000978345880865709	-0.0009783457534588104	0.0004365563290179861
0.0014675187257433891	0.0029350374514867782	-0.0014675187257433896	-0.0014675187257433891	-0.0014675187257433896	0.0014675187257433896	0.0029350374514867782	-0.0014675187257433891	0.9985324812742569	-0.0014675187257433898	0.0014696530829870394	0.0029329025428684583	-0.0014675181743687192	-0.0014675188212985638	-0.0014675186301882147	0.0006548344935269792
0.0029350374514867787	0.005870074902973557	-0.002935037451486779	-0.0029350374514867787	-0.002935037451486779	0.002935037451486779	0.005870074902973557	-0.0029350374514867787	-0.002935037451486779	0.9970649625485133	0.0029393061659740783	0.005865805085736917	-0.0029350363487374393	-0.0029350376425971276	-0.0029350372603764293	0.001309668987053958
-0.0004889530114766462	-0.0009779060229532924	0.0004889530114766464	0.0004889530114766463	0.0004889530114766463	-0.0004889530114766462	-0.0009779060229532927	0.0004889530114766464	0.0004889530114766463	0.0004889530114766463	0.9859307589812712	0.012598427656622916	0.0004929073391524846	0.0004889275019073202	0.0004889785210459723	-0.014189250693195717
-0.0019121150665715088	-0.003824230133143017	0.0019121150665715092	0.0019121150665715088	0.0019121150665715088	-0.0019121150665715088	-0.0038242301331430175	0.0019121150665715092	0.001912115066571509	0.001912115066571509	0.027587332066503573	0.9666759635798092	0.0019124742205440407	0.0019120646159318782	0.0019121655172111404	-0.02839554582408816
0.0009783458151162133	0.001956691630232426	-0.0009783458151162135	-0.0009783458151162133	-0.0009783458151162133	0.0009783458151162133	0.0019566916302324266	-0.0009783458151162137	-0.0009783458151162133	-0.0009783458151162135	0.000987679611531086	0.0019550077140430195	0.9990140043046584	-0.000978345892511277	-0.0009783457377211496	0.0004291715003654659
0.0014675212845379198	0.0029350425690758395	-0.00146752128453792	-0.0014675212845379198	-0.0014675212845379198	0.0014675212845379195	0.002935042569075839	-0.0014675212845379198	-0.00146752128453792	-0.0014675212845379195	0.0014697241580722757	0.002932839125992832	-0.0014675207149892665	0.9985307523584392	-0.0014657949275151535	0.0006531792224017742
0.0029350374504600223	0.005870074900920045	-0.002935037450460023	-0.002935037450460023	-0.0029350374504600227	0.0029350374504600223	0.005870074900920045	-0.0029350374504600227	-0.002935037450460023	-0.0029350374504600223	0.0029394431938292503	0.0058656680184544525	-0.0029350363113636612	-0.0029315851302172077	0.9970615102292975	0.0013063560716518967
-0.0014662355755779754	-0.002932471151155951	0.0014662355755779757	0.001466235575577975	0.001466235575577975	-0.0014662355755779748	-0.002932471151155949	0.0014662355755779748	0.001466235575577975	0.0014662355755779746	-0.08290010305531917	0.07852357175405128	0.0014440601501119568	0.0014695349335581312	0.0014629362175978182	0.9155156821466344