0.9989490247049971	-0.0021019505900050574	0.001050975295002529	0.001050975295002529	0.001050975295002529	-0.0010509752950025287	-0.0021019505900050583	0.0010509752950025287	0.001050975295002529	0.0010509752950025291	-0.0010554059857145683	-0.0020975188790222313	0.001050974274731742	0.0010509755667448676	0.0010509750232601893	-0.00042451168761199705
-0.004203901180010115	0.9915921976399796	0.0042039011800101165	0.0042039011800101165	0.0042039011800101165	-0.004203901180010115	-0.008407802360020233	0.004203901180010115	0.004203901180010115	0.004203901180010116	-0.004221623942858273	-0.008390075516088922	0.00420389709892697	0.00420390226697947	0.004203900093040759	-0.0016980467504479886
0.0021019505900050587	0.004203901180010118	0.9978980494099949	-0.002101950590005058	-0.0021019505900050583	0.002101950590005058	0.004203901180010117	-0.002101950590005058	-0.0021019505900050574	-0.0021019505900050587	0.0021108119714291374	0.004195037758044461	-0.0021019485494634836	-0.0021019511334897344	-0.0021019500465203796	0.0008490233752239942
0.0031529258850075863	0.0063058517700151735	-0.0031529258850075867	0.996847074114992	-0.003152925885007587	0.0031529258850075863	0.006305851770015174	-0.0031529258850075863	-0.0031529258850075867	-0.0031529258850075867	0.003166217957143705	0.006292556637066696	-0.0031529228241952267	-0.0031529267002346015	-0.0031529250697805698	0.001273535062835991
0.006305851770015172	0.012611703540030345	-0.006305851770015173	-0.006305851770015172	0.9936941482299849	0.006305851770015173	0.012611703540030347	-0.006305851770015172	-0.006305851770015173	-0.006305851770015172	0.0063324359142874105	0.01258511327413339	-0.0063058456483904525	-0.006305853400469204	-0.006305850139561139	0.0025470701256719813
-0.001050975295002529	-0.0021019505900050583	0.0010509752950025291	0.0010509752950025291	0.0010509752950025291	0.9989490247049971	-0.002101950590005059	0.001050975295002529	0.001050975295002529	0.0010509752950025293	-0.0010554059857145685	-0.0020975188790222318	0.001050974274731742	0.0010509755667448672	0.0010509750232601898	-0.00042451168761199705
-0.004203901180010116	-0.008407802360020231	0.004203901180010116	0.004203901180010116	0.004203901180010116	-0.004203901180010116	0.9915921976399802	0.0042039011800101165	0.004203901180010116	0.0042039011800101165	-0.004221623942858275	-0.008390075516088924	0.004203897098926969	0.0042039022669794705	0.004203900093040761	-0.0016980467504479882
0.002101950590005057	0.004203901180010115	-0.0021019505900050574	-0.0021019505900050574	-0.0021019505900050574	0.0021019505900050574	0.004203901180010115	0.9978980494099947	-0.002101950590005058	-0.0021019505900050583	0.002110811971429137	0.004195037758044462	-0.0021019485494634836	-0.0021019511334897344	-0.00210195004652038	0.0008490233752239939
0.0031529258850075867	0.006305851770015174	-0.003152925885007587	-0.0031529258850075867	-0.003152925885007587	0.003152925885007587	0.006305851770015174	-0.0031529258850075867	0.9968470741149918	-0.003152925885007586	0.003166217957143705	0.006292556637066694	-0.0031529228241952267	-0.003152926700234602	-0.003152925069780569	0.0012735350628359909
0.006305851770015173	0.012611703540030347	-0.0063058517700151735	-0.006305851770015173	-0.0063058517700151735	0.0063058517700151735	0.012611703540030347	-0.006305851770015173	-0.006305851770015172	0.993694148229985	0.006332435914287409	0.012585113274133392	-0.0063058456483904525	-0.006305853400469203	-0.006305850139561138	0.002547070125671982
-0.001049278675949006	-0.0020985573518980125	0.0010492786759490062	0.001049278675949006	0.001049278675949006	-0.0010492786759490058	-0.002098557351898012	0.0010492786759490058	0.0010492786759490058	0.0010492786759490058	0.9745874062915099	0.022257442087405828	0.0010565942691865221	0.0010491738964718738	0.001049383455426138	-0.026035139094748336
-0.004014972617025609	-0.008029945234051221	0.00401497261702561	0.004014972617025611	0.0040149726170256115	-0.004014972617025611	-0.008029945234051223	0.004014972617025611	0.004014972617025611	0.004014972617025611	0.05219207995770539	0.9357619369042803	0.004016037903962833	0.004014767334023828	0.004015177900027393	-0.05157183387665153
0.002101950563945406	0.004203901127890812	-0.002101950563945406	-0.0021019505639454064	-0.0021019505639454064	0.002101950563945405	0.004203901127890812	-0.002101950563945405	-0.0021019505639454056	-0.002101950563945406	0.0021254663503930864	0.004194246570002015	0.9978841882074956	-0.002101951162275769	-0.002101949965615039	0.0008359710726703099
0.0031529378275674557	0.006305875655134912	-0.003152937827567456	-0.0031529378275674557	-0.003152937827567456	0.0031529378275674566	0.006305875655134913	-0.0031529378275674566	-0.003152937827567456	-0.003152937827567456	0.003166488696901907	0.006292321658930186	-0.0031529347006971783	0.9968433540397379	-0.003149229694873456	0.0012700995141912775
0.006305851754137237	0.012611703508274476	-0.006305851754137238	-0.006305851754137238	-0.006305851754137239	0.006305851754137239	0.01261170350827448	-0.006305851754137238	-0.006305851754137238	-0.006305851754137238	0.006332953446779061	0.012584595561902287	-0.0063058455004068766	-0.006298438801759409	0.9936867352934846	0.002540188590981428
-0.0031428973100479365	-0.006285794620095875	0.003142897310047937	0.0031428973100479365	0.003142897310047937	-0.003142897310047937	-0.006285794620095874	0.0031428973100479365	0.003142897310047937	0.0031428973100479374	-0.14922674650380194	0.13983733880544985	0.0031036130782561492	0.0031496823978599347	0.0031361122222359388	0.8450547793624221