0.9995180497024883	-0.0009639005950238218	0.0004819502975119109	0.00048195029751191103	0.000481950297511911	-0.0004819502975119111	-0.0009639005950238221	0.00048195029751191103	0.0004819502975119111	0.0004819502975119111	-0.00048263489847883236	-0.0009632158169998556	0.0004819501204548659	0.00048195032804083953	0.00048195026698298274	-0.00021536677323997732
-0.0019278011900476441	0.9961443976199047	0.0019278011900476437	0.0019278011900476441	0.001927801190047644	-0.0019278011900476443	-0.0038556023800952874	0.0019278011900476441	0.0019278011900476441	0.0019278011900476441	-0.0019305395939153292	-0.0038528632679994228	0.0019278004818194638	0.0019278013121633577	0.0019278010679319307	-0.0008614670929599089
0.000963900595023822	0.001927801190047644	0.9990360994049757	-0.0009639005950238221	-0.0009639005950238218	0.0009639005950238221	0.0019278011900476437	-0.000963900595023822	-0.0009639005950238221	-0.000963900595023822	0.0009652697969576646	0.001926431633999711	-0.0009639002409097322	-0.0009639006560816792	-0.0009639005339659652	0.0004307335464799546
0.001445850892535733	0.002891701785071466	-0.0014458508925357329	0.9985541491074644	-0.0014458508925357333	0.0014458508925357335	0.0028917017850714675	-0.0014458508925357335	-0.0014458508925357337	-0.0014458508925357333	0.0014479046954364982	0.002889647450999566	-0.001445850361364598	-0.0014458509841225188	-0.0014458508009489474	0.000646100319719932
0.0028917017850714666	0.005783403570142933	-0.0028917017850714657	-0.002891701785071467	0.9971082982149283	0.0028917017850714666	0.005783403570142934	-0.002891701785071467	-0.0028917017850714675	-0.002891701785071467	0.0028958093908729955	0.005779294901999134	-0.0028917007227291965	-0.0028917019682450375	-0.0028917016018978952	0.001292200639439864
-0.00048195029751191114	-0.0009639005950238223	0.00048195029751191114	0.00048195029751191114	0.00048195029751191114	0.9995180497024884	-0.0009639005950238223	0.0004819502975119112	0.00048195029751191124	0.0004819502975119112	-0.0004826348984788325	-0.0009632158169998556	0.0004819501204548661	0.0004819503280408396	0.00048195026698298263	-0.00021536677323997732
-0.0019278011900476443	-0.0038556023800952882	0.0019278011900476441	0.0019278011900476441	0.0019278011900476441	-0.0019278011900476445	0.9961443976199048	0.0019278011900476441	0.0019278011900476445	0.0019278011900476443	-0.0019305395939153299	-0.003852863267999422	0.0019278004818194644	0.0019278013121633581	0.0019278010679319307	-0.0008614670929599092
0.000963900595023822	0.001927801190047644	-0.000963900595023822	-0.000963900595023822	-0.000963900595023822	0.0009639005950238221	0.001927801190047644	0.9990360994049761	-0.0009639005950238224	-0.0009639005950238223	0.0009652697969576649	0.001926431633999711	-0.0009639002409097323	-0.0009639006560816791	-0.0009639005339659652	0.00043073354647995453
0.001445850892535733	0.002891701785071466	-0.0014458508925357326	-0.0014458508925357333	-0.0014458508925357333	0.0014458508925357335	0.0028917017850714675	-0.0014458508925357333	0.9985541491074643	-0.0014458508925357333	0.0014479046954364977	0.002889647450999566	-0.001445850361364598	-0.0014458509841225185	-0.0014458508009489476	0.000646100319719932
0.0028917017850714657	0.0057834035701429315	-0.0028917017850714653	-0.002891701785071466	-0.002891701785071466	0.0028917017850714666	0.005783403570142934	-0.002891701785071466	-0.0028917017850714675	0.9971082982149285	0.0028958093908729955	0.005779294901999134	-0.002891700722729197	-0.002891701968245039	-0.0028917016018978957	0.0012922006394398644
-0.0004817392092767714	-0.0009634784185535427	0.0004817392092767713	0.00048173920927677144	0.0004817392092767714	-0.00048173920927677144	-0.0009634784185535427	0.00048173920927677133	0.00048173920927677144	0.00048173920927677144	0.9861023936389532	0.012448484609832404	0.00048564333266084837	0.0004817144059168064	0.00048176401263673663	-0.014012376582174833
-0.0018844763238746128	-0.0037689526477492257	0.0018844763238746126	0.0018844763238746128	0.0018844763238746128	-0.0018844763238746128	-0.0037689526477492252	0.0018844763238746128	0.001884476323874613	0.001884476323874613	0.02722890365253225	0.9671173167088332	0.0018848269908853688	0.001884427262999458	0.001884525384749768	-0.028046194044637814
0.0009639005930837038	0.0019278011861674077	-0.0009639005930837038	-0.0009639005930837038	-0.0009639005930837037	0.0009639005930837038	0.0019278011861674075	-0.0009639005930837037	-0.0009639005930837038	-0.0009639005930837038	0.0009730801829833851	0.001926177205147606	0.9990285437980364	-0.0009639006674590845	-0.0009639005187083231	0.00042343661823873225
0.0014458533759745765	0.002891706751949153	-0.0014458533759745768	-0.0014458533759745774	-0.0014458533759745772	0.0014458533759745774	0.0028917067519491552	-0.0014458533759745774	-0.0014458533759745776	-0.0014458533759745774	0.0014479738873152156	0.0028895856917333486	-0.0014458528270994092	0.9985524457508211	-0.0014441525027703327	0.0006444686387334994
0.0028917017840997274	0.005783403568199455	-0.002891701784099728	-0.0028917017840997287	-0.0028917017840997283	0.002891701784099729	0.005783403568199458	-0.0028917017840997287	-0.0028917017840997296	-0.002891701784099729	0.0028959428032698316	0.005779161451279915	-0.00289170068635029	-0.0028883004152851525	0.9971048968470861	0.0012889349721491084
-0.0014446195867652235	-0.002889239173530447	0.0014446195867652235	0.001444619586765224	0.0014446195867652237	-0.001444619586765224	-0.002889239173530448	0.0014446195867652237	0.0014446195867652242	0.0014446195867652242	-0.08189260435976006	0.07758065655160913	0.0014227086346204898	0.001447872226620888	0.0014413669469095602	0.9165682480012036