0.9993266250349511	-0.00134674993009793	0.0006733749650489651	0.0006733749650489652	0.0006733749650489652	-0.0006733749650489651	-0.0013467499300979303	0.0006733749650489651	0.0006733749650489651	0.0006733749650489652	-0.0006749641679525815	-0.0013451603293481351	0.0006733745672027871	0.0006733750437839668	0.000673374886313963	-0.00029007325539196204
-0.0026934998601958605	0.9946130002796081	0.0026934998601958605	0.002693499860195861	0.002693499860195861	-0.00269349986019586	-0.00538699972039172	0.0026934998601958605	0.0026934998601958605	0.002693499860195861	-0.0026998566718103257	-0.005380641317392542	0.002693498268811148	0.0026935001751358678	0.002693499545255851	-0.0011602930215678477
0.00134674993009793	0.00269349986019586	0.9986532500699019	-0.0013467499300979305	-0.0013467499300979303	0.0013467499300979303	0.0026934998601958605	-0.00134674993009793	-0.00134674993009793	-0.00134674993009793	0.0013499283359051635	0.0026903206586962702	-0.001346749134405574	-0.001346750087567934	-0.0013467497726279253	0.000580146510783924
0.0020201248951468936	0.004040249790293786	-0.002020124895146893	0.9979798751048536	-0.002020124895146893	0.0020201248951468944	0.004040249790293788	-0.002020124895146893	-0.002020124895146893	-0.002020124895146893	0.002024892503857745	0.004035480988044406	-0.0020201237016083604	-0.0020201251313519005	-0.0020201246589418875	0.000870219766175886
0.004040249790293789	0.008080499580587578	-0.004040249790293788	-0.004040249790293788	0.995959750209706	0.004040249790293789	0.008080499580587578	-0.004040249790293787	-0.004040249790293788	-0.004040249790293788	0.00404978500771549	0.00807096197608881	-0.004040247403216723	-0.004040250262703803	-0.0040402493178837776	0.001740439532351772
-0.0006733749650489649	-0.0013467499300979298	0.0006733749650489651	0.0006733749650489649	0.0006733749650489649	0.9993266250349513	-0.0013467499300979296	0.0006733749650489647	0.0006733749650489648	0.0006733749650489648	-0.0006749641679525818	-0.0013451603293481355	0.0006733745672027871	0.0006733750437839669	0.0006733748863139626	-0.0002900732553919622
-0.002693499860195861	-0.005386999720391722	0.0026934998601958614	0.002693499860195861	0.002693499860195861	-0.0026934998601958605	0.9946130002796086	0.00269349986019586	0.00269349986019586	0.0026934998601958605	-0.002699856671810327	-0.005380641317392542	0.002693498268811149	0.0026935001751358678	0.002693499545255851	-0.0011602930215678477
0.0013467499300979303	0.0026934998601958605	-0.0013467499300979305	-0.0013467499300979303	-0.0013467499300979303	0.00134674993009793	0.00269349986019586	0.9986532500699019	-0.00134674993009793	-0.00134674993009793	0.0013499283359051633	0.0026903206586962707	-0.0013467491344055745	-0.0013467500875679339	-0.0013467497726279256	0.0005801465107839242
0.0020201248951468944	0.004040249790293788	-0.002020124895146894	-0.002020124895146894	-0.0020201248951468936	0.0020201248951468944	0.00404024979029379	-0.0020201248951468936	0.9979798751048534	-0.002020124895146894	0.002024892503857745	0.004035480988044408	-0.002020123701608362	-0.002020125131351901	-0.002020124658941888	0.0008702197661758862
0.004040249790293789	0.008080499580587578	-0.004040249790293789	-0.004040249790293788	-0.004040249790293788	0.004040249790293789	0.00808049958058758	-0.004040249790293788	-0.004040249790293789	0.9959597502097063	0.00404978500771549	0.008070961976088814	-0.004040247403216725	-0.004040250262703803	-0.004040249317883777	0.0017404395323517717
-0.0006728507102132067	-0.0013457014204264134	0.0006728507102132068	0.0006728507102132067	0.0006728507102132067	-0.0006728507102132066	-0.0013457014204264132	0.0006728507102132066	0.0006728507102132066	0.0006728507102132066	0.9818128201604086	0.016163458933031203	0.0006780194861338045	0.0006728043179694172	0.0006728971024569955	-0.01845744003406559
-0.002611589416943323	-0.005223178833886646	0.0026115894169433233	0.0026115894169433224	0.0026115894169433224	-0.0026115894169433224	-0.005223178833886645	0.0026115894169433224	0.0026115894169433224	0.002611589416943322	0.03632984962522823	0.9558347946484336	0.002612176892451624	0.0026114979789185317	0.002611680854968114	-0.03679369429804886
0.0013467499238605674	0.002693499847721135	-0.0013467499238605676	-0.0013467499238605674	-0.0013467499238605672	0.001346749923860567	0.002693499847721134	-0.0013467499238605672	-0.0013467499238605672	-0.001346749923860567	0.0013602716446572867	0.002689891597100397	0.9986433366059636	-0.0013467501060069242	-0.0013467497417142102	0.0005706710026546467
0.0020201297614189677	0.004040259522837935	-0.0020201297614189672	-0.0020201297614189672	-0.0020201297614189672	0.0020201297614189677	0.004040259522837935	-0.0020201297614189672	-0.0020201297614189672	-0.0020201297614189672	0.0020250180957325377	0.0040353699633876704	-0.0020201285362822737	0.9979774940049841	-0.0020177535278220796	0.0008679695462982815
0.004040249786991733	0.008080499573983466	-0.004040249786991732	-0.004040249786991733	-0.004040249786991732	0.004040249786991732	0.008080499573983466	-0.004040249786991731	-0.004040249786991732	-0.004040249786991731	0.00405002644452719	0.00807072046617735	-0.004040247336721076	-0.004035498286364567	0.9959549987123808	0.001735934675093632
-0.0020170455563458816	-0.004034091112691763	0.0020170455563458816	0.002017045556345882	0.002017045556345881	-0.002017045556345882	-0.004034091112691764	0.0020170455563458816	0.002017045556345882	0.002017045556345882	-0.107039039834233	0.10101637563942945	0.001988573082111814	0.0020215189387694245	0.0020125721739223386	0.8901205181713772