0.9988948033395485	-0.002210393320904026	0.0011051966604520127	0.0011051966604520129	0.0011051966604520127	-0.0011051966604520124	-0.0022103933209040257	0.0011051966604520127	0.0011051966604520127	0.0011051966604520127	-0.0011101271882048489	-0.0022054616745904513	0.0011051955418912747	0.0011051969725042708	0.001105196348399755	-0.00044258829071124755
-0.0044207866418080515	0.9911584267163838	0.004420786641808051	0.004420786641808052	0.0044207866418080515	-0.004420786641808051	-0.008841573283616103	0.004420786641808051	0.004420786641808052	0.0044207866418080515	-0.004440508752819394	-0.0088218466983618	0.004420782167565098	0.004420787890017082	0.004420785393599022	-0.0017703531628449913
0.0022103933209040257	0.004420786641808052	0.9977896066790958	-0.0022103933209040253	-0.002210393320904025	0.0022103933209040244	0.004420786641808051	-0.002210393320904025	-0.0022103933209040253	-0.0022103933209040253	0.0022202543764096973	0.0044109233491809036	-0.002210391083782549	-0.002210393945008541	-0.0022103926967995107	0.0008851765814224955
0.003315589981356038	0.006631179962712077	-0.0033155899813560375	0.9966844100186442	-0.0033155899813560375	0.0033155899813560367	0.006631179962712076	-0.0033155899813560375	-0.003315589981356039	-0.0033155899813560384	0.003330381564614546	0.006616385023771349	-0.0033155866256738215	-0.0033155909175128125	-0.003315589045199265	0.0013277648721337432
0.006631179962712076	0.013262359925424154	-0.006631179962712074	-0.006631179962712077	0.9933688200372879	0.006631179962712073	0.01326235992542415	-0.006631179962712073	-0.006631179962712076	-0.006631179962712075	0.006660763129229093	0.013232770047542697	-0.006631173251347641	-0.006631181835025623	-0.00663117809039853	0.0026555297442674855
-0.0011051966604520122	-0.0022103933209040253	0.0011051966604520127	0.0011051966604520127	0.0011051966604520127	0.9988948033395475	-0.0022103933209040253	0.0011051966604520129	0.0011051966604520129	0.001105196660452013	-0.0011101271882048482	-0.0022054616745904505	0.001105195541891274	0.0011051969725042706	0.0011051963483997547	-0.00044258829071124766
-0.004420786641808049	-0.008841573283616101	0.004420786641808051	0.004420786641808051	0.004420786641808051	-0.004420786641808049	0.9911584267163837	0.00442078664180805	0.0044207866418080515	0.004420786641808051	-0.004440508752819394	-0.0088218466983618	0.004420782167565095	0.004420787890017081	0.004420785393599019	-0.0017703531628449906
0.002210393320904025	0.0044207866418080515	-0.0022103933209040257	-0.0022103933209040257	-0.0022103933209040257	0.002210393320904025	0.0044207866418080515	0.9977896066790957	-0.0022103933209040257	-0.0022103933209040257	0.0022202543764096973	0.004410923349180901	-0.0022103910837825477	-0.0022103939450085408	-0.00221039269679951	0.000885176581422495
0.003315589981356039	0.006631179962712078	-0.003315589981356038	-0.003315589981356039	-0.0033155899813560384	0.003315589981356038	0.006631179962712077	-0.003315589981356038	0.9966844100186443	-0.0033155899813560393	0.003330381564614547	0.006616385023771352	-0.003315586625673823	-0.003315590917512812	-0.003315589045199265	0.0013277648721337434
0.006631179962712075	0.013262359925424152	-0.006631179962712074	-0.006631179962712076	-0.006631179962712075	0.006631179962712074	0.01326235992542415	-0.006631179962712074	-0.006631179962712078	0.9933688200372879	0.006660763129229092	0.013232770047542699	-0.006631173251347644	-0.006631181835025622	-0.0066311780903985295	0.0026555297442674855
-0.0011032649191879006	-0.002206529838375801	0.0011032649191879003	0.0011032649191879006	0.0011032649191879008	-0.0011032649191879003	-0.0022065298383758015	0.0011032649191879006	0.0011032649191879008	0.0011032649191879008	0.9736516524866805	0.023030961587290337	0.0011108560876531511	0.0011031502056825157	0.001103379632693286	-0.027021442318980175
-0.0042133233435316985	-0.008426646687063397	0.0042133233435316985	0.0042133233435316985	0.0042133233435316985	-0.004213323343531698	-0.008426646687063399	0.004213323343531698	0.0042133233435316985	0.004213323343531698	0.05427654503256354	0.9330823554911191	0.004214452789254137	0.004213098769096955	0.0042135479179664405	-0.05348548765247052
0.0022103932906712047	0.0044207865813424094	-0.002210393290671204	-0.0022103932906712047	-0.0022103932906712047	0.002210393290671204	0.0044207865813424094	-0.0022103932906712034	-0.0022103932906712043	-0.002210393290671204	0.0022354640494402565	0.004410081969806812	0.9977752405620952	-0.002210393974697117	-0.002210392606645294	0.0008716701732959572
0.0033156032021386555	0.006631206404277311	-0.0033156032021386555	-0.003315603202138656	-0.0033156032021386555	0.0033156032021386555	0.006631206404277312	-0.0033156032021386555	-0.0033156032021386564	-0.0033156032021386555	0.0033306763447412515	0.006616129834368547	-0.0033155997748324857	0.9966804974458408	-0.0033117038501179353	0.001324162360102834
0.006631179943841366	0.013262359887682736	-0.006631179943841367	-0.006631179943841369	-0.006631179943841368	0.006631179943841367	0.013262359887682736	-0.006631179943841366	-0.006631179943841369	-0.006631179943841368	0.0066613261755682045	0.01323220680135517	-0.006631173089240639	-0.006623385041918058	0.9933610251542355	0.0026483132229459597
-0.003304165290242751	-0.0066083305804855025	0.003304165290242751	0.0033041652902427517	0.0033041652902427512	-0.003304165290242751	-0.006608330580485504	0.0033041652902427512	0.0033041652902427525	0.003304165290242752	-0.1546741043055163	0.1448022696714656	0.0032635040535652343	0.0033112728439804976	0.0032970577365050075	0.8391907874611746