0.9979702029503705	-0.0040595940992601085	0.0020297970496300534	0.0020297970496300534	0.002029797049630054	-0.002029797049630054	-0.0040595940992601085	0.0020297970496300543	0.002029797049630054	0.002029797049630054	-0.00204421509057152	-0.004045174125163148	0.002029795116474565	0.002029798670741599	0.0020297954285185085	-0.0007103684464330334
-0.008119188198520214	0.9837616236029596	0.008119188198520212	0.008119188198520212	0.008119188198520212	-0.008119188198520214	-0.016238376397040424	0.008119188198520212	0.00811918819852021	0.00811918819852021	-0.008176860362286077	-0.01618069650065259	0.008119180465898256	0.008119194682966395	0.008119181714074032	-0.0028414737857321336
0.004059594099260108	0.008119188198520215	0.99594040590074	-0.004059594099260108	-0.004059594099260108	0.004059594099260108	0.008119188198520215	-0.004059594099260108	-0.004059594099260106	-0.004059594099260107	0.004088430181143041	0.008090348250326302	-0.00405959023294913	-0.004059597341483196	-0.004059590857037016	0.0014207368928660668
0.006089391148890161	0.012178782297780326	-0.006089391148890162	0.99391060885111	-0.006089391148890162	0.006089391148890162	0.012178782297780322	-0.006089391148890162	-0.006089391148890163	-0.00608939114889016	0.0061326452717145674	0.01213552237548945	-0.006089385349423699	-0.006089396012224794	-0.006089386285555525	0.0021311053392991004
0.01217878229778032	0.024357564595560648	-0.012178782297780322	-0.012178782297780324	0.9878212177022202	0.012178782297780322	0.02435756459556064	-0.012178782297780322	-0.012178782297780322	-0.012178782297780319	0.012265290543429133	0.024271044750978906	-0.012178770698847393	-0.012178792024449589	-0.012178772571111047	0.004262210678598203
-0.002029797049630053	-0.004059594099260106	0.002029797049630053	0.002029797049630053	0.002029797049630053	0.9979702029503701	-0.0040595940992601085	0.002029797049630054	0.002029797049630053	0.0020297970496300534	-0.002044215090571521	-0.004045174125163152	0.002029795116474565	0.002029798670741599	0.002029795428518509	-0.0007103684464330332
-0.008119188198520214	-0.016238376397040427	0.00811918819852021	0.008119188198520212	0.008119188198520214	-0.008119188198520212	0.9837616236029594	0.008119188198520215	0.008119188198520214	0.008119188198520215	-0.008176860362286084	-0.016180696500652597	0.008119180465898258	0.008119194682966395	0.008119181714074034	-0.0028414737857321327
0.004059594099260108	0.008119188198520215	-0.004059594099260107	-0.004059594099260107	-0.004059594099260108	0.004059594099260107	0.008119188198520215	0.9959404059007403	-0.004059594099260107	-0.004059594099260108	0.004088430181143042	0.008090348250326304	-0.004059590232949129	-0.004059597341483195	-0.004059590857037016	0.0014207368928660664
0.006089391148890162	0.012178782297780327	-0.006089391148890162	-0.006089391148890164	-0.006089391148890162	0.006089391148890162	0.012178782297780322	-0.006089391148890162	0.9939106088511099	-0.0060893911488901584	0.006132645271714568	0.012135522375489451	-0.0060893853494236976	-0.006089396012224798	-0.006089386285555526	0.0021311053392991013
0.012178782297780322	0.02435756459556065	-0.012178782297780324	-0.012178782297780326	-0.012178782297780322	0.012178782297780322	0.024357564595560644	-0.012178782297780322	-0.012178782297780319	0.9878212177022196	0.012265290543429128	0.024271044750978896	-0.012178770698847393	-0.012178792024449587	-0.012178772571111048	0.004262210678598202
-0.0020209199837978617	-0.004041839967595723	0.0020209199837978612	0.0020209199837978612	0.0020209199837978617	-0.0020209199837978617	-0.004041839967595724	0.002020919983797862	0.0020209199837978612	0.0020209199837978612	0.9599859980508946	0.03393993800322016	0.0020322239782895714	0.002020585679049589	0.0020212542885461354	-0.04135320068187735
-0.007482828149394809	-0.014965656298789622	0.007482828149394809	0.007482828149394808	0.007482828149394809	-0.007482828149394808	-0.014965656298789619	0.007482828149394809	0.007482828149394807	0.007482828149394807	0.08441562668652135	0.8931340750360169	0.007484641978671898	0.007482180172289103	0.007483476126500514	-0.08118121962448226
0.004059593983597321	0.008119187967194642	-0.004059593983597321	-0.00405959398359732	-0.004059593983597321	0.004059593983597322	0.008119187967194645	-0.004059593983597322	-0.00405959398359732	-0.004059593983597321	0.004111254618013381	0.008088858494081703	0.9959190748550999	-0.00405959739559	-0.004059590571604642	0.0014008374314515098
0.006089436576537898	0.012178873153075797	-0.006089436576537898	-0.006089436576537898	-0.006089436576537897	0.0060894365765378974	0.012178873153075795	-0.006089436576537898	-0.0060894365765378974	-0.006089436576537895	0.006133454987615752	0.012134848757916851	-0.006089430592456811	0.9939034051087704	-0.006082278261845593	0.002124756827234756
0.012178782157200039	0.02435756431440008	-0.01217878215720004	-0.01217878215720004	-0.012178782157200039	0.012178782157200039	0.02435756431440008	-0.01217878215720004	-0.012178782157200039	-0.012178782157200035	0.012266818737880091	0.024269515765577575	-0.012178770189057605	-0.012164485168915001	0.9878069208545145	0.004249477017237496
-0.006036628951162351	-0.0120732579023247	0.00603662895116235	0.006036628951162351	0.006036628951162351	-0.006036628951162351	-0.012073257902324698	0.006036628951162351	0.006036628951162348	0.006036628951162347	-0.23382411270706976	0.2157744076862831	0.005976447118462143	0.0060489249617335554	0.006024332940591141	0.7539972330875476