0.9975078230100679	-0.004984353979864639	0.002492176989932321	0.00249217698993232	0.0024921769899323197	-0.00249217698993232	-0.004984353979864642	0.002492176989932322	0.0024921769899323206	0.0024921769899323206	-0.0025103118773882565	-0.004966218260322632	0.0024921761578462448	0.0024921797974415106	0.0024921741824231306	-0.0008172000230070517
-0.00996870795972928	0.980062584080541	0.009968707959729282	0.009968707959729279	0.009968707959729277	-0.009968707959729279	-0.019937415919458565	0.009968707959729284	0.009968707959729279	0.009968707959729279	-0.010041247509553028	-0.01986487304129054	0.009968704631384976	0.009968719189766039	0.009968696729692524	-0.003268800092028206
0.0049843539798646395	0.009968707959729279	0.9950156460201358	-0.00498435397986464	-0.0049843539798646395	0.00498435397986464	0.009968707959729284	-0.004984353979864642	-0.00498435397986464	-0.00498435397986464	0.005020623754776515	0.009932436520645266	-0.004984352315692488	-0.004984359594883019	-0.004984348364846262	0.0016344000460141025
0.007476530969796965	0.014953061939593927	-0.007476530969796967	0.9925234690302029	-0.007476530969796959	0.007476530969796961	0.014953061939593929	-0.007476530969796966	-0.007476530969796963	-0.007476530969796963	0.007530935632164773	0.014898654780967895	-0.007476528473538736	-0.007476539392324531	-0.0074765225472693975	0.002451600069021155
0.014953061939593927	0.029906123879187847	-0.01495306193959393	-0.014953061939593925	0.9850469380604053	0.014953061939593918	0.02990612387918785	-0.014953061939593927	-0.014953061939593922	-0.014953061939593922	0.015061871264329545	0.029797309561935787	-0.014953056947077466	-0.01495307878464906	-0.014953045094538792	0.004903200138042308
-0.0024921769899323193	-0.004984353979864639	0.00249217698993232	0.0024921769899323193	0.0024921769899323193	0.9975078230100675	-0.004984353979864641	0.002492176989932321	0.0024921769899323197	0.00249217698993232	-0.0025103118773882565	-0.004966218260322633	0.002492176157846243	0.002492179797441509	0.0024921741824231315	-0.0008172000230070517
-0.009968707959729279	-0.019937415919458558	0.009968707959729282	0.00996870795972928	0.009968707959729277	-0.00996870795972928	0.9800625840805419	0.009968707959729286	0.009968707959729282	0.009968707959729282	-0.010041247509553028	-0.019864873041290528	0.009968704631384976	0.009968719189766037	0.009968696729692526	-0.0032688000920282068
0.00498435397986464	0.00996870795972928	-0.004984353979864643	-0.004984353979864641	-0.00498435397986464	0.004984353979864641	0.009968707959729282	0.995015646020136	-0.00498435397986464	-0.0049843539798646395	0.005020623754776514	0.009932436520645264	-0.004984352315692488	-0.00498435959488302	-0.004984348364846264	0.0016344000460141034
0.0074765309697969635	0.014953061939593922	-0.007476530969796965	-0.007476530969796962	-0.007476530969796962	0.007476530969796962	0.014953061939593925	-0.007476530969796965	0.9925234690302028	-0.0074765309697969635	0.007530935632164773	0.014898654780967894	-0.007476528473538736	-0.007476539392324532	-0.007476522547269398	0.002451600069021155
0.014953061939593925	0.02990612387918784	-0.014953061939593929	-0.014953061939593922	-0.014953061939593922	0.014953061939593922	0.029906123879187847	-0.014953061939593929	-0.014953061939593922	0.985046938060406	0.015061871264329542	0.02979730956193578	-0.014953056947077466	-0.014953078784649059	-0.014953045094538795	0.00490320013804231
-0.002477473950683792	-0.004954947901367582	0.002477473950683793	0.002477473950683792	0.0024774739506837912	-0.0024774739506837925	-0.004954947901367584	0.002477473950683793	0.0024774739506837925	0.0024774739506837917	0.9540914688930885	0.03846351168648603	0.0024900715190582456	0.0024769989960383588	0.0024779489053292263	-0.047404545213936194
-0.009041035522653385	-0.018082071045306767	0.00904103552265339	0.009041035522653385	0.009041035522653382	-0.009041035522653389	-0.01808207104530677	0.009041035522653389	0.009041035522653389	0.009041035522653385	0.09678586348940123	0.8760892307075775	0.009042834757715066	0.009040118001238159	0.009041953044068617	-0.0928721372437699
0.004984353874505322	0.009968707749010642	-0.004984353874505324	-0.004984353874505322	-0.00498435387450532	0.004984353874505322	0.009968707749010644	-0.004984353874505324	-0.004984353874505323	-0.004984353874505323	0.005046258791141223	0.009930789073598425	0.9949916598842706	-0.004984359728293553	-0.004984348020717097	0.0016118559628052198
0.007476600097617192	0.014953200195234382	-0.007476600097617192	-0.00747660009761719	-0.0074766000976171886	0.0074766000976171886	0.014953200195234377	-0.007476600097617191	-0.007476600097617188	-0.007476600097617187	0.007532073403937684	0.014897724140059802	-0.007476597348763104	0.9925146137010079	-0.007467813896241861	0.002443942153617812
0.014953061668729499	0.029906123337458988	-0.014953061668729496	-0.014953061668729492	-0.014953061668729489	0.014953061668729489	0.02990612333745898	-0.014953061668729494	-0.014953061668729492	-0.01495306166872949	0.015064007964976412	0.02979517154347564	-0.014953056170993063	-0.014935523235226017	0.9850293998977669	0.004887830483384197
-0.007389038218838408	-0.014778076437676816	0.00738903821883841	0.007389038218838408	0.007389038218838408	-0.007389038218838408	-0.014778076437676816	0.00738903821883841	0.007389038218838408	0.007389038218838408	-0.26777688252348764	0.2456781081696178	0.007320697916192838	0.0074037353289131075	0.007374341108763703	0.718006920694886