0.9978016640817678	-0.004396671836464688	0.0021983359182323435	0.002198335918232344	0.002198335918232343	-0.002198335918232343	-0.004396671836464687	0.002198335918232343	0.002198335918232342	0.002198335918232343	-0.0022142679231579986	-0.004380738134533914	0.002198334221227228	0.0021983379255399744	0.0021983339109247113	-0.0007513840796171333
-0.008793343672929374	0.9824133126541416	0.008793343672929376	0.008793343672929377	0.008793343672929374	-0.008793343672929374	-0.01758668734585875	0.008793343672929374	0.008793343672929369	0.008793343672929372	-0.008857071692631993	-0.01752295253813566	0.00879333688490891	0.00879335170215989	0.008793335643698845	-0.0030055363184685324
0.004396671836464687	0.008793343672929376	0.9956033281635348	-0.004396671836464688	-0.004396671836464687	0.004396671836464686	0.008793343672929374	-0.004396671836464686	-0.004396671836464684	-0.004396671836464686	0.004428535846315998	0.008761476269067831	-0.004396668442454453	-0.004396675851079947	-0.0043966678218494235	0.0015027681592342662
0.006595007754697026	0.013190015509394054	-0.006595007754697025	0.9934049922453029	-0.0065950077546970244	0.006595007754697027	0.013190015509394054	-0.006595007754697027	-0.006595007754697024	-0.006595007754697026	0.0066428037694739985	0.013142214403601745	-0.006595002663681679	-0.0065950137766199205	-0.006595001732774138	0.0022541522388513993
0.01319001550939405	0.0263800310187881	-0.013190015509394049	-0.013190015509394052	0.9868099844906056	0.013190015509394056	0.02638003101878811	-0.013190015509394054	-0.013190015509394047	-0.013190015509394052	0.013285607538947987	0.026284428807203487	-0.013190005327363358	-0.013190027553239836	-0.013190003465548274	0.0045083044777027995
-0.0021983359182323444	-0.00439667183646469	0.0021983359182323444	0.002198335918232345	0.002198335918232344	0.9978016640817678	-0.004396671836464687	0.002198335918232343	0.0021983359182323426	0.002198335918232343	-0.002214267923157999	-0.004380738134533913	0.0021983342212272268	0.0021983379255399726	0.0021983339109247118	-0.0007513840796171333
-0.008793343672929376	-0.01758668734585876	0.008793343672929376	0.008793343672929377	0.008793343672929374	-0.008793343672929374	0.9824133126541416	0.008793343672929376	0.008793343672929372	0.008793343672929376	-0.008857071692631995	-0.01752295253813566	0.008793336884908907	0.00879335170215989	0.00879333564369885	-0.0030055363184685324
0.004396671836464689	0.00879334367292938	-0.004396671836464689	-0.004396671836464689	-0.004396671836464688	0.004396671836464688	0.008793343672929377	0.9956033281635355	-0.004396671836464686	-0.004396671836464688	0.004428535846315998	0.00876147626906783	-0.0043966684424544536	-0.004396675851079945	-0.004396667821849424	0.0015027681592342666
0.006595007754697024	0.013190015509394047	-0.006595007754697023	-0.0065950077546970244	-0.006595007754697024	0.006595007754697024	0.013190015509394052	-0.006595007754697025	0.9934049922453023	-0.006595007754697027	0.006642803769473995	0.013142214403601738	-0.006595002663681678	-0.006595013776619918	-0.006595001732774136	0.002254152238851399
0.01319001550939405	0.0263800310187881	-0.013190015509394047	-0.01319001550939405	-0.013190015509394049	0.01319001550939405	0.02638003101878811	-0.013190015509394054	-0.013190015509394049	0.986809984490606	0.013285607538947988	0.026284428807203483	-0.013190005327363358	-0.013190027553239834	-0.013190003465548274	0.004508304477702799
-0.0021875358144634086	-0.004375071628926817	0.002187535814463408	0.002187535814463408	0.0021875358144634077	-0.0021875358144634073	-0.0043750716289268155	0.0021875358144634077	0.002187535814463407	0.002187535814463407	0.9577918248055326	0.035633755056886166	0.0021993485086545276	0.002187152412071685	0.0021879192168551293	-0.043617877432304164
-0.008056656815559384	-0.016113313631118776	0.008056656815559384	0.008056656815559386	0.008056656815559383	-0.008056656815559383	-0.016113313631118766	0.008056656815559383	0.008056656815559381	0.008056656815559381	0.0890780054314437	0.8867501867411864	0.008058494196251433	0.008055914653088242	0.008057398978030525	-0.08555496517973289
0.00439667171574681	0.008793343431493622	-0.00439667171574681	-0.00439667171574681	-0.0043966717157468095	0.0043966717157468095	0.008793343431493619	-0.00439667171574681	-0.004396671715746809	-0.004396671715746809	0.004452446568954088	0.008759916916066807	0.9955809799464731	-0.004396675924298409	-0.00439666750719521	0.0014818785212213938
0.006595061221812421	0.013190122443624842	-0.006595061221812421	-0.006595061221812421	-0.006595061221812421	0.00659506122181242	0.013190122443624842	-0.006595061221812422	-0.00659506122181242	-0.006595061221812421	0.0066437276338510666	0.01314145073204912	-0.006595055922275349	0.9933971869026971	-0.006587309346322232	0.0022473217340044107
0.013190015327957525	0.026380030655915054	-0.013190015327957523	-0.013190015327957523	-0.013190015327957525	0.013190015327957525	0.026380030655915054	-0.013190015327957527	-0.013190015327957522	-0.013190015327957523	0.01328734787723395	0.026282687507573697	-0.013190004728892596	-0.013174535883766126	0.9867945052278517	0.004494600897355727
-0.006530784996042916	-0.013061569992085834	0.006530784996042916	0.006530784996042917	0.006530784996042918	-0.006530784996042917	-0.013061569992085836	0.006530784996042918	0.006530784996042917	0.006530784996042917	-0.24647284154516308	0.2269437169437227	0.006467554609354809	0.00654397003323407	0.006517599958851766	0.7405311853914283