0.9980317951796398	-0.003936409640719964	0.0019682048203599825	0.001968204820359982	0.001968204820359982	-0.001968204820359982	-0.003936409640719963	0.001968204820359982	0.001968204820359982	0.0019682048203599816	-0.001982032449314084	-0.0039225800334471116	0.0019682028420412306	0.0019682063128698894	0.0019682033278500747	-0.0006947887326256787
-0.007872819281439927	0.9842543614371202	0.00787281928143993	0.007872819281439927	0.007872819281439928	-0.007872819281439928	-0.015745638562879853	0.007872819281439928	0.007872819281439928	0.007872819281439927	-0.007928129797256333	-0.01569032013378845	0.007872811368164926	0.007872825251479558	0.007872813311400299	-0.0027791549305027146
0.003936409640719964	0.007872819281439932	0.9960635903592798	-0.003936409640719963	-0.003936409640719964	0.003936409640719964	0.007872819281439928	-0.003936409640719964	-0.003936409640719965	-0.003936409640719964	0.003964064898628168	0.007845160066894225	-0.003936405684082462	-0.003936412625739778	-0.00393640665570015	0.001389577465251357
0.0059046144610799415	0.011809228922159885	-0.005904614461079942	0.9940953855389197	-0.0059046144610799415	0.0059046144610799415	0.011809228922159885	-0.005904614461079941	-0.0059046144610799415	-0.005904614461079941	0.00594609734794225	0.01176774010034133	-0.005904608526123692	-0.005904618938609663	-0.005904609983550223	0.0020843661978770353
0.01180922892215989	0.023618457844319783	-0.011809228922159892	-0.01180922892215989	0.9881907710778399	0.011809228922159892	0.023618457844319783	-0.01180922892215989	-0.01180922892215989	-0.01180922892215989	0.011892194695884503	0.023535480200682673	-0.011809217052247389	-0.011809237877219332	-0.011809219967100451	0.0041687323957540715
-0.0019682048203599816	-0.003936409640719964	0.0019682048203599825	0.0019682048203599816	0.001968204820359982	0.9980317951796399	-0.003936409640719964	0.001968204820359982	0.001968204820359982	0.001968204820359982	-0.0019820324493140837	-0.003922580033447112	0.0019682028420412306	0.0019682063128698885	0.0019682033278500756	-0.0006947887326256786
-0.007872819281439927	-0.015745638562879857	0.00787281928143993	0.007872819281439927	0.007872819281439928	-0.007872819281439927	0.9842543614371203	0.00787281928143993	0.00787281928143993	0.00787281928143993	-0.007928129797256336	-0.015690320133788457	0.007872811368164924	0.007872825251479558	0.0078728133114003	-0.0027791549305027146
0.003936409640719964	0.00787281928143993	-0.003936409640719966	-0.003936409640719964	-0.003936409640719965	0.003936409640719964	0.00787281928143993	0.99606359035928	-0.003936409640719964	-0.003936409640719965	0.003964064898628167	0.007845160066894227	-0.003936405684082462	-0.003936412625739778	-0.003936406655700151	0.0013895774652513573
0.005904614461079945	0.011809228922159892	-0.005904614461079946	-0.005904614461079945	-0.005904614461079945	0.005904614461079945	0.01180922892215989	-0.005904614461079945	0.9940953855389202	-0.005904614461079943	0.00594609734794225	0.011767740100341331	-0.005904608526123692	-0.005904618938609666	-0.005904609983550223	0.0020843661978770353
0.011809228922159895	0.023618457844319794	-0.011809228922159897	-0.011809228922159895	-0.011809228922159895	0.011809228922159895	0.02361845784431979	-0.011809228922159895	-0.011809228922159897	0.98819077107784	0.011892194695884501	0.02353548020068267	-0.011809217052247387	-0.011809237877219337	-0.011809219967100448	0.004168732395754073
-0.001959976125670294	-0.003919952251340587	0.001959976125670294	0.0019599761256702927	0.001959976125670293	-0.0019599761256702923	-0.003919952251340586	0.001959976125670293	0.001959976125670293	0.001959976125670293	0.9608035569715251	0.03330540793894475	0.001971082838189979	0.001959659118978052	0.001960293132362534	-0.04050583294559992
-0.0072714458159657365	-0.014542891631931476	0.00727144581596574	0.007271445815965736	0.0072714458159657365	-0.007271445815965736	-0.014542891631931473	0.0072714458159657365	0.0072714458159657365	0.0072714458159657365	0.08266121189022613	0.895522653723073	0.007273242754769299	0.00727083105143953	0.007272060580491945	-0.07954514382855568
0.003936409528697126	0.007872819057394252	-0.003936409528697127	-0.003936409528697124	-0.003936409528697125	0.003936409528697124	0.00787281905739425	-0.003936409528697125	-0.003936409528697124	-0.0039364095286971235	0.0039864728443683665	0.007843699457241064	0.9960426467557848	-0.003936412674947214	-0.003936406382447034	0.0013700490465654825
0.00590465712046985	0.0118093142409397	-0.00590465712046985	-0.005904657120469848	-0.005904657120469848	0.005904657120469849	0.011809314240939698	-0.005904657120469849	-0.005904657120469849	-0.005904657120469847	0.005946866890513679	0.011767098359814907	-0.005904651009388883	0.9940884015279136	-0.0058977157688530225	0.0020781951889768642
0.011809228794809471	0.023618457589618943	-0.01180922879480947	-0.011809228794809468	-0.01180922879480947	0.011809228794809471	0.023618457589618943	-0.011809228794809471	-0.011809228794809471	-0.011809228794809468	0.011893648106640859	0.02353402605564766	-0.011809216572669584	-0.011795364178575424	0.9881769065889564	0.0041563558105820984
-0.005855715376118369	-0.01171143075223674	0.005855715376118369	0.005855715376118368	0.005855715376118369	-0.005855715376118368	-0.011711430752236738	0.005855715376118369	0.005855715376118369	0.005855715376118368	-0.22910764420737248	0.21159953938494186	0.005796674070194019	0.005867682417895909	0.00584374833434083	0.7590350882891316