0.9989670972831857	-0.0020658054336288832	0.001032902716814442	0.001032902716814442	0.0010329027168144418	-0.001032902716814442	-0.002065805433628883	0.0010329027168144418	0.001032902716814442	0.0010329027168144418	-0.0010371710009182997	-0.0020615361619458505	0.0010329017292352645	0.0010329029758806086	0.0010329024577482742	-0.0004184223185823678
-0.004131610867257768	0.9917367782654846	0.004131610867257768	0.004131610867257768	0.004131610867257767	-0.004131610867257768	-0.008263221734515531	0.004131610867257768	0.004131610867257768	0.004131610867257767	-0.0041486840036731995	-0.0082461446477834	0.004131606916941059	0.004131611903522437	0.004131609830993098	-0.0016736892743294714
0.0020658054336288837	0.004131610867257767	0.997934194566371	-0.002065805433628884	-0.0020658054336288837	0.002065805433628884	0.0041316108672577664	-0.002065805433628884	-0.002065805433628884	-0.002065805433628884	0.0020743420018365993	0.004123072323891701	-0.0020658034584705304	-0.0020658059517612184	-0.0020658049154965493	0.0008368446371647359
0.0030987081504433266	0.006197416300886652	-0.003098708150443326	0.9969012918495566	-0.0030987081504433253	0.003098708150443326	0.006197416300886653	-0.003098708150443327	-0.0030987081504433274	-0.003098708150443328	0.0031115130027549	0.006184608485837549	-0.0030987051877057943	-0.003098708927641826	-0.0030987073732448253	0.0012552669557471035
0.0061974163008866505	0.0123948326017733	-0.006197416300886649	-0.0061974163008866505	0.993802583699113	0.00619741630088665	0.012394832601773301	-0.006197416300886651	-0.006197416300886651	-0.006197416300886652	0.006223026005509797	0.012369216971675095	-0.006197410375411588	-0.006197417855283651	-0.006197414746489648	0.0025105339114942066
-0.0010329027168144423	-0.002065805433628884	0.001032902716814442	0.0010329027168144423	0.001032902716814442	0.9989670972831856	-0.0020658054336288832	0.0010329027168144423	0.0010329027168144423	0.0010329027168144423	-0.0010371710009182994	-0.002061536161945851	0.001032901729235265	0.001032902975880609	0.0010329024577482744	-0.00041842231858236784
-0.004131610867257769	-0.008263221734515536	0.004131610867257768	0.004131610867257769	0.004131610867257768	-0.004131610867257769	0.9917367782654846	0.004131610867257769	0.004131610867257769	0.004131610867257769	-0.004148684003673198	-0.008246144647783404	0.00413160691694106	0.004131611903522438	0.004131609830993099	-0.001673689274329472
0.002065805433628885	0.004131610867257769	-0.0020658054336288845	-0.002065805433628885	-0.002065805433628884	0.002065805433628885	0.004131610867257768	0.9979341945663714	-0.0020658054336288845	-0.002065805433628884	0.002074342001836599	0.004123072323891701	-0.00206580345847053	-0.002065805951761218	-0.0020658049154965493	0.0008368446371647358
0.0030987081504433257	0.0061974163008866505	-0.0030987081504433253	-0.003098708150443326	-0.0030987081504433253	0.003098708150443326	0.0061974163008866505	-0.003098708150443326	0.9969012918495569	-0.003098708150443326	0.0031115130027548985	0.006184608485837549	-0.0030987051877057943	-0.003098708927641826	-0.0030987073732448253	0.0012552669557471035
0.0061974163008866505	0.0123948326017733	-0.00619741630088665	-0.006197416300886651	-0.00619741630088665	0.006197416300886651	0.0123948326017733	-0.006197416300886651	-0.0061974163008866505	0.9938025836991136	0.006223026005509798	0.012369216971675099	-0.00619741037541159	-0.006197417855283653	-0.006197414746489648	0.0025105339114942075
-0.001031280578583085	-0.0020625611571661695	0.0010312805785830847	0.001031280578583085	0.0010312805785830847	-0.0010312805785830847	-0.002062561157166169	0.0010312805785830847	0.0010312805785830847	0.0010312805785830845	0.9749041270163986	0.021994809193913122	0.001038502632522148	0.0010311790284547155	0.0010313821287114536	-0.0257014476284524
-0.003948688597580568	-0.007897377195161133	0.003948688597580566	0.003948688597580567	0.0039486885975805654	-0.003948688597580566	-0.007897377195161131	0.003948688597580566	0.003948688597580566	0.003948688597580566	0.05148747910558537	0.9366654115858898	0.0039497321133637	0.003948489589908795	0.003948887605252337	-0.05092397002984985
0.0020658054088891304	0.00413161081777826	-0.00206580540888913	-0.00206580540888913	-0.00206580540888913	0.00206580540888913	0.004131610817778259	-0.0020658054088891304	-0.00206580540888913	-0.00206580540888913	0.0020888080314132055	0.004122298054132437	0.9979205047322328	-0.002065805980214114	-0.002065804837564147	0.0008239465205703102
0.0030987196816877403	0.006197439363375479	-0.00309871968168774	-0.0030987196816877403	-0.00309871968168774	0.0030987196816877408	0.00619743936337548	-0.0030987196816877403	-0.00309871968168774	-0.00309871968168774	0.00311177589640231	0.006184380121689767	-0.003098716654716597	0.9968976359231222	-0.003095075286498003	0.0012518872251803337
0.006197416285930072	0.012394832571860142	-0.006197416285930072	-0.006197416285930073	-0.006197416285930071	0.006197416285930073	0.012394832571860142	-0.006197416285930072	-0.006197416285930072	-0.006197416285930072	0.006223528671679317	0.012368714132178348	-0.006197410231997521	-0.006190130654707391	0.9937952980828475	0.0025037643555085418
-0.003089121718694112	-0.006178243437388223	0.0030891217186941114	0.0030891217186941127	0.0030891217186941114	-0.0030891217186941127	-0.006178243437388224	0.0030891217186941127	0.0030891217186941127	0.0030891217186941127	-0.14738214556250723	0.1381535973408741	0.0030503047842449227	0.0030957988235365513	0.0030824446138516736	0.8470387947356626