0.9995902717991807	-0.0008194564016376667	0.00040972820081883323	0.0004097282008188335	0.00040972820081883345	-0.00040972820081883345	-0.0008194564016376666	0.0004097282008188333	0.0004097282008188335	0.00040972820081883345	-0.0004101756973195215	-0.000819008788109522	0.00040972808379137677	0.0004097282200044433	0.00040972818163322283	-0.00018581996960823405
-0.0016389128032753332	0.9967221743934495	0.0016389128032753325	0.0016389128032753334	0.0016389128032753332	-0.0016389128032753334	-0.0032778256065506663	0.001638912803275333	0.0016389128032753336	0.0016389128032753334	-0.0016407027892780856	-0.0032760351524380883	0.0016389123351655075	0.0016389128800177732	0.0016389127265328918	-0.0007432798784329361
0.0008194564016376666	0.001638912803275333	0.9991805435983621	-0.0008194564016376666	-0.0008194564016376665	0.0008194564016376665	0.0016389128032753327	-0.0008194564016376662	-0.0008194564016376666	-0.0008194564016376665	0.0008203513946390428	0.001638017576219044	-0.0008194561675827536	-0.0008194564400088864	-0.0008194563632664457	0.00037163993921646816
0.0012291846024564993	0.002458369204912998	-0.0012291846024564989	0.9987708153975436	-0.0012291846024564998	0.0012291846024564995	0.0024583692049129986	-0.0012291846024564993	-0.0012291846024564993	-0.0012291846024564993	0.001230527091958565	0.002457026364328566	-0.0012291842513741313	-0.0012291846600133301	-0.0012291845448996687	0.0005574599088247021
0.002458369204912999	0.004916738409825997	-0.0024583692049129978	-0.002458369204912999	0.9975416307950868	0.002458369204912999	0.004916738409825998	-0.0024583692049129986	-0.0024583692049129986	-0.0024583692049129986	0.0024610541839171296	0.004914052728657128	-0.002458368502748261	-0.00245836932002666	-0.002458369089799338	0.0011149198176494035
-0.00040972820081883345	-0.0008194564016376668	0.0004097282008188333	0.00040972820081883345	0.00040972820081883345	0.9995902717991811	-0.0008194564016376665	0.0004097282008188332	0.0004097282008188334	0.00040972820081883334	-0.0004101756973195215	-0.0008190087881095218	0.0004097280837913768	0.0004097282200044434	0.0004097281816332228	-0.00018581996960823397
-0.0016389128032753332	-0.003277825606550666	0.0016389128032753327	0.0016389128032753334	0.0016389128032753334	-0.0016389128032753334	0.9967221743934493	0.001638912803275333	0.0016389128032753336	0.0016389128032753332	-0.0016407027892780858	-0.003276035152438088	0.001638912335165507	0.0016389128800177732	0.001638912726532891	-0.0007432798784329362
0.0008194564016376662	0.0016389128032753323	-0.000819456401637666	-0.0008194564016376664	-0.0008194564016376664	0.0008194564016376664	0.0016389128032753325	0.999180543598362	-0.0008194564016376666	-0.0008194564016376665	0.0008203513946390429	0.0016380175762190433	-0.0008194561675827538	-0.0008194564400088865	-0.0008194563632664454	0.000371639939216468
0.0012291846024565002	0.002458369204913	-0.0012291846024564998	-0.0012291846024565002	-0.0012291846024564998	0.0012291846024565	0.0024583692049129995	-0.0012291846024564998	0.9987708153975435	-0.0012291846024564995	0.0012305270919585648	0.0024570263643285658	-0.0012291842513741308	-0.0012291846600133304	-0.001229184544899669	0.0005574599088247021
0.0024583692049129995	0.004916738409825998	-0.0024583692049129986	-0.0024583692049129995	-0.0024583692049129986	0.002458369204912999	0.004916738409825997	-0.0024583692049129986	-0.002458369204912999	0.9975416307950868	0.00246105418391713	0.004914052728657131	-0.0024583685027482613	-0.00245836932002666	-0.002458369089799338	0.001114919817649404
-0.0004095933957338192	-0.0008191867914676382	0.0004095933957338191	0.00040959339573381923	0.0004095933957338192	-0.00040959339573381923	-0.0008191867914676383	0.0004095933957338191	0.00040959339573381923	0.00040959339573381923	0.9878663833180454	0.010901445985698728	0.0004129839047882038	0.00040957516105782134	0.0004096116304098171	-0.01219964094300916
-0.001607191316065586	-0.003214382632131172	0.0016071913160655858	0.001607191316065586	0.0016071913160655858	-0.0016071913160655858	-0.0032143826321311716	0.0016071913160655856	0.001607191316065586	0.0016071913160655858	0.023574765341291968	0.971603391943339	0.001607460083238015	0.0016071551959977682	0.001607227436133403	-0.024459371384983653
0.0008194564005582481	0.0016389128011164958	-0.0008194564005582479	-0.0008194564005582481	-0.0008194564005582482	0.0008194564005582481	0.0016389128011164962	-0.0008194564005582479	-0.0008194564005582482	-0.0008194564005582481	0.0008271337469700923	0.0016378230208983823	0.9991739560332478	-0.0008194564487573594	-0.000819456352359137	0.00036524979693222686
0.0012291863948107867	0.0024583727896215733	-0.0012291863948107862	-0.0012291863948107869	-0.0012291863948107862	0.0012291863948107862	0.0024583727896215725	-0.001229186394810786	-0.001229186394810786	-0.001229186394810786	0.0012305786059779288	0.0024569802141034334	-0.0012291860304597913	0.9987693675645565	-0.0012277403541785272	0.0005560653019397953
0.002458369204382195	0.00491673840876439	-0.0024583692043821945	-0.0024583692043821954	-0.0024583692043821945	0.0024583692043821945	0.004916738408764389	-0.0024583692043821936	-0.002458369204382195	-0.0024583692043821945	0.0024611536247419324	0.004913953259703169	-0.0024583684756807156	-0.0024554773615049342	0.9975387389527405	0.0011121289247700557
-0.0012284016265008443	-0.002456803253001688	0.0012284016265008439	0.0012284016265008443	0.001228401626500844	-0.0012284016265008443	-0.002456803253001688	0.001228401626500844	0.0012284016265008443	0.0012284016265008443	-0.07153180572056256	0.06786578458160694	0.0012092178859539227	0.001231184118631895	0.0012256191343697931	0.9273565740844015