0.9978922887391743	-0.004215422521651702	0.0021077112608258513	0.0021077112608258513	0.0021077112608258513	-0.002107711260825851	-0.004215422521651702	0.0021077112608258526	0.0021077112608258518	0.002107711260825852	-0.00212284897785391	-0.004200282959293145	0.0021077094154953514	0.0021077130541360583	0.0021077094675156435	-0.0007296241068813034
-0.0084308450433034	0.983138309913393	0.008430845043303404	0.008430845043303404	0.008430845043303404	-0.0084308450433034	-0.016861690086606804	0.008430845043303405	0.0084308450433034	0.008430845043303405	-0.008491395911415636	-0.016801131837172585	0.008430837661981406	0.008430852216544236	0.00843083787006257	-0.0029184964275252127
0.004215422521651702	0.008430845043303404	0.995784577478348	-0.004215422521651701	-0.004215422521651702	0.0042154225216517	0.008430845043303402	-0.0042154225216517035	-0.004215422521651701	-0.004215422521651703	0.004245697955707818	0.008400565918586293	-0.004215418830990703	-0.004215426108272117	-0.004215418935031286	0.001459248213762606
0.006323133782477553	0.012646267564955103	-0.006323133782477553	0.9936768662175225	-0.006323133782477554	0.006323133782477553	0.012646267564955108	-0.006323133782477557	-0.006323133782477552	-0.006323133782477555	0.006368546933561728	0.012600848877879435	-0.006323128246486058	-0.006323139162408171	-0.006323128402546929	0.0021888723206439096
0.012646267564955111	0.025292535129910216	-0.012646267564955111	-0.012646267564955111	0.9873537324350451	0.01264626756495511	0.025292535129910223	-0.012646267564955117	-0.012646267564955108	-0.012646267564955115	0.012737093867123461	0.025201697755758885	-0.012646256492972118	-0.012646278324816353	-0.01264625680509387	0.004377744641287821
-0.0021077112608258505	-0.004215422521651701	0.0021077112608258505	0.0021077112608258505	0.0021077112608258513	0.9978922887391742	-0.004215422521651702	0.002107711260825852	0.002107711260825851	0.002107711260825852	-0.0021228489778539104	-0.004200282959293146	0.0021077094154953514	0.0021077130541360583	0.002107709467515644	-0.0007296241068813032
-0.008430845043303404	-0.016861690086606807	0.008430845043303404	0.008430845043303404	0.008430845043303405	-0.008430845043303405	0.9831383099133931	0.008430845043303409	0.008430845043303404	0.008430845043303409	-0.00849139591141564	-0.01680113183717258	0.008430837661981409	0.008430852216544233	0.008430837870062578	-0.002918496427525212
0.004215422521651702	0.008430845043303404	-0.004215422521651702	-0.004215422521651702	-0.004215422521651703	0.004215422521651703	0.008430845043303404	0.995784577478349	-0.004215422521651701	-0.0042154225216517035	0.004245697955707821	0.00840056591858629	-0.004215418830990704	-0.004215426108272118	-0.004215418935031289	0.001459248213762606
0.006323133782477553	0.012646267564955103	-0.006323133782477553	-0.006323133782477553	-0.006323133782477553	0.006323133782477552	0.012646267564955104	-0.006323133782477553	0.993676866217522	-0.006323133782477554	0.006368546933561727	0.012600848877879439	-0.006323128246486057	-0.006323139162408174	-0.006323128402546931	0.0021888723206439087
0.012646267564955113	0.02529253512991022	-0.012646267564955111	-0.012646267564955111	-0.012646267564955113	0.012646267564955111	0.025292535129910223	-0.012646267564955115	-0.012646267564955113	0.9873537324350453	0.012737093867123458	0.025201697755758878	-0.01264625649297212	-0.012646278324816351	-0.012646256805093866	0.004377744641287821
-0.0020979726573830283	-0.004195945314766056	0.0020979726573830283	0.0020979726573830283	0.0020979726573830283	-0.0020979726573830283	-0.0041959453147660565	0.002097972657383029	0.0020979726573830287	0.002097972657383029	0.9589642251842323	0.034730312116150235	0.002109517384851331	0.0020976159728986797	0.002098329341867379	-0.04240955902929122
-0.007748939829988621	-0.015497879659977242	0.007748939829988622	0.007748939829988621	0.007748939829988622	-0.007748939829988621	-0.015497879659977237	0.007748939829988625	0.007748939829988621	0.007748939829988624	0.08659526503458936	0.8901560866260356	0.00775076867939784	0.007748248906814281	0.007749630753162964	-0.08322112673934776
0.004215422402665501	0.008430844805331001	-0.004215422402665501	-0.0042154224026655	-0.0042154224026655016	0.004215422402665501	0.008430844805331001	-0.004215422402665503	-0.0042154224026655016	-0.004215422402665502	0.004269034039391728	0.008399042165435194	0.9957627686005042	-0.004215426170083528	-0.00421541863524748	0.0014388866751610632
0.006323182841910986	0.01264636568382197	-0.0063231828419109855	-0.006323182841910986	-0.006323182841910986	0.006323182841910986	0.012646365683821971	-0.006323182841910987	-0.0063231828419109855	-0.006323182841910986	0.006369408650202082	0.012600134143995865	-0.006323177110375975	0.9936693844203434	-0.006315750104165419	0.0021823003119901866
0.01264626740635889	0.025292534812717773	-0.012646267406358888	-0.012646267406358888	-0.012646267406358892	0.012646267406358887	0.025292534812717773	-0.012646267406358894	-0.012646267406358892	-0.012646267406358894	0.012738718765451755	0.025200071990570585	-0.012646255943304568	-0.012631423652554135	0.9873388888398369	0.004364561292364592
-0.006265237631405385	-0.012530475262810765	0.006265237631405384	0.006265237631405385	0.0062652376314053845	-0.0062652376314053845	-0.012530475262810765	0.0062652376314053845	0.006265237631405384	0.006265237631405384	-0.23971596125062383	0.2209818519384573	0.006203634049355984	0.006277946644748436	0.006252528618062329	0.7477163669192237