0.9995649948904475	-0.0008700102191045164	0.0004350051095522582	0.0004350051095522582	0.00043500510955225824	-0.00043500510955225824	-0.0008700102191045165	0.00043500510955225813	0.0004350051095522582	0.00043500510955225824	-0.00043552912975862267	-0.0008694860623814505	0.0004350049730355567	0.00043500513232978274	0.00043500508677473386	-0.00019625254995162404
-0.0017400204382090325	0.9965199591235817	0.0017400204382090325	0.0017400204382090325	0.0017400204382090328	-0.001740020438209033	-0.003480040876418066	0.0017400204382090325	0.0017400204382090328	0.0017400204382090328	-0.0017421165190344907	-0.0034779442495258017	0.001740019892142227	0.0017400205293191316	0.0017400203470989354	-0.0007850101998064965
0.0008700102191045165	0.001740020438209033	0.9991299897808956	-0.0008700102191045167	-0.0008700102191045168	0.0008700102191045168	0.0017400204382090336	-0.0008700102191045166	-0.0008700102191045168	-0.0008700102191045169	0.0008710582595172456	0.001738972124762901	-0.0008700099460711137	-0.0008700102646595658	-0.0008700101735494676	0.00039250509990324835
0.0013050153286567742	0.0026100306573135484	-0.0013050153286567744	0.9986949846713432	-0.001305015328656775	0.0013050153286567746	0.0026100306573135492	-0.0013050153286567746	-0.0013050153286567746	-0.001305015328656775	0.001306587389275868	0.0026084581871443514	-0.0013050149191066694	-0.0013050153969893484	-0.0013050152603242013	0.0005887576498548723
0.0026100306573135492	0.0052200613146270985	-0.0026100306573135497	-0.00261003065731355	0.9973899693426866	0.0026100306573135505	0.005220061314627101	-0.0026100306573135505	-0.0026100306573135505	-0.002610030657313551	0.0026131747785517368	0.0052169163742887045	-0.0026100298382133393	-0.002610030793978696	-0.002610030520648402	0.0011775152997097445
-0.0004350051095522584	-0.0008700102191045168	0.0004350051095522584	0.00043500510955225846	0.0004350051095522584	0.9995649948904477	-0.0008700102191045166	0.00043500510955225824	0.0004350051095522583	0.00043500510955225835	-0.0004355291297586227	-0.0008694860623814505	0.0004350049730355567	0.00043500513232978285	0.0004350050867747338	-0.00019625254995162412
-0.0017400204382090328	-0.0034800408764180655	0.0017400204382090328	0.001740020438209033	0.0017400204382090328	-0.0017400204382090332	0.9965199591235819	0.0017400204382090328	0.0017400204382090328	0.0017400204382090328	-0.0017421165190344907	-0.003477944249525802	0.0017400198921422264	0.0017400205293191312	0.0017400203470989354	-0.0007850101998064964
0.0008700102191045165	0.001740020438209033	-0.0008700102191045165	-0.0008700102191045166	-0.0008700102191045165	0.0008700102191045168	0.0017400204382090332	0.9991299897808955	-0.0008700102191045166	-0.0008700102191045166	0.0008710582595172456	0.0017389721247629013	-0.0008700099460711133	-0.0008700102646595657	-0.0008700101735494676	0.0003925050999032483
0.0013050153286567746	0.0026100306573135492	-0.0013050153286567748	-0.001305015328656775	-0.0013050153286567748	0.0013050153286567748	0.0026100306573135497	-0.0013050153286567746	0.9986949846713432	-0.001305015328656775	0.001306587389275868	0.002608458187144351	-0.0013050149191066694	-0.0013050153969893484	-0.0013050152603242009	0.0005887576498548724
0.00261003065731355	0.0052200613146271	-0.0026100306573135505	-0.002610030657313551	-0.00261003065731355	0.0026100306573135505	0.005220061314627101	-0.00261003065731355	-0.00261003065731355	0.9973899693426868	0.0026131747785517368	0.005216916374288703	-0.00261002983821334	-0.0026100307939786968	-0.0026100305206484026	0.0011775152997097454
-0.00043484599079671453	-0.0008696919815934291	0.00043484599079671453	0.0004348459907967146	0.00043484599079671453	-0.0004348459907967146	-0.0008696919815934293	0.00043484599079671453	0.0004348459907967146	0.0004348459907967146	0.9872388742931086	0.011453015026430624	0.00043841869886727117	0.0004348255602959014	0.00043486642129752785	-0.01284341177251735
-0.0017044282123108003	-0.0034088564246216014	0.0017044282123108003	0.0017044282123108007	0.0017044282123108005	-0.001704428212310801	-0.0034088564246216022	0.001704428212310801	0.0017044282123108013	0.0017044282123108016	0.024868399164191562	0.9700180194300456	0.0017047249811409037	0.001704387763319383	0.00170446866130222	-0.02573453606802232
0.000870010217762896	0.001740020435525792	-0.0008700102177628959	-0.0008700102177628961	-0.0008700102177628961	0.0008700102177628963	0.0017400204355257924	-0.0008700102177628961	-0.0008700102177628962	-0.0008700102177628962	0.000878205263141268	0.0017387571270449625	0.9991230580453396	-0.000870010274314501	-0.0008700101612112914	0.0003857916841975359
0.00130501734998487	0.0026100346999697404	-0.0013050173499848706	-0.0013050173499848706	-0.0013050173499848702	0.0013050173499848706	0.0026100346999697412	-0.0013050173499848706	-0.0013050173499848702	-0.00130501734998487	0.001306644847177408	0.0026084067784621252	-0.0013050169256697928	0.998693447419109	-0.0013034821190787713	0.0005872798198359861
0.0026100306566496593	0.005220061313299319	-0.0026100306566496597	-0.00261003065664966	-0.0026100306566496593	0.0026100306566496597	0.0052200613132993194	-0.0026100306566496593	-0.0026100306566496597	-0.0026100306566496593	0.0026132856485905883	0.005216805472728864	-0.0026100298080201363	-0.002606960477353013	0.9973868991640537	0.0011745577522135103
-0.001304089599726454	-0.002608179199452908	0.0013040895997264543	0.0013040895997264545	0.001304089599726454	-0.0013040895997264543	-0.0026081791994529086	0.0013040895997264543	0.0013040895997264545	0.0013040895997264543	-0.07521875051049305	0.07132663749217977	0.0012839338188604117	0.0013070372640593703	0.0013011419353935374	0.9235250536509669