0.9987049834419189	-0.0025900331161628634	0.0012950165580814322	0.0012950165580814317	0.0012950165580814317	-0.0012950165580814317	-0.002590033116162863	0.0012950165580814317	0.0012950165580814317	0.0012950165580814317	-0.0013018192180026965	-0.002583229003134295	0.001295015104974128	0.0012950170395413488	0.0012950160766215157	-0.0005036722251394587
-0.005180066232325724	0.9896398675353483	0.005180066232325729	0.005180066232325727	0.005180066232325727	-0.005180066232325727	-0.010360132464651452	0.005180066232325728	0.005180066232325726	0.005180066232325725	-0.005207276872010787	-0.010332916012537184	0.0051800604198965145	0.005180068158165395	0.005180064306486061	-0.0020146889005578346
0.002590033116162864	0.005180066232325728	0.9974099668838379	-0.0025900331161628643	-0.0025900331161628643	0.0025900331161628643	0.005180066232325729	-0.0025900331161628647	-0.0025900331161628647	-0.0025900331161628647	0.0026036384360053934	0.005166458006268593	-0.0025900302099482572	-0.002590034079082698	-0.0025900321532430323	0.0010073444502789175
0.003885049674244297	0.007770099348488591	-0.003885049674244296	0.9961149503257555	-0.0038850496742442956	0.003885049674244297	0.007770099348488591	-0.0038850496742442965	-0.003885049674244295	-0.0038850496742442956	0.00390545765400809	0.007749687009402884	-0.003885045314922385	-0.0038850511186240477	-0.003885048229864545	0.0015110166754183753
0.007770099348488593	0.015540198696977182	-0.007770099348488591	-0.007770099348488591	0.9922299006515115	0.007770099348488592	0.015540198696977182	-0.007770099348488593	-0.007770099348488592	-0.007770099348488591	0.00781091530801618	0.015499374018805766	-0.007770090629844769	-0.0077701022372480945	-0.007770096459729093	0.003022033350836751
-0.0012950165580814315	-0.002590033116162863	0.0012950165580814317	0.001295016558081432	0.0012950165580814315	0.9987049834419186	-0.002590033116162863	0.0012950165580814315	0.0012950165580814315	0.0012950165580814315	-0.0013018192180026967	-0.002583229003134296	0.001295015104974128	0.0012950170395413488	0.0012950160766215157	-0.0005036722251394587
-0.005180066232325727	-0.010360132464651454	0.005180066232325728	0.005180066232325729	0.005180066232325727	-0.005180066232325727	0.9896398675353483	0.005180066232325728	0.005180066232325729	0.005180066232325729	-0.005207276872010788	-0.010332916012537182	0.005180060419896514	0.005180068158165396	0.005180064306486061	-0.0020146889005578346
0.0025900331161628634	0.005180066232325727	-0.002590033116162864	-0.0025900331161628643	-0.0025900331161628634	0.0025900331161628634	0.005180066232325728	0.9974099668838374	-0.0025900331161628647	-0.0025900331161628643	0.0026036384360053942	0.005166458006268592	-0.002590030209948257	-0.002590034079082699	-0.0025900321532430315	0.001007344450278917
0.003885049674244297	0.007770099348488592	-0.003885049674244296	-0.003885049674244296	-0.003885049674244295	0.003885049674244296	0.007770099348488594	-0.0038850496742442978	0.9961149503257558	-0.0038850496742442978	0.003905457654008091	0.007749687009402886	-0.003885045314922385	-0.003885051118624048	-0.0038850482298645474	0.0015110166754183755
0.007770099348488595	0.015540198696977186	-0.007770099348488594	-0.007770099348488593	-0.007770099348488591	0.007770099348488593	0.01554019869697719	-0.007770099348488596	-0.007770099348488593	0.9922299006515113	0.007810915308016184	0.015499374018805771	-0.007770090629844771	-0.007770102237248095	-0.007770096459729095	0.003022033350836751
-0.001292120381145381	-0.002584240762290762	0.001292120381145381	0.001292120381145381	0.001292120381145381	-0.001292120381145381	-0.0025842407622907616	0.0012921203811453812	0.0012921203811453814	0.001292120381145381	0.9705291132338097	0.025586026604098477	0.0013006193998005675	0.0012919680939029374	0.0012922726683878248	-0.03031441802825549
-0.00490173973224502	-0.009803479464490039	0.004901739732245019	0.004901739732245019	0.0049017397322450185	-0.0049017397322450185	-0.009803479464490037	0.0049017397322450185	0.00490173973224502	0.0049017397322450185	0.06124701774462374	0.9240464253337675	0.004903077457118809	0.004901442341882035	0.004902037122608008	-0.059862936974774406
0.0025900330690620563	0.0051800661381241125	-0.002590033069062056	-0.002590033069062056	-0.0025900330690620554	0.0025900330690620554	0.005180066138124112	-0.0025900330690620563	-0.0025900330690620567	-0.002590033069062056	0.00262068276174249	0.005165449189913767	0.9973939341864684	-0.0025900341109882288	-0.0025900320271358846	0.000992338382093819
0.0038850678948767984	0.007770135789753595	-0.0038850678948767975	-0.0038850678948767984	-0.0038850678948767975	0.0038850678948767984	0.007770135789753597	-0.0038850678948767993	-0.0038850678948767984	-0.0038850678948767975	0.0039058423003376476	0.007749356932829809	-0.003885063443413855	0.9961103634008515	-0.0038804991906047468	0.0015068353195815843
0.007770099316193454	0.015540198632386901	-0.007770099316193452	-0.007770099316193452	-0.007770099316193451	0.007770099316193454	0.015540198632386908	-0.007770099316193456	-0.007770099316193452	-0.007770099316193454	0.007811648042929776	0.015498641002741526	-0.007770090413284395	-0.007760967763526831	0.9922207691311401	0.003013655056383251
-0.003867894069240678	-0.007735788138481354	0.003867894069240678	0.003867894069240677	0.0038678940692406763	-0.003867894069240678	-0.007735788138481356	0.003867894069240679	0.003867894069240678	0.003867894069240678	-0.17282434685603443	0.16126588154879246	0.0038226771687606296	0.0038761133380183026	0.0038596748004630544	0.819614798752328