0.9984065368793665	-0.0031869262412673564	0.0015934631206336784	0.0015934631206336778	0.0015934631206336782	-0.0015934631206336787	-0.003186926241267357	0.0015934631206336787	0.001593463120633679	0.0015934631206336784	-0.0016034197350187666	-0.0031769677582173827	0.0015934612519687885	0.0015934639658547313	0.001593462275412627	-0.000593167577113606
-0.006373852482534714	0.9872522950349306	0.006373852482534714	0.006373852482534712	0.006373852482534714	-0.006373852482534715	-0.012747704965069426	0.006373852482534714	0.006373852482534716	0.006373852482534714	-0.0064136789400750654	-0.012707871032869526	0.006373845007875153	0.006373855863418927	0.006373849101650509	-0.002372670308454423
0.003186926241267357	0.006373852482534713	0.9968130737587325	-0.0031869262412673556	-0.003186926241267356	0.003186926241267357	0.006373852482534712	-0.0031869262412673564	-0.0031869262412673577	-0.003186926241267356	0.003206839470037532	0.0063539355164347645	-0.0031869225039375774	-0.0031869279317094613	-0.003186924550825254	0.0011863351542272115
0.004780389361901036	0.009560778723802071	-0.0047803893619010355	0.9952196106380986	-0.004780389361901036	0.004780389361901037	0.009560778723802071	-0.0047803893619010355	-0.004780389361901037	-0.004780389361901037	0.004810259205056299	0.009530903274652145	-0.004780383755906366	-0.004780391897564194	-0.004780386826237886	0.0017795027313408172
0.009560778723802075	0.01912155744760415	-0.009560778723802071	-0.009560778723802071	0.9904392212761978	0.009560778723802075	0.019121557447604142	-0.009560778723802073	-0.009560778723802076	-0.009560778723802075	0.009620518410112602	0.019061806549304287	-0.00956076751181273	-0.009560783795128385	-0.00956077365247577	0.0035590054626816335
-0.001593463120633679	-0.003186926241267358	0.0015934631206336793	0.001593463120633679	0.001593463120633679	0.9984065368793665	-0.0031869262412673577	0.001593463120633679	0.0015934631206336797	0.001593463120633679	-0.0016034197350187668	-0.0031769677582173836	0.0015934612519687892	0.0015934639658547313	0.001593462275412628	-0.000593167577113606
-0.006373852482534714	-0.012747704965069427	0.006373852482534715	0.006373852482534714	0.006373852482534714	-0.0063738524825347155	0.9872522950349303	0.006373852482534713	0.006373852482534716	0.006373852482534714	-0.006413678940075064	-0.012707871032869526	0.006373845007875153	0.0063738558634189235	0.0063738491016505075	-0.002372670308454423
0.003186926241267357	0.006373852482534714	-0.0031869262412673573	-0.003186926241267357	-0.003186926241267357	0.003186926241267358	0.006373852482534713	0.9968130737587325	-0.0031869262412673577	-0.003186926241267356	0.0032068394700375314	0.006353935516434762	-0.0031869225039375766	-0.003186927931709462	-0.003186924550825254	0.0011863351542272115
0.004780389361901038	0.009560778723802076	-0.004780389361901037	-0.004780389361901037	-0.004780389361901038	0.004780389361901039	0.009560778723802075	-0.004780389361901038	0.9952196106380995	-0.004780389361901038	0.004810259205056301	0.009530903274652143	-0.004780383755906365	-0.004780391897564194	-0.004780386826237885	0.0017795027313408168
0.009560778723802075	0.01912155744760415	-0.009560778723802073	-0.009560778723802073	-0.009560778723802075	0.009560778723802076	0.019121557447604146	-0.009560778723802075	-0.009560778723802075	0.9904392212761977	0.0096205184101126	0.019061806549304287	-0.009560767511812734	-0.009560783795128388	-0.00956077365247577	0.003559005462681634
-0.0015885852932824866	-0.0031771705865649732	0.0015885852932824866	0.0015885852932824864	0.0015885852932824866	-0.0015885852932824868	-0.0031771705865649732	0.0015885852932824868	0.001588585293282487	0.0015885852932824866	0.9660067904608524	0.029217689848465157	0.0015983491041173842	0.00158836571564288	0.0015888048709220936	-0.03507377321509985
-0.0059658628867688916	-0.011931725773537783	0.0059658628867688916	0.005965862886768891	0.005965862886768891	-0.005965862886768892	-0.011931725773537781	0.0059658628867688916	0.005965862886768892	0.005965862886768891	0.07130345987440875	0.9107973507530416	0.005967463599012336	0.005965435552121655	0.005966290221416131	-0.06905908588753293
0.003186926163318395	0.00637385232663679	-0.003186926163318395	-0.003186926163318395	-0.003186926163318395	0.0031869261633183958	0.006373852326636789	-0.0031869261633183953	-0.0031869261633183958	-0.003186926163318395	0.0032264608383389265	0.0063526966827127706	0.9967946948055855	-0.003186927966591076	-0.003186924360045715	0.0011691995005915648
0.004780417113186771	0.009560834226373542	-0.00478041711318677	-0.00478041711318677	-0.004780417113186771	0.004780417113186773	0.009560834226373542	-0.004780417113186773	-0.004780417113186773	-0.004780417113186773	0.004810802110128038	0.009530443496103375	-0.00478041137985787	0.995213962051796	-0.00477479627816988	0.0017744277494407981
0.0095607786595687	0.0191215573191374	-0.0095607786595687	-0.009560778659568702	-0.0095607786595687	0.009560778659568704	0.019121557319137398	-0.009560778659568702	-0.009560778659568702	-0.009560778659568702	0.009621548509104906	0.019060776002967152	-0.009560767192934638	-0.009549547249562506	0.9904279899304262	0.003548832343124538
-0.004751445201801848	-0.009502890403603696	0.004751445201801848	0.004751445201801846	0.004751445201801846	-0.004751445201801849	-0.009502890403603692	0.004751445201801849	0.004751445201801849	0.004751445201801849	-0.19903947880751827	0.18483685293815327	0.004699735465761369	0.004761361673974302	0.004741528729629394	0.7913250556401105