0.9985494553125949	-0.0029010893748114153	0.0014505446874057077	0.0014505446874057083	0.0014505446874057079	-0.0014505446874057088	-0.0029010893748114158	0.0014505446874057075	0.001450544687405708	0.0014505446874057079	-0.0014589756235346707	-0.0028926567442963836	0.0014505429930196385	0.0014505453427796444	0.0014505440320317711	-0.0005512807203348661
-0.005802178749622831	0.988395642500754	0.00580217874962283	0.005802178749622832	0.005802178749622831	-0.005802178749622834	-0.01160435749924566	0.005802178749622829	0.005802178749622832	0.005802178749622831	-0.005835902494138682	-0.011570626977185533	0.005802171972078552	0.005802181371118576	0.005802176128127084	-0.0022051228813394635
0.002901089374811416	0.0058021787496228315	0.9970989106251885	-0.0029010893748114158	-0.002901089374811415	0.0029010893748114166	0.00580217874962283	-0.0029010893748114145	-0.0029010893748114158	-0.002901089374811415	0.0029179512470693413	0.005785313488592767	-0.0029010859860392766	-0.002901090685559288	-0.0029010880640635427	0.0011025614406697318
0.0043516340622171195	0.008703268124434239	-0.0043516340622171195	0.9956483659377832	-0.004351634062217121	0.004351634062217123	0.008703268124434243	-0.0043516340622171195	-0.004351634062217122	-0.004351634062217121	0.004376926870604011	0.008677970232889154	-0.004351628979058913	-0.004351636028338933	-0.004351632096095313	0.0016538421610045974
0.00870326812443424	0.01740653624886848	-0.00870326812443424	-0.008703268124434244	0.9912967318755659	0.008703268124434244	0.017406536248868485	-0.008703268124434239	-0.008703268124434244	-0.008703268124434244	0.008753853741208021	0.01735594046577829	-0.008703257958117824	-0.008703272056677862	-0.008703264192190622	0.003307684322009194
-0.0014505446874057088	-0.0029010893748114175	0.0014505446874057088	0.0014505446874057088	0.0014505446874057085	0.9985494553125951	-0.0029010893748114158	0.0014505446874057075	0.0014505446874057083	0.001450544687405708	-0.0014589756235346713	-0.002892656744296384	0.0014505429930196387	0.0014505453427796449	0.0014505440320317718	-0.0005512807203348659
-0.005802178749622831	-0.01160435749924566	0.00580217874962283	0.00580217874962283	0.00580217874962283	-0.0058021787496228315	0.9883956425007542	0.005802178749622826	0.005802178749622829	0.005802178749622828	-0.0058359024941386835	-0.011570626977185533	0.005802171972078552	0.005802181371118574	0.005802176128127085	-0.0022051228813394635
0.0029010893748114153	0.00580217874962283	-0.002901089374811415	-0.002901089374811415	-0.0029010893748114145	0.0029010893748114158	0.005802178749622829	0.997098910625188	-0.002901089374811414	-0.002901089374811414	0.0029179512470693405	0.005785313488592765	-0.002901085986039276	-0.002901090685559288	-0.0029010880640635422	0.0011025614406697316
0.004351634062217121	0.00870326812443424	-0.004351634062217121	-0.004351634062217123	-0.004351634062217121	0.004351634062217124	0.008703268124434246	-0.00435163406221712	0.9956483659377829	-0.004351634062217124	0.004376926870604012	0.00867797023288915	-0.004351628979058914	-0.004351636028338933	-0.004351632096095312	0.001653842161004598
0.008703268124434244	0.01740653624886849	-0.008703268124434244	-0.008703268124434248	-0.008703268124434244	0.00870326812443425	0.017406536248868495	-0.008703268124434244	-0.008703268124434251	0.9912967318755658	0.00875385374120802	0.0173559404657783	-0.008703257958117825	-0.008703272056677862	-0.00870326419219062	0.0033076843220091953
-0.0014466887549546164	-0.002893377509909233	0.0014466887549546164	0.0014466887549546162	0.001446688754954616	-0.0014466887549546164	-0.002893377509909232	0.0014466887549546164	0.0014466887549546162	0.001446688754954616	0.9681214327052442	0.027529319527507427	0.0014558702573388013	0.001446502602980162	0.0014468749069290702	-0.032851113240678784
-0.005459019936070678	-0.010918039872141355	0.005459019936070678	0.005459019936070679	0.005459019936070677	-0.00545901993607068	-0.010918039872141357	0.005459019936070677	0.005459019936070678	0.0054590199360706766	0.06661414556985733	0.9170073089824939	0.005460505575507525	0.005458657086419612	0.005459382785721741	-0.06476653919914727
0.0029010893119523953	0.005802178623904789	-0.0029010893119523953	-0.0029010893119523953	-0.002901089311952395	0.002901089311952396	0.0058021786239047905	-0.002901089311952395	-0.0029010893119523957	-0.002901089311952395	0.002936382210838162	0.0057841792187332455	0.9970816171943332	-0.002901090718778581	-0.002901087905126209	0.0010864154528417516
0.004351656993075287	0.008703313986150573	-0.004351656993075287	-0.0043516569930752876	-0.004351656993075286	0.004351656993075288	0.008703313986150575	-0.004351656993075287	-0.004351656993075289	-0.0043516569930752876	0.004377391474200918	0.00867757431181001	-0.00435165179986035	0.9956432259662251	-0.004346539952376082	0.0016491927110775725
0.008703268077296829	0.017406536154593658	-0.008703268077296829	-0.008703268077296832	-0.008703268077296829	0.008703268077296832	0.01740653615459366	-0.008703268077296829	-0.008703268077296834	-0.00870326807729683	0.008754736925483439	0.01735505691999805	-0.008703257690887827	-0.008693041958138165	0.9912865058035437	0.0032983660652489495
-0.0043287706757060024	-0.008657541351412005	0.004328770675706002	0.0043287706757060024	0.0043287706757060024	-0.0043287706757060024	-0.008657541351412003	0.004328770675706001	0.004328770675706003	0.004328770675706002	-0.18679144406586728	0.17385382079379708	0.004280081920658114	0.0043378818429089345	0.004319659508503071	0.804536346272148