0.999422344063311	-0.0011553118733776807	0.0005776559366888403	0.0005776559366888404	0.0005776559366888403	-0.0005776559366888405	-0.0011553118733776807	0.0005776559366888405	0.0005776559366888406	0.0005776559366888404	-0.0005787429474634117	-0.0011542245858376231	0.000577655659923354	0.0005776559877719677	0.0005776558856057127	-0.00025333825926008815
-0.0023106237467553615	0.9953787525064897	0.002310623746755361	0.002310623746755361	0.002310623746755361	-0.002310623746755362	-0.004621247493510723	0.0023106237467553623	0.0023106237467553623	0.0023106237467553623	-0.0023149717898536463	-0.004616898343350495	0.0023106226396934146	0.0023106239510878716	0.002310623542422853	-0.0010133530370403524
0.00115531187337768	0.0023106237467553597	0.9988446881266221	-0.0011553118733776805	-0.0011553118733776803	0.0011553118733776807	0.002310623746755361	-0.0011553118733776807	-0.001155311873377681	-0.0011553118733776807	0.0011574858949268234	0.0023084491716752462	-0.001155311319846707	-0.0011553119755439347	-0.001155311771211426	0.0005066765185201761
0.0017329678100665206	0.0034659356201330416	-0.0017329678100665208	0.9982670321899333	-0.0017329678100665212	0.001732967810066521	0.0034659356201330424	-0.0017329678100665214	-0.0017329678100665212	-0.0017329678100665216	0.001736228842390234	0.0034626737575128683	-0.0017329669797700614	-0.0017329679633159031	-0.0017329676568171397	0.0007600147777802644
0.0034659356201330407	0.006931871240266083	-0.003465935620133041	-0.0034659356201330416	0.996534064379867	0.003465935620133041	0.006931871240266083	-0.003465935620133043	-0.003465935620133042	-0.0034659356201330433	0.003472457684780467	0.006925347515025738	-0.003465933959540122	-0.003465935926631807	-0.0034659353136342786	0.0015200295555605288
-0.0005776559366888403	-0.0011553118733776803	0.0005776559366888402	0.0005776559366888405	0.0005776559366888404	0.9994223440633114	-0.001155311873377681	0.0005776559366888407	0.0005776559366888408	0.0005776559366888407	-0.0005787429474634119	-0.0011542245858376233	0.0005776556599233539	0.0005776559877719675	0.0005776558856057128	-0.0002533382592600881
-0.0023106237467553615	-0.004621247493510722	0.002310623746755361	0.0023106237467553623	0.002310623746755362	-0.002310623746755362	0.9953787525064896	0.002310623746755363	0.0023106237467553636	0.002310623746755363	-0.0023149717898536463	-0.0046168983433504925	0.0023106226396934154	0.00231062395108787	0.002310623542422853	-0.001013353037040353
0.001155311873377681	0.0023106237467553615	-0.0011553118733776807	-0.0011553118733776814	-0.0011553118733776812	0.0011553118733776812	0.0023106237467553623	0.9988446881266227	-0.0011553118733776818	-0.0011553118733776816	0.0011574858949268236	0.0023084491716752462	-0.001155311319846707	-0.0011553119755439351	-0.0011553117712114263	0.0005066765185201763
0.0017329678100665208	0.003465935620133042	-0.001732967810066521	-0.001732967810066521	-0.0017329678100665212	0.0017329678100665212	0.0034659356201330433	-0.0017329678100665219	0.9982670321899336	-0.0017329678100665219	0.0017362288423902342	0.0034626737575128696	-0.0017329669797700614	-0.0017329679633159031	-0.0017329676568171397	0.0007600147777802645
0.0034659356201330407	0.006931871240266082	-0.003465935620133041	-0.003465935620133041	-0.003465935620133042	0.003465935620133042	0.006931871240266085	-0.003465935620133043	-0.003465935620133043	0.9965340643798674	0.0034724576847804684	0.006925347515025737	-0.003465933959540122	-0.0034659359266318063	-0.0034659353136342786	0.001520029555560529
-0.0005773095558655033	-0.0011546191117310063	0.0005773095558655032	0.0005773095558655034	0.0005773095558655033	-0.0005773095558655033	-0.0011546191117310066	0.0005773095558655037	0.0005773095558655037	0.0005773095558655034	0.9838931389577366	0.014370379271203996	0.0005818626593283486	0.0005772746918697744	0.0005773444198612323	-0.01629551496205652
-0.002249396913422519	-0.004498793826845037	0.0022493969134225193	0.0022493969134225193	0.0022493969134225193	-0.0022493969134225193	-0.004498793826845038	0.0022493969134225193	0.0022493969134225193	0.0022493969134225193	0.03188001550854824	0.9613713272634095	0.00224986340119703	0.00224932807830941	0.0022494657485356262	-0.03254741943915906
0.001155311869698043	0.0023106237393960855	-0.001155311869698043	-0.0011553118696980434	-0.0011553118696980432	0.0011553118696980434	0.002310623739396087	-0.001155311869698044	-0.001155311869698044	-0.0011553118696980434	0.001166595743406597	0.0023081096275945597	0.9988359183683949	-0.0011553119904937686	-0.0011553117489023178	0.000498252736478343
0.0017329713844750933	0.003465942768950187	-0.0017329713844750935	-0.0017329713844750933	-0.0017329713844750935	0.0017329713844750937	0.0034659427689501883	-0.0017329713844750946	-0.0017329713844750937	-0.0017329713844750944	0.0017363245942669356	0.0034625887045705624	-0.0017329705298873112	0.9982649900727046	-0.001730932841654678	0.0007580721614019631
0.003465935618240586	0.006931871236481173	-0.0034659356182405866	-0.0034659356182405866	-0.0034659356182405866	0.0034659356182405875	0.006931871236481175	-0.0034659356182405883	-0.003465935618240588	-0.0034659356182405883	0.003472642031233622	0.006925163114314228	-0.003465933909066677	-0.0034618591616755903	0.9965299879251941	0.0015161410426624492
-0.0017309391474250218	-0.003461878294850043	0.001730939147425022	0.0017309391474250218	0.001730939147425022	-0.001730939147425022	-0.0034618782948500444	0.0017309391474250222	0.0017309391474250222	0.0017309391474250226	-0.09485258765135643	0.08968507323639927	0.0017056361201071126	0.0017348065726353113	0.0017270717222147326	0.902982597916906