0.997643903903351	-0.004712192193298076	0.002356096096649038	0.002356096096649037	0.002356096096649037	-0.002356096096649037	-0.004712192193298075	0.0023560960966490375	0.0023560960966490367	0.002356096096649037	-0.0023732865359156453	-0.004695000444268369	0.0023560947868859388	0.0023560985128634913	0.0023560936804345833	-0.0007876240458142354
-0.009424384386596154	0.9811512312268081	0.009424384386596154	0.009424384386596148	0.00942438438659615	-0.009424384386596152	-0.018848768773192307	0.009424384386596155	0.009424384386596152	0.009424384386596152	-0.009493146143662578	-0.018780001777073483	0.009424379147543753	0.00942439405145396	0.00942437472173833	-0.00315049618325694
0.0047121921932980785	0.009424384386596154	0.9952878078067025	-0.004712192193298075	-0.004712192193298076	0.004712192193298077	0.009424384386596155	-0.0047121921932980785	-0.004712192193298077	-0.004712192193298077	0.004746573071831288	0.00939000088853674	-0.0047121895737718775	-0.004712197025726985	-0.004712187360869167	0.0015752480916284704
0.007068288289947117	0.014136576579894236	-0.007068288289947119	0.992931711710053	-0.0070682882899471165	0.007068288289947118	0.014136576579894236	-0.007068288289947118	-0.007068288289947118	-0.007068288289947117	0.007119859607746934	0.014085001332805111	-0.007068284360657817	-0.007068295538590477	-0.007068281041303752	0.0023628721374427046
0.01413657657989423	0.028273153159788462	-0.014136576579894235	-0.014136576579894233	0.9858634234201059	0.01413657657989423	0.02827315315978846	-0.014136576579894231	-0.014136576579894233	-0.01413657657989423	0.014239719215493867	0.028170002665610212	-0.014136568721315631	-0.014136591077180951	-0.014136562082607497	0.00472574427488541
-0.002356096096649039	-0.004712192193298077	0.002356096096649039	0.002356096096649039	0.002356096096649039	0.9976439039033511	-0.004712192193298077	0.002356096096649039	0.002356096096649038	0.002356096096649038	-0.0023732865359156453	-0.004695000444268371	0.002356094786885939	0.002356098512863492	0.002356093680434584	-0.0007876240458142352
-0.00942438438659615	-0.018848768773192293	0.009424384386596148	0.009424384386596148	0.009424384386596148	-0.009424384386596148	0.9811512312268081	0.009424384386596154	0.009424384386596148	0.00942438438659615	-0.009493146143662578	-0.01878000177707348	0.009424379147543753	0.009424394051453963	0.009424374721738335	-0.003150496183256941
0.004712192193298076	0.00942438438659615	-0.004712192193298076	-0.004712192193298075	-0.004712192193298075	0.004712192193298075	0.009424384386596148	0.9952878078067022	-0.004712192193298075	-0.004712192193298076	0.00474657307183129	0.009390000888536741	-0.004712189573771878	-0.004712197025726985	-0.00471218736086917	0.0015752480916284704
0.007068288289947114	0.014136576579894228	-0.007068288289947116	-0.007068288289947116	-0.007068288289947115	0.007068288289947115	0.01413657657989423	-0.007068288289947117	0.9929317117100532	-0.0070682882899471165	0.007119859607746935	0.014085001332805113	-0.007068284360657817	-0.007068295538590477	-0.0070682810413037495	0.002362872137442705
0.014136576579894228	0.028273153159788456	-0.014136576579894231	-0.014136576579894231	-0.01413657657989423	0.01413657657989423	0.02827315315978846	-0.014136576579894235	-0.014136576579894231	0.9858634234201058	0.014239719215493867	0.02817000266561022	-0.014136568721315633	-0.014136591077180951	-0.014136562082607497	0.00472574427488541
-0.002343290527066031	-0.004686581054132061	0.0023432905270660315	0.002343290527066031	0.002343290527066031	-0.002343290527066031	-0.004686581054132061	0.002343290527066031	0.002343290527066031	0.00234329052706603	0.9557875586852673	0.037170320182026935	0.0023555400785735215	0.0023428588911962346	0.0023437221629358292	-0.04567400512404077
-0.00858770036968856	-0.017175400739377115	0.00858770036968856	0.008587700369688561	0.00858770036968856	-0.00858770036968856	-0.01717540073937712	0.00858770036968856	0.008587700369688561	0.008587700369688558	0.09327680605187569	0.8809582635003633	0.00858952970838394	0.00858686578242128	0.00858853495695584	-0.08952755576883856
0.004712192076299129	0.009424384152598258	-0.00471219207629913	-0.004712192076299129	-0.00471219207629913	0.00471219207629913	0.009424384152598258	-0.00471219207629913	-0.004712192076299129	-0.004712192076299129	0.004771434726828767	0.009388389254572109	0.9952645601711974	-0.004712197126317569	-0.0047121870262806925	0.0015534602556343206
0.007068349903650519	0.01413669980730104	-0.0070683499036505205	-0.007068349903650521	-0.00706834990365052	0.007068349903650519	0.014136699807301036	-0.0070683499036505205	-0.00706834990365052	-0.007068349903650518	0.007120895949027062	0.014084149600832452	-0.007068345742558484	0.9929233428118612	-0.007060042619161905	0.0023555953675494672
0.014136576353521222	0.02827315270704245	-0.014136576353521228	-0.014136576353521226	-0.014136576353521226	0.014136576353521222	0.02827315270704245	-0.01413657635352123	-0.014136576353521226	-0.014136576353521222	0.014241668143887186	0.02816805259448497	-0.01413656803132972	-0.01411999102960246	0.98584683832256	0.0047111422626454355
-0.0069921100550378226	-0.013984220110075647	0.0069921100550378226	0.006992110055037824	0.0069921100550378226	-0.0069921100550378226	-0.013984220110075645	0.0069921100550378226	0.006992110055037824	0.0069921100550378226	-0.2580159208406654	0.23710559269134282	0.0069261080392468395	0.007006112795913819	0.006978107314161829	0.7283022079026935