0.99896529005224	-0.0020694198955199	0.0010347099477599501	0.0010347099477599501	0.0010347099477599497	-0.0010347099477599504	-0.002069419895519901	0.0010347099477599504	0.0010347099477599504	0.0010347099477599497	-0.0010389943735037758	-0.00206513447893135	0.0010347089569152268	0.0010347102080768657	0.001034709687443035	-0.0004190327070854081
-0.0041388397910398006	0.9917223204179205	0.004138839791039801	0.004138839791039801	0.0041388397910398	-0.004138839791039801	-0.008277679582079605	0.004138839791039802	0.004138839791039802	0.0041388397910398	-0.004155977494015102	-0.008260537915725405	0.004138835827660909	0.004138840832307465	0.004138838749772143	-0.0016761308283416323
0.002069419895519901	0.004138839791039801	0.9979305801044797	-0.0020694198955199003	-0.0020694198955199	0.0020694198955199007	0.004138839791039803	-0.0020694198955199016	-0.002069419895519901	-0.0020694198955199	0.0020779887470075507	0.004130268957862701	-0.0020694179138304545	-0.0020694204161537315	-0.002069419374886072	0.0008380654141708165
0.0031041298432798506	0.006208259686559703	-0.003104129843279851	0.9968958701567195	-0.0031041298432798493	0.0031041298432798506	0.006208259686559704	-0.0031041298432798524	-0.0031041298432798515	-0.00310412984327985	0.003116983120511327	0.006195403436794054	-0.0031041268707456796	-0.0031041306242305966	-0.003104129062329108	0.0012570981212562244
0.006208259686559702	0.012416519373119408	-0.006208259686559703	-0.006208259686559703	0.9937917403134398	0.006208259686559701	0.01241651937311941	-0.006208259686559705	-0.006208259686559703	-0.0062082596865597	0.006233966241022654	0.012390806873588109	-0.00620825374149136	-0.006208261248461195	-0.0062082581246582155	0.002514196242512448
-0.0010347099477599504	-0.0020694198955199007	0.0010347099477599501	0.0010347099477599501	0.00103470994775995	0.9989652900522398	-0.002069419895519901	0.0010347099477599504	0.0010347099477599504	0.0010347099477599497	-0.0010389943735037755	-0.0020651344789313505	0.0010347089569152268	0.0010347102080768657	0.0010347096874430352	-0.000419032707085408
-0.004138839791039802	-0.008277679582079605	0.004138839791039801	0.004138839791039801	0.0041388397910398006	-0.004138839791039801	0.9917223204179211	0.004138839791039803	0.004138839791039802	0.0041388397910398006	-0.004155977494015105	-0.008260537915725404	0.00413883582766091	0.004138840832307464	0.004138838749772142	-0.001676130828341633
0.002069419895519901	0.004138839791039802	-0.0020694198955199007	-0.0020694198955199007	-0.0020694198955199007	0.0020694198955199007	0.004138839791039802	0.9979305801044804	-0.002069419895519901	-0.0020694198955199003	0.0020779887470075515	0.004130268957862703	-0.0020694179138304554	-0.0020694204161537323	-0.0020694193748860713	0.0008380654141708165
0.003104129843279851	0.006208259686559704	-0.0031041298432798515	-0.0031041298432798515	-0.0031041298432798506	0.003104129843279851	0.006208259686559705	-0.0031041298432798515	0.9968958701567202	-0.0031041298432798506	0.003116983120511327	0.006195403436794056	-0.0031041268707456796	-0.003104130624230598	-0.0031041290623291078	0.0012570981212562246
0.006208259686559703	0.01241651937311941	-0.006208259686559704	-0.006208259686559704	-0.006208259686559703	0.006208259686559703	0.012416519373119411	-0.006208259686559704	-0.006208259686559704	0.9937917403134401	0.006233966241022653	0.012390806873588112	-0.00620825374149136	-0.006208261248461197	-0.006208258124658215	0.0025141962425124487
-0.0010330804484032445	-0.0020661608968064885	0.0010330804484032442	0.0010330804484032442	0.0010330804484032442	-0.0010330804484032442	-0.002066160896806488	0.0010330804484032442	0.0010330804484032445	0.0010330804484032442	0.9748723435963832	0.022021183612183293	0.0010403118946266073	0.0010329785772033482	0.0010331823196031403	-0.025734930411341665
-0.003955320780260165	-0.00791064156052033	0.003955320780260165	0.003955320780260165	0.003955320780260164	-0.003955320780260164	-0.00791064156052033	0.003955320780260164	0.003955320780260165	0.003955320780260163	0.05155816308077206	0.9365748288773971	0.003956366481310479	0.003955121148583399	0.003955520411936931	-0.05098898714360622
0.0020694198706497887	0.004138839741299578	-0.0020694198706497887	-0.002069419870649789	-0.0020694198706497887	0.002069419870649789	0.004138839741299579	-0.002069419870649789	-0.002069419870649789	-0.0020694198706497882	0.0020924736858361015	0.004129492992361775	0.9979168730631017	-0.0020694204446406873	-0.0020694192966588913	0.0008251518136982104
0.003104141415324255	0.006208282830648512	-0.003104141415324255	-0.003104141415324255	-0.003104141415324254	0.0031041414153242545	0.006208282830648512	-0.0031041414153242554	-0.0031041414153242554	-0.003104141415324255	0.003117246794963803	0.006195174414059458	-0.0031041383783747527	0.996892207815787	-0.0031004906464344737	0.0012537128051488327
0.006208259671512658	0.012416519343025317	-0.006208259671512658	-0.006208259671512658	-0.006208259671512657	0.006208259671512658	0.012416519343025319	-0.006208259671512659	-0.006208259671512659	-0.006208259671512657	0.006234470386880235	0.012390302553768516	-0.006208253597623433	-0.006200961308071512	0.993784441965046	0.0025074154814330027
-0.0030944997159941157	-0.006188999431988235	0.0030944997159941157	0.0030944997159941157	0.0030944997159941152	-0.0030944997159941157	-0.006188999431988234	0.0030944997159941165	0.0030944997159941157	0.0030944997159941157	-0.1475672737057826	0.13832263841425843	0.003055635859535938	0.0031011876303660723	0.003087811801622163	0.8468397157233682