0.9983413925283595	-0.0033172149432802904	0.0016586074716401459	0.0016586074716401454	0.0016586074716401467	-0.0016586074716401452	-0.00331721494328029	0.0016586074716401459	0.001658607471640146	0.001658607471640146	-0.0016692585169288576	-0.003306561969992861	0.0016586055436414273	0.0016586084134329263	0.0016586065298473676	-0.0006116808079818683
-0.006634429886560582	0.9867311402268789	0.0066344298865605835	0.006634429886560583	0.006634429886560587	-0.006634429886560581	-0.01326885977312116	0.006634429886560583	0.006634429886560584	0.0066344298865605835	-0.006677034067715431	-0.01322624787997145	0.006634422174565712	0.0066344336537317045	0.006634426119389469	-0.002446723231927474
0.0033172149432802917	0.006634429886560584	0.9966827850567195	-0.0033172149432802913	-0.003317214943280294	0.003317214943280291	0.006634429886560581	-0.0033172149432802917	-0.0033172149432802926	-0.0033172149432802926	0.0033385170338577153	0.006613123939985727	-0.003317211087282855	-0.0033172168268658527	-0.0033172130596947347	0.0012233616159637367
0.004975822414920439	0.009951644829840879	-0.0049758224149204396	0.9950241775850794	-0.0049758224149204396	0.004975822414920438	0.009951644829840877	-0.004975822414920439	-0.0049758224149204396	-0.004975822414920439	0.00500777555078657	0.009919685909978578	-0.004975816630924281	-0.004975825240298776	-0.0049758195895421	0.001835042423945605
0.009951644829840877	0.019903289659681758	-0.009951644829840879	-0.009951644829840877	0.9900483551701597	0.00995164482984088	0.01990328965968176	-0.00995164482984088	-0.009951644829840883	-0.009951644829840879	0.010015551101573143	0.019839371819957173	-0.009951633261848567	-0.009951650480597558	-0.009951639179084206	0.0036700848478912126
-0.0016586074716401457	-0.0033172149432802917	0.0016586074716401463	0.0016586074716401457	0.0016586074716401465	0.9983413925283592	-0.00331721494328029	0.0016586074716401457	0.0016586074716401459	0.0016586074716401459	-0.0016692585169288574	-0.0033065619699928616	0.001658605543641427	0.001658608413432926	0.0016586065298473667	-0.0006116808079818684
-0.006634429886560584	-0.01326885977312117	0.006634429886560587	0.006634429886560584	0.006634429886560588	-0.006634429886560583	0.9867311402268786	0.006634429886560584	0.006634429886560586	0.006634429886560585	-0.006677034067715431	-0.013226247879971448	0.006634422174565711	0.0066344336537317045	0.006634426119389468	-0.0024467232319274742
0.0033172149432802926	0.006634429886560586	-0.003317214943280294	-0.0033172149432802926	-0.0033172149432802943	0.0033172149432802917	0.0066344298865605835	0.9966827850567195	-0.003317214943280293	-0.0033172149432802935	0.0033385170338577157	0.006613123939985724	-0.0033172110872828546	-0.0033172168268658527	-0.0033172130596947342	0.001223361615963737
0.004975822414920439	0.009951644829840877	-0.004975822414920439	-0.004975822414920438	-0.0049758224149204396	0.004975822414920437	0.009951644829840876	-0.004975822414920439	0.9950241775850798	-0.004975822414920439	0.005007775550786572	0.009919685909978581	-0.0049758166309242825	-0.004975825240298777	-0.0049758195895421	0.0018350424239456055
0.009951644829840879	0.01990328965968176	-0.00995164482984088	-0.009951644829840877	-0.009951644829840883	0.009951644829840877	0.019903289659681755	-0.009951644829840879	-0.009951644829840879	0.990048355170159	0.010015551101573145	0.01983937181995717	-0.009951633261848563	-0.009951650480597556	-0.009951639179084204	0.0036700848478912118
-0.0016532181071964851	-0.0033064362143929702	0.0016532181071964855	0.0016532181071964851	0.0016532181071964858	-0.0016532181071964851	-0.0033064362143929702	0.0016532181071964858	0.0016532181071964858	0.0016532181071964858	0.965069699680501	0.029960630207767916	0.001663233897337541	0.0016529825892235119	0.0016534536251694607	-0.036056431650795154
-0.006195241807757064	-0.012390483615514127	0.006195241807757065	0.006195241807757066	0.006195241807757067	-0.006195241807757063	-0.012390483615514125	0.006195241807757064	0.006195241807757066	0.006195241807757066	0.0733703689563082	0.9080422595625698	0.0061968878656079125	0.00619478375832393	0.006195699857190204	-0.07095617509136457
0.0033172148585407686	0.006634429717081537	-0.0033172148585407695	-0.0033172148585407686	-0.00331721485854077	0.0033172148585407677	0.006634429717081536	-0.003317214858540769	-0.00331721485854077	-0.0033172148585407703	0.003358656223693192	0.0066118410462226405	0.9966639324471659	-0.0033172168629160307	-0.0033172128541655095	0.001205790724749228
0.004975852520950213	0.00995170504190043	-0.0049758525209502155	-0.004975852520950215	-0.004975852520950216	0.004975852520950214	0.00995170504190043	-0.0049758525209502155	-0.0049758525209502155	-0.0049758525209502155	0.0050083556503904515	0.009919195993005826	-0.004975846601495855	0.9950182970368073	-0.004970002078708074	0.0018297748899650118
0.009951644756620831	0.019903289513241666	-0.009951644756620835	-0.009951644756620831	-0.009951644756620836	0.009951644756620831	0.019903289513241666	-0.009951644756620835	-0.009951644756620835	-0.009951644756620836	0.010016650856738894	0.019838271574239466	-0.009951632917736703	-0.009939955300536148	0.990036665787295	0.003659524789475411
-0.004943833334869219	-0.00988766666973844	0.004943833334869221	0.004943833334869218	0.004943833334869222	-0.004943833334869218	-0.00988766666973844	0.00494383333486922	0.004943833334869221	0.0049438333348692225	-0.20446167184167094	0.18968321221353826	0.004890792958394325	0.004954112500149128	0.004933554169589315	0.785484201436001