0.9978288545859973	-0.00434229082800479	0.002171145414002395	0.002171145414002395	0.002171145414002396	-0.0021711454140023964	-0.004342290828004791	0.0021711454140023955	0.0021711454140023955	0.0021711454140023964	-0.0021868442336616255	-0.004326590261417357	0.002171143667074189	0.0021711473555324403	0.0021711434724723516	-0.0007449273572203209
-0.008684581656009577	0.982630836687981	0.008684581656009579	0.00868458165600958	0.008684581656009582	-0.008684581656009582	-0.017369163312019157	0.008684581656009579	0.008684581656009579	0.00868458165600958	-0.008747376934646499	-0.017306361045669422	0.008684574668296755	0.008684589422129756	0.008684573889889406	-0.0029797094288812826
0.004342290828004788	0.00868458165600958	0.9956577091719947	-0.004342290828004789	-0.004342290828004791	0.004342290828004791	0.008684581656009579	-0.00434229082800479	-0.004342290828004789	-0.004342290828004792	0.004373688467323251	0.008653180522834716	-0.004342287334148378	-0.004342294711064877	-0.004342286944944702	0.0014898547144406413
0.0065134362420071895	0.01302687248401438	-0.0065134362420071895	0.9934865637579924	-0.00651343624200719	0.006513436242007189	0.013026872484014377	-0.006513436242007188	-0.006513436242007188	-0.006513436242007189	0.006560532700984875	0.012979770784252073	-0.006513431001222566	-0.006513442066597319	-0.0065134304174170555	0.002234782071660962
0.013026872484014379	0.02605374496802877	-0.01302687248401438	-0.01302687248401438	0.9869731275159859	0.013026872484014374	0.02605374496802875	-0.013026872484014377	-0.013026872484014377	-0.013026872484014377	0.013121065401969747	0.02595954156850414	-0.013026862002445135	-0.013026884133194637	-0.01302686083483411	0.004469564143321923
-0.002171145414002395	-0.004342290828004791	0.0021711454140023955	0.0021711454140023955	0.0021711454140023946	0.9978288545859975	-0.004342290828004791	0.0021711454140023955	0.002171145414002395	0.0021711454140023964	-0.0021868442336616246	-0.0043265902614173565	0.002171143667074189	0.0021711473555324403	0.0021711434724723516	-0.0007449273572203206
-0.00868458165600958	-0.017369163312019167	0.008684581656009582	0.008684581656009582	0.00868458165600958	-0.00868458165600958	0.9826308366879806	0.008684581656009582	0.00868458165600958	0.008684581656009584	-0.008747376934646493	-0.017306361045669426	0.008684574668296757	0.00868458942212976	0.008684573889889404	-0.0029797094288812817
0.00434229082800479	0.008684581656009582	-0.004342290828004791	-0.004342290828004791	-0.00434229082800479	0.00434229082800479	0.008684581656009582	0.9956577091719951	-0.00434229082800479	-0.004342290828004792	0.004373688467323248	0.008653180522834713	-0.004342287334148376	-0.004342294711064881	-0.004342286944944702	0.0014898547144406413
0.00651343624200719	0.013026872484014384	-0.006513436242007191	-0.006513436242007191	-0.0065134362420071895	0.006513436242007188	0.013026872484014377	-0.006513436242007189	0.9934865637579927	-0.006513436242007189	0.006560532700984874	0.012979770784252071	-0.006513431001222567	-0.006513442066597318	-0.006513430417417053	0.002234782071660961
0.013026872484014377	0.02605374496802876	-0.013026872484014377	-0.013026872484014379	-0.013026872484014377	0.013026872484014374	0.02605374496802875	-0.013026872484014376	-0.013026872484014377	0.9869731275159858	0.013121065401969747	0.025959541568504142	-0.013026862002445135	-0.013026884133194637	-0.013026860834834106	0.0044695641433219226
-0.0021606706013365972	-0.0043213412026731944	0.002160670601336597	0.0021606706013365977	0.0021606706013365972	-0.002160670601336597	-0.0043213412026731944	0.0021606706013365964	0.002160670601336597	0.0021606706013365977	0.9581418637610026	0.03536439080534891	0.0021724042309754486	0.0021602952920430274	0.0021610459106301684	-0.043257541929208464
-0.007964535086681605	-0.01592907017336321	0.007964535086681605	0.007964535086681605	0.007964535086681608	-0.00796453508668161	-0.01592907017336322	0.007964535086681608	0.007964535086681608	0.00796453508668161	0.08833879997566044	0.8877657589335801	0.007966370917396357	0.007963808441626093	0.007965261731737122	-0.0848589293839807
0.0043422907075418675	0.008684581415083735	-0.004342290707541867	-0.004342290707541868	-0.004342290707541869	0.004342290707541869	0.008684581415083737	-0.004342290707541868	-0.004342290707541868	-0.004342290707541869	0.004397429029657505	0.008651631413152264	0.9956355209722739	-0.0043422947805614	-0.004342286634522338	0.0014691225256147434
0.006513488365894535	0.013026976731789071	-0.006513488365894535	-0.006513488365894536	-0.0065134883658945365	0.006513488365894534	0.013026976731789071	-0.0065134883658945365	-0.006513488365894534	-0.006513488365894535	0.006561437730672565	0.012979021921628763	-0.006513482920512259	0.9934788555046589	-0.006505832236448285	0.002228028960087832
0.01302687230964985	0.026053744619299702	-0.01302687230964985	-0.01302687230964985	-0.01302687230964985	0.013026872309649846	0.0260537446192997	-0.01302687230964985	-0.01302687230964985	-0.01302687230964985	0.013122770769428325	0.025957835268768048	-0.013026861418896675	-0.013011583563005597	0.9869578389437055	0.0044560163330942355
-0.006451152355617479	-0.012902304711234953	0.006451152355617476	0.006451152355617476	0.00645115235561748	-0.0064511523556174755	-0.012902304711234958	0.006451152355617479	0.006451152355617479	0.006451152355617476	-0.24445584836716724	0.22516513645181616	0.006388407204116266	0.006464195056844208	0.006438109654390747	0.7426739923414648