0.9988586526740376	-0.0022826946519246562	0.0011413473259623285	0.0011413473259623283	0.0011413473259623277	-0.0011413473259623281	-0.0022826946519246562	0.0011413473259623281	0.0011413473259623283	0.0011413473259623281	-0.0011466208328784152	-0.002277419961087937	0.0011413461420416936	0.0011413476668297416	0.0011413469850949137	-0.00045448224338648374
-0.004565389303849314	0.9908692213923014	0.004565389303849314	0.004565389303849314	0.004565389303849311	-0.004565389303849313	-0.009130778607698627	0.0045653893038493125	0.004565389303849314	0.0045653893038493125	-0.004586483331513659	-0.009109679844351747	0.004565384568166778	0.0045653906673189665	0.004565387940379655	-0.0018179289735459358
0.002282694651924657	0.004565389303849314	0.9977173053480755	-0.002282694651924657	-0.002282694651924656	0.0022826946519246567	0.004565389303849313	-0.0022826946519246562	-0.002282694651924657	-0.0022826946519246562	0.00229324166575683	0.004554839922175873	-0.0022826922840833886	-0.0022826953336594845	-0.0022826939701898284	0.0009089644867729672
0.0034240419778869846	0.00684808395577397	-0.0034240419778869854	0.9965759580221132	-0.003424041977886983	0.003424041977886985	0.00684808395577397	-0.003424041977886984	-0.0034240419778869854	-0.0034240419778869837	0.0034398624986352435	0.006832259883263809	-0.003424038426125084	-0.003424043000489227	-0.0034240409552847425	0.0013634467301594521
0.006848083955773964	0.01369616791154793	-0.006848083955773965	-0.0068480839557739665	0.9931519160442249	0.006848083955773966	0.013696167911547933	-0.006848083955773966	-0.006848083955773967	-0.006848083955773964	0.0068797249972704835	0.013664519766527614	-0.0068480768522501635	-0.006848086000978451	-0.006848081910569482	0.002726893460318903
-0.0011413473259623281	-0.0022826946519246562	0.0011413473259623283	0.0011413473259623283	0.001141347325962328	0.9988586526740374	-0.0022826946519246567	0.0011413473259623283	0.0011413473259623285	0.0011413473259623281	-0.001146620832878415	-0.002277419961087937	0.001141346142041694	0.0011413476668297416	0.0011413469850949137	-0.00045448224338648385
-0.0045653893038493125	-0.009130778607698625	0.004565389303849313	0.004565389303849313	0.0045653893038493125	-0.004565389303849313	0.9908692213923014	0.004565389303849312	0.004565389303849314	0.004565389303849312	-0.004586483331513657	-0.009109679844351747	0.004565384568166777	0.004565390667318968	0.004565387940379655	-0.001817928973545935
0.0022826946519246567	0.004565389303849313	-0.0022826946519246567	-0.0022826946519246567	-0.0022826946519246562	0.0022826946519246567	0.004565389303849313	0.9977173053480749	-0.0022826946519246562	-0.0022826946519246554	0.002293241665756829	0.004554839922175873	-0.0022826922840833873	-0.0022826953336594832	-0.002282693970189827	0.0009089644867729676
0.0034240419778869854	0.006848083955773972	-0.0034240419778869863	-0.0034240419778869867	-0.003424041977886984	0.0034240419778869863	0.006848083955773972	-0.003424041977886986	0.9965759580221131	-0.0034240419778869846	0.0034398624986352443	0.00683225988326381	-0.0034240384261250826	-0.0034240430004892266	-0.0034240409552847425	0.0013634467301594521
0.006848083955773966	0.013696167911547933	-0.006848083955773967	-0.006848083955773968	-0.006848083955773964	0.006848083955773967	0.013696167911547933	-0.0068480839557739665	-0.006848083955773968	0.9931519160442255	0.006879724997270486	0.013664519766527616	-0.0068480768522501635	-0.006848086000978451	-0.006848081910569483	0.0027268934603189034
-0.0011392489967415563	-0.0022784979934831135	0.0011392489967415567	0.0011392489967415563	0.0011392489967415557	-0.0011392489967415567	-0.0022784979934831126	0.0011392489967415567	0.001139248996741557	0.0011392489967415563	0.9730392825910756	0.023535199647129995	0.0011470197683113288	0.0011391274586357559	0.0011393705348473572	-0.027667139741760098
-0.004345142798840331	-0.008690285597680664	0.004345142798840332	0.004345142798840331	0.00434514279884033	-0.004345142798840332	-0.008690285597680664	0.004345142798840332	0.004345142798840333	0.004345142798840332	0.055642385109126107	0.93132101532096	0.004346313972233395	0.004344904981742876	0.004345380615937786	-0.05473733045682797
0.002282694618738065	0.004565389237476132	-0.002282694618738066	-0.0022826946187380656	-0.002282694618738065	0.002282694618738066	0.004565389237476131	-0.002282694618738066	-0.0022826946187380665	-0.002282694618738065	0.0023088135988112487	0.004553965601795539	0.9977026100368688	-0.002282695363873502	-0.0022826938736026296	0.0008951620738466837
0.0034240560878036615	0.006848112175607324	-0.0034240560878036623	-0.0034240560878036628	-0.0034240560878036606	0.0034240560878036623	0.006848112175607324	-0.003424056087803662	-0.003424056087803663	-0.003424056087803661	0.0034401737174920882	0.006831990918746783	-0.0034240524606315463	0.9965719170748241	-0.003420029250431498	0.0013597333098393203
0.006848083934710177	0.013696167869420354	-0.006848083934710179	-0.006848083934710179	-0.006848083934710174	0.006848083934710178	0.013696167869420354	-0.006848083934710177	-0.006848083934710179	-0.006848083934710175	0.006880319135304301	0.013663925414494587	-0.006848076680378534	-0.006840034411600543	0.99314386654218	0.002719454389135422
-0.0034116278275988466	-0.006823255655197693	0.003411627827598847	0.003411627827598847	0.003411627827598846	-0.0034116278275988475	-0.006823255655197694	0.0034116278275988466	0.003411627827598847	0.0034116278275988458	-0.15823688524352086	0.14804356118717477	0.0033700684011483606	0.00341894914109994	0.003404306514097753	0.8353520180077703