0.9990917821678732	-0.0018164356642529393	0.0009082178321264693	0.0009082178321264698	0.0009082178321264696	-0.0009082178321264694	-0.001816435664252939	0.0009082178321264692	0.0009082178321264697	0.0009082178321264696	-0.0009114301151649175	-0.0018132226149002448	0.0009082170658122235	0.0009082180136764976	0.0009082176505764416	-0.0003755079396576165
-0.003632871328505879	0.992734257342988	0.0036328713285058785	0.0036328713285058807	0.0036328713285058794	-0.0036328713285058785	-0.007265742657011758	0.003632871328505878	0.0036328713285058802	0.0036328713285058794	-0.0036457204606596704	-0.007252890459600982	0.003632868263248895	0.003632872054705992	0.0036328706023057676	-0.0015020317586304662
0.0018164356642529386	0.003632871328505878	0.9981835643357468	-0.0018164356642529395	-0.001816435664252939	0.0018164356642529386	0.0036328713285058776	-0.0018164356642529384	-0.0018164356642529393	-0.001816435664252939	0.0018228602303298348	0.0036264452298004897	-0.0018164341316244473	-0.001816436027352995	-0.0018164353011528832	0.0007510158793152328
0.0027246534963794103	0.0054493069927588214	-0.0027246534963794103	0.997275346503621	-0.00272465349637941	0.00272465349637941	0.005449306992758821	-0.002724653496379409	-0.0027246534963794103	-0.0027246534963794094	0.002734290345494753	0.005439667844700738	-0.002724651197436672	-0.002724654041029492	-0.0027246529517293244	0.0011265238189728495
0.005449306992758818	0.010898613985517638	-0.005449306992758817	-0.005449306992758817	0.9945506930072412	0.005449306992758817	0.010898613985517634	-0.0054493069927588145	-0.005449306992758818	-0.005449306992758815	0.005468580690989504	0.01087933568940147	-0.005449302394873341	-0.005449308082058981	-0.005449305903458647	0.0022530476379456986
-0.0009082178321264692	-0.0018164356642529388	0.0009082178321264691	0.0009082178321264695	0.0009082178321264693	0.9990917821678731	-0.0018164356642529386	0.0009082178321264691	0.0009082178321264694	0.0009082178321264694	-0.0009114301151649173	-0.0018132226149002453	0.0009082170658122235	0.0009082180136764974	0.0009082176505764415	-0.0003755079396576164
-0.0036328713285058776	-0.007265742657011757	0.003632871328505877	0.0036328713285058785	0.003632871328505878	-0.0036328713285058776	0.9927342573429879	0.003632871328505878	0.0036328713285058794	0.003632871328505879	-0.0036457204606596696	-0.007252890459600982	0.003632868263248894	0.003632872054705991	0.0036328706023057663	-0.0015020317586304662
0.0018164356642529382	0.003632871328505877	-0.001816435664252938	-0.0018164356642529388	-0.0018164356642529384	0.0018164356642529382	0.003632871328505877	0.9981835643357465	-0.001816435664252939	-0.0018164356642529386	0.0018228602303298341	0.00362644522980049	-0.0018164341316244468	-0.0018164360273529947	-0.0018164353011528827	0.0007510158793152328
0.00272465349637941	0.005449306992758821	-0.0027246534963794094	-0.0027246534963794094	-0.002724653496379409	0.0027246534963794086	0.005449306992758819	-0.002724653496379408	0.9972753465036208	-0.0027246534963794077	0.002734290345494752	0.005439667844700736	-0.002724651197436671	-0.002724654041029492	-0.0027246529517293235	0.001126523818972849
0.005449306992758818	0.010898613985517638	-0.005449306992758817	-0.005449306992758817	-0.005449306992758817	0.005449306992758816	0.010898613985517634	-0.005449306992758815	-0.005449306992758817	0.994550693007241	0.005468580690989504	0.010879335689401474	-0.005449302394873342	-0.005449308082058984	-0.005449305903458648	0.002253047637945698
-0.0009070576830437365	-0.0018141153660874737	0.0009070576830437365	0.0009070576830437369	0.0009070576830437368	-0.0009070576830437368	-0.0018141153660874737	0.0009070576830437367	0.0009070576830437369	0.0009070576830437369	0.9771607708449946	0.02011150332092339	0.0009136104679943233	0.0009069772656398564	0.0009071381004476168	-0.023326842017486353
-0.003489014797441105	-0.006978029594882211	0.0034890147974411044	0.003489014797441106	0.0034890147974411053	-0.0034890147974411053	-0.006978029594882211	0.0034890147974411053	0.003489014797441107	0.0034890147974411066	0.046485743523987634	0.9430463231193368	0.003489903761793158	0.0034888569098997574	0.0034891726849824553	-0.0463067540681743
0.0018164356476092131	0.0036328712952184276	-0.0018164356476092131	-0.0018164356476092138	-0.0018164356476092136	0.0018164356476092134	0.0036328712952184276	-0.0018164356476092131	-0.001816435647609214	-0.0018164356476092136	0.0018359803111150082	0.00362578968513965	0.9981711012989635	-0.0018164360530442466	-0.001816435242174181	0.0007392233896250716
0.002724662389804513	0.005449324779609028	-0.002724662389804513	-0.0027246623898045134	-0.0027246623898045134	0.002724662389804513	0.005449324779609027	-0.002724662389804512	-0.002724662389804514	-0.002724662389804513	0.0027345014558086134	0.005439483362570343	-0.0027246600387699307	0.9972721329740732	-0.00272145775368241	0.0011235315549436072
0.0054493069831941165	0.010898613966388235	-0.005449306983194115	-0.0054493069831941165	-0.005449306983194116	0.005449306983194115	0.010898613966388231	-0.005449306983194114	-0.0054493069831941165	-0.005449306983194115	0.005468985085836355	0.010878931161683631	-0.005449302281131756	-0.005442899928692365	0.994544285962304	0.0022470552309714524
-0.0027178080926478342	-0.005435616185295669	0.002717808092647834	0.0027178080926478342	0.0027178080926478342	-0.0027178080926478334	-0.005435616185295668	0.0027178080926478325	0.002717808092647834	0.002717808092647833	-0.13422679377763846	0.12610883906857714	0.0026823385237656314	0.0027237331853346668	0.002711882999960999	0.8611586214913669