0.9982762369388464	-0.0034475261223078837	0.001723763061153942	0.0017237630611539418	0.0017237630611539416	-0.001723763061153942	-0.0034475261223078837	0.0017237630611539425	0.0017237630611539423	0.001723763061153942	-0.0017351034074897386	-0.0034361838035550708	0.0017237610887369252	0.0017237641060492913	0.0017237620162585939	-0.0006298383165904027
-0.006895052244615768	0.9862098955107687	0.00689505224461577	0.006895052244615768	0.006895052244615767	-0.006895052244615769	-0.013790104489231538	0.006895052244615771	0.00689505224461577	0.006895052244615769	-0.006940413629958953	-0.013744735214220283	0.006895044354947702	0.006895056424197163	0.006895048065034375	-0.0025193532663616114
0.0034475261223078854	0.006895052244615771	0.9965524738776923	-0.003447526122307885	-0.0034475261223078845	0.0034475261223078854	0.006895052244615771	-0.0034475261223078863	-0.0034475261223078854	-0.0034475261223078854	0.003470206814979479	0.006872367607110145	-0.003447522177473852	-0.0034475282120985827	-0.003447524032517189	0.0012596766331808063
0.0051712891834618255	0.010342578366923653	-0.005171289183461826	0.9948287108165379	-0.0051712891834618255	0.005171289183461828	0.010342578366923654	-0.005171289183461829	-0.005171289183461827	-0.005171289183461825	0.005205310222469213	0.010308551410665215	-0.005171283266210778	-0.005171292318147874	-0.005171286048775785	0.0018895149497712089
0.010342578366923656	0.020685156733847316	-0.010342578366923658	-0.010342578366923658	0.9896574216330762	0.010342578366923656	0.02068515673384731	-0.010342578366923656	-0.010342578366923654	-0.010342578366923653	0.010410620444938429	0.020617102821330426	-0.010342566532421556	-0.010342584636295745	-0.010342572097551567	0.003779029899542417
-0.0017237630611539418	-0.0034475261223078837	0.001723763061153942	0.0017237630611539418	0.0017237630611539418	0.9982762369388462	-0.003447526122307884	0.0017237630611539425	0.0017237630611539423	0.0017237630611539418	-0.0017351034074897386	-0.003436183803555071	0.0017237610887369252	0.0017237641060492911	0.001723762016258594	-0.0006298383165904027
-0.00689505224461577	-0.01379010448923154	0.006895052244615771	0.00689505224461577	0.00689505224461577	-0.00689505224461577	0.9862098955107684	0.006895052244615771	0.006895052244615771	0.006895052244615769	-0.006940413629958954	-0.013744735214220288	0.006895044354947702	0.006895056424197164	0.006895048065034376	-0.002519353266361611
0.0034475261223078845	0.006895052244615769	-0.003447526122307885	-0.0034475261223078845	-0.0034475261223078845	0.0034475261223078845	0.006895052244615767	0.9965524738776925	-0.003447526122307885	-0.0034475261223078845	0.0034702068149794776	0.006872367607110144	-0.00344752217747385	-0.003447528212098582	-0.0034475240325171886	0.0012596766331808055
0.005171289183461826	0.010342578366923654	-0.005171289183461827	-0.005171289183461827	-0.005171289183461826	0.005171289183461827	0.010342578366923653	-0.005171289183461828	0.9948287108165382	-0.005171289183461825	0.005205310222469214	0.010308551410665213	-0.005171283266210778	-0.005171292318147874	-0.005171286048775784	0.0018895149497712089
0.010342578366923654	0.020685156733847312	-0.010342578366923656	-0.010342578366923656	-0.010342578366923654	0.010342578366923656	0.02068515673384731	-0.010342578366923658	-0.010342578366923654	0.9896574216330765	0.010410620444938429	0.020617102821330426	-0.010342566532421554	-0.010342584636295749	-0.010342572097551565	0.0037790298995424173
-0.001717832798276956	-0.003435665596553912	0.0017178327982769561	0.001717832798276956	0.0017178327982769561	-0.0017178327982769561	-0.0034356655965539114	0.0017178327982769561	0.001717832798276956	0.001717832798276956	0.9641474800073947	0.03068876186275876	0.0017280925332932675	0.001717580908116821	0.001718084688437092	-0.037021831164312506
-0.006423636601018471	-0.012847273202036942	0.006423636601018472	0.006423636601018472	0.006423636601018471	-0.006423636601018472	-0.01284727320203694	0.006423636601018474	0.006423636601018472	0.006423636601018471	0.07539632144183797	0.9053310819669843	0.006425323389140629	0.006423147027007698	0.0064241261750292485	-0.07281973533464306
0.003447526030984679	0.006895052061969358	-0.0034475260309846795	-0.0034475260309846795	-0.003447526030984679	0.0034475260309846795	0.006895052061969358	-0.0034475260309846803	-0.00344752603098468	-0.0034475260309846795	0.003490849195591316	0.0068710429532575544	0.9965331599131203	-0.0034475282497217594	-0.003447523812247599	0.0012416793357405984
0.005171321743851595	0.01034264348770319	-0.005171321743851596	-0.005171321743851596	-0.005171321743851594	0.0051713217438515945	0.010342643487703189	-0.005171321743851596	-0.005171321743851595	-0.005171321743851593	0.005205928455233072	0.010308030715334725	-0.005171315682864611	0.9948225981871579	-0.005165241674860777	0.0018840556946654178
0.01034257828392192	0.02068515656784384	-0.01034257828392192	-0.01034257828392192	-0.010342578283921919	0.010342578283921919	0.020685156567843834	-0.010342578283921922	-0.010342578283921919	-0.010342578283921917	0.010411791533274713	0.02061593119654214	-0.010342566161973005	-0.010330430821436414	0.989645274253593	0.0037680845002218
-0.005136079790137299	-0.010272159580274599	0.0051360797901373	0.005136079790137299	0.0051360797901372985	-0.0051360797901372985	-0.010272159580274597	0.005136079790137298	0.0051360797901372985	0.005136079790137298	-0.20979469021349648	0.19444079611333057	0.005081734519891362	0.0051467190372974665	0.005125440542977134	0.779745839077113