0.9999819548854427	-0.000036090229114253186	0.000018045114557126593	0.000018045114557126593	0.00001804511455712659	-0.000018045114557126596	-0.00003609022911425319	0.000018045114557126603	0.000018045114557126596	0.000018045114557126596	-0.000018045168826988286	-0.00003609017482942537	0.000018045114542160476	0.000018045114559008805	0.000018045114555244387	-8.978339131899025e-6
-0.00007218045822850639	0.9998556390835436	0.00007218045822850639	0.00007218045822850639	0.00007218045822850637	-0.00007218045822850641	-0.00014436091645701285	0.00007218045822850644	0.00007218045822850643	0.00007218045822850641	-0.00007218067530795317	-0.00014436069931770163	0.0000721804581686419	0.00007218045823603525	0.00007218045822097756	-0.000035913356527596095
0.000036090229114253186	0.00007218045822850637	0.9999639097708852	-0.00003609022911425319	-0.000036090229114253186	0.0000360902291142532	0.0000721804582285064	-0.000036090229114253206	-0.00003609022911425319	-0.00003609022911425319	0.00003609033765397658	0.00007218034965885081	-0.000036090229084320946	-0.00003609022911801761	-0.000036090229110488795	0.000017956678263798047
0.00005413534367137981	0.00010827068734275962	-0.00005413534367137981	0.9999458646563285	-0.0000541353436713798	0.0000541353436713798	0.00010827068734275962	-0.00005413534367137981	-0.00005413534367137981	-0.0000541353436713798	0.00005413550648096489	0.00010827052448827618	-0.00005413534362648141	-0.000054135343677026456	-0.00005413534366573321	0.00002693501739569706
0.00010827068734275962	0.00021654137468551924	-0.00010827068734275962	-0.00010827068734275963	0.9998917293126569	0.00010827068734275962	0.00021654137468551926	-0.00010827068734275962	-0.00010827068734275963	-0.00010827068734275962	0.00010827101296192978	0.0002165410489765523	-0.00010827068725296277	-0.0001082706873540529	-0.00010827068733146639	0.00005387003479139413
-0.000018045114557126593	-0.000036090229114253186	0.000018045114557126596	0.0000180451145571266	0.000018045114557126593	0.9999819548854427	-0.00003609022911425318	0.000018045114557126596	0.00001804511455712659	0.00001804511455712659	-0.000018045168826988296	-0.0000360901748294254	0.00001804511454216047	0.00001804511455900881	0.00001804511455524439	-8.978339131899029e-6
-0.00007218045822850636	-0.00014436091645701272	0.00007218045822850637	0.00007218045822850639	0.00007218045822850636	-0.00007218045822850636	0.9998556390835432	0.00007218045822850641	0.0000721804582285064	0.0000721804582285064	-0.00007218067530795318	-0.00014436069931770163	0.00007218045816864188	0.00007218045823603526	0.00007218045822097754	-0.0000359133565275961
0.00003609022911425319	0.00007218045822850639	-0.0000360902291142532	-0.000036090229114253206	-0.00003609022911425319	0.00003609022911425319	0.0000721804582285064	0.9999639097708856	-0.000036090229114253206	-0.000036090229114253206	0.0000360903376539766	0.0000721803496588508	-0.00003609022908432094	-0.00003609022911801762	-0.000036090229110488795	0.000017956678263798047
0.000054135343671379796	0.00010827068734275959	-0.000054135343671379796	-0.0000541353436713798	-0.0000541353436713798	0.00005413534367137981	0.00010827068734275962	-0.000054135343671379816	0.9999458646563286	-0.000054135343671379796	0.000054135506480964884	0.00010827052448827618	-0.00005413534362648139	-0.00005413534367702644	-0.00005413534366573318	0.00002693501739569706
0.00010827068734275956	0.00021654137468551913	-0.00010827068734275956	-0.00010827068734275958	-0.00010827068734275958	0.00010827068734275959	0.00021654137468551918	-0.00010827068734275962	-0.00010827068734275962	0.999891729312657	0.00010827101296192977	0.00021654104897655228	-0.00010827068725296277	-0.0001082706873540529	-0.00010827068733146638	0.000053870034791394115
-0.000018045091691620318	-0.00003609018338324064	0.00001804509169162032	0.00001804509169162032	0.00001804509169162032	-0.000018045091691620324	-0.000036090183383240656	0.00001804509169162033	0.000018045091691620324	0.000018045091691620324	0.9993688843974573	0.0005768105639420285	0.000018214855217615484	0.000018045052492467357	0.000018045130890773315	-0.000622802163004417
-0.00007211378035677203	-0.00014422756071354406	0.00007211378035677205	0.00007211378035677205	0.00007211378035677206	-0.00007211378035677206	-0.00014422756071354414	0.00007211378035677207	0.00007211378035677207	0.00007211378035677206	0.0011582116414702635	0.9986254462896161	0.0000721145082005448	0.00007211370201597568	0.00007211385869756845	-0.0012624356850340424
0.000036090229114248415	0.00007218045822849683	-0.00003609022911424842	-0.000036090229114248436	-0.000036090229114248415	0.000036090229114248415	0.00007218045822849684	-0.00003609022911424842	-0.000036090229114248436	-0.00003609022911424842	0.000036429864542411015	0.00007217982943091778	0.9999635707642549	-0.00003609022913964357	-0.00003609022908885334	0.00001761819222192292
0.00005413534712107537	0.00010827069424215074	-0.00005413534712107536	-0.00005413534712107537	-0.00005413534712107537	0.000054135347121075376	0.00010827069424215074	-0.000054135347121075376	-0.00005413534712107538	-0.000054135347121075376	0.0000541356268899997	0.00010827041439605651	-0.00005413534704390538	0.9999458009531319	-0.00005407164737421485	0.000026871436493363475
0.00010827068734275712	0.00021654137468551425	-0.00010827068734275712	-0.00010827068734275714	-0.00010827068734275714	0.00010827068734275715	0.0002165413746855143	-0.00010827068734275717	-0.00010827068734275717	-0.00010827068734275717	0.00010827124688058548	0.0002165408149933461	-0.0001082706871884172	-0.00010814328788783331	0.9998916019132025	0.000053742869556397354
-0.000054135261704459484	-0.00010827052340891898	0.000054135261704459484	0.00005413526170445949	0.000054135261704459484	-0.000054135261704459484	-0.00010827052340891895	0.000054135261704459484	0.00005413526170445949	0.000054135261704459484	-0.0037305245133614647	0.003569134187978972	0.00005311980197357381	0.00005426242597008548	0.000054008097438833466	0.9962899942219984