0.9987284889266492	-0.0025430221467019837	0.0012715110733509919	0.0012715110733509925	0.001271511073350992	-0.001271511073350992	-0.0025430221467019846	0.0012715110733509925	0.0012715110733509927	0.0012715110733509925	-0.0012780734889129306	-0.0025364583177862007	0.0012715096599971464	0.0012715115313515198	0.0012715106153504652	-0.0004962889078831455
-0.005086044293403969	0.9898279114131916	0.005086044293403968	0.005086044293403971	0.005086044293403969	-0.00508604429340397	-0.010172088586807937	0.005086044293403969	0.00508604429340397	0.00508604429340397	-0.005112293955651722	-0.010145833271144803	0.005086038639988585	0.00508604612540608	0.005086042461401861	-0.0019851556315325825
0.0025430221467019854	0.00508604429340397	0.9974569778532973	-0.002543022146701986	-0.0025430221467019854	0.0025430221467019854	0.00508604429340397	-0.002543022146701985	-0.002543022146701986	-0.002543022146701986	0.002556146977825861	0.005072916635572403	-0.002543019319994293	-0.0025430230627030404	-0.0025430212307009296	0.0009925778157662915
0.003814533220052979	0.007629066440105956	-0.0038145332200529786	0.9961854667799473	-0.0038145332200529773	0.003814533220052978	0.007629066440105955	-0.0038145332200529777	-0.0038145332200529795	-0.0038145332200529786	0.0038342204667387958	0.0076093749533586	-0.003814528979991439	-0.0038145345940545613	-0.0038145318460513947	0.0014888667236494374
0.007629066440105956	0.01525813288021191	-0.007629066440105956	-0.007629066440105956	0.9923709335598938	0.007629066440105956	0.01525813288021191	-0.0076290664401059555	-0.007629066440105958	-0.007629066440105956	0.0076684409334775916	0.0152187499067172	-0.007629057959982878	-0.007629069188109122	-0.00762906369210279	0.002977733447298875
-0.001271511073350993	-0.0025430221467019854	0.0012715110733509925	0.001271511073350993	0.001271511073350993	0.9987284889266492	-0.0025430221467019854	0.0012715110733509927	0.0012715110733509932	0.001271511073350993	-0.0012780734889129312	-0.0025364583177862007	0.0012715096599971467	0.00127151153135152	0.0012715106153504657	-0.0004962889078831459
-0.005086044293403969	-0.010172088586807937	0.005086044293403967	0.005086044293403969	0.005086044293403969	-0.005086044293403969	0.9898279114131918	0.005086044293403969	0.005086044293403971	0.00508604429340397	-0.005112293955651723	-0.010145833271144803	0.005086038639988586	0.005086046125406079	0.005086042461401858	-0.0019851556315325833
0.002543022146701986	0.00508604429340397	-0.002543022146701985	-0.002543022146701986	-0.002543022146701986	0.002543022146701986	0.005086044293403971	0.997456977853298	-0.002543022146701986	-0.0025430221467019854	0.002556146977825862	0.0050729166355724	-0.0025430193199942933	-0.0025430230627030395	-0.00254302123070093	0.0009925778157662915
0.0038145332200529764	0.007629066440105951	-0.003814533220052976	-0.0038145332200529764	-0.0038145332200529764	0.0038145332200529773	0.007629066440105953	-0.0038145332200529764	0.9961854667799472	-0.003814533220052978	0.003834220466738795	0.007609374953358602	-0.0038145289799914384	-0.003814534594054561	-0.003814531846051394	0.0014888667236494372
0.007629066440105955	0.015258132880211906	-0.007629066440105955	-0.007629066440105955	-0.007629066440105955	0.007629066440105956	0.01525813288021191	-0.007629066440105955	-0.007629066440105958	0.9923709335598943	0.0076684409334775916	0.015218749906717207	-0.007629057959982878	-0.0076290691881091225	-0.00762906369210279	0.0029777334472988752
-0.0012687464826433826	-0.0025374929652867643	0.0012687464826433821	0.0012687464826433826	0.0012687464826433826	-0.0012687464826433828	-0.002537492965286764	0.0012687464826433821	0.0012687464826433828	0.0012687464826433824	0.970903988597552	0.02528138074805423	0.0012771376891072724	0.0012685990772964197	0.0012688938879903448	-0.02991912459665494
-0.0048169903239381195	-0.009633980647876239	0.0048169903239381195	0.00481699032393812	0.0048169903239381195	-0.00481699032393812	-0.009633980647876237	0.0048169903239381195	0.0048169903239381195	0.0048169903239381195	0.0604099955215644	0.9251377200286162	0.004818303801943213	0.004816702382321045	0.004817278265555195	-0.05909819227148877
0.002543022101856923	0.005086044203713845	-0.0025430221018569225	-0.0025430221018569233	-0.002543022101856923	0.0025430221018569233	0.005086044203713845	-0.002543022101856922	-0.0025430221018569233	-0.0025430221018569233	0.0025729729180783657	0.005071927758483131	0.9974411435271529	-0.0025430230943938236	-0.0025430211093200226	0.0009777505138233488
0.003814550777050584	0.007629101554101164	-0.003814550777050584	-0.003814550777050585	-0.003814550777050584	0.0038145507770505844	0.007629101554101168	-0.003814550777050584	-0.003814550777050585	-0.0038145507770505852	0.0038345935163400582	0.007609054485232774	-0.0038145464474716646	0.9961809633982857	-0.003810064952386664	0.0014847565850548848
0.007629066409739145	0.015258132819478286	-0.007629066409739145	-0.007629066409739145	-0.007629066409739145	0.007629066409739146	0.01525813281947829	-0.007629066409739143	-0.007629066409739146	-0.007629066409739147	0.007669151808303867	0.015218038761771916	-0.00762905775059749	-0.007620100332024169	0.9923619675125458	0.0029694981245665633
-0.0037981598588352305	-0.00759631971767046	0.003798159858835231	0.003798159858835231	0.003798159858835231	-0.0037981598588352323	-0.007596319717670461	0.003798159858835231	0.0037981598588352323	0.003798159858835233	-0.17064751326573918	0.15929770684653716	0.0037534867015314483	0.0038062428738562023	0.003790076843814264	0.821964579025735