0.9978832275902884	-0.004233544819423567	0.0021167724097117817	0.002116772409711782	0.0021167724097117826	-0.002116772409711783	-0.004233544819423566	0.0021167724097117826	0.0021167724097117826	0.0021167724097117826	-0.002131991694144765	-0.004218323702201549	0.002116770576922744	0.0021167742237492696	0.002116770595674299	-0.0007318306290672289
-0.00846708963884713	0.9830658207223059	0.008467089638847127	0.00846708963884713	0.00846708963884713	-0.008467089638847132	-0.016934179277694264	0.00846708963884713	0.00846708963884713	0.00846708963884713	-0.008527966776579056	-0.016873294808806193	0.008467082307690976	0.008467096894997073	0.0084670823826972	-0.0029273225162689143
0.004233544819423566	0.00846708963884713	0.9957664551805756	-0.004233544819423564	-0.004233544819423564	0.004233544819423565	0.00846708963884713	-0.004233544819423563	-0.004233544819423563	-0.004233544819423563	0.00426398338828953	0.008436647404403098	-0.004233541153845489	-0.0042335484474985375	-0.004233541191348597	0.0014636612581344576
0.006350317229135352	0.012700634458270701	-0.00635031722913535	0.9936496827708643	-0.006350317229135351	0.0063503172291353525	0.0127006344582707	-0.006350317229135351	-0.00635031722913535	-0.006350317229135351	0.006395975082434296	0.012654971106604646	-0.006350311730768234	-0.006350322671247803	-0.0063503117870229	0.002195491887201687
0.012700634458270701	0.0254012689165414	-0.012700634458270696	-0.0127006344582707	0.9872993655417289	0.012700634458270701	0.025401268916541393	-0.0127006344582707	-0.012700634458270698	-0.0127006344582707	0.012791950164868586	0.025309942213209296	-0.01270062346153647	-0.012700645342495607	-0.012700623574045798	0.004390983774403374
-0.0021167724097117834	-0.004233544819423566	0.002116772409711783	0.002116772409711783	0.002116772409711783	0.9978832275902882	-0.004233544819423567	0.002116772409711783	0.002116772409711783	0.002116772409711783	-0.002131991694144765	-0.004218323702201548	0.002116770576922745	0.0021167742237492675	0.002116770595674299	-0.0007318306290672289
-0.00846708963884713	-0.016934179277694257	0.008467089638847129	0.008467089638847129	0.008467089638847129	-0.008467089638847129	0.9830658207223053	0.008467089638847129	0.008467089638847129	0.008467089638847129	-0.008527966776579058	-0.016873294808806196	0.008467082307690978	0.008467096894997065	0.008467082382697196	-0.0029273225162689148
0.004233544819423566	0.00846708963884713	-0.004233544819423565	-0.004233544819423565	-0.004233544819423565	0.004233544819423565	0.008467089638847129	0.9957664551805763	-0.004233544819423565	-0.004233544819423566	0.00426398338828953	0.008436647404403098	-0.004233541153845489	-0.004233548447498535	-0.004233541191348599	0.0014636612581344578
0.0063503172291353525	0.012700634458270703	-0.006350317229135352	-0.0063503172291353525	-0.006350317229135351	0.0063503172291353525	0.012700634458270701	-0.006350317229135351	0.9936496827708644	-0.0063503172291353525	0.0063959750824342946	0.01265497110660465	-0.006350311730768233	-0.006350322671247804	-0.006350311787022901	0.002195491887201686
0.012700634458270705	0.025401268916541406	-0.012700634458270703	-0.012700634458270705	-0.012700634458270701	0.012700634458270705	0.025401268916541403	-0.012700634458270701	-0.012700634458270703	0.9872993655417291	0.012791950164868582	0.025309942213209296	-0.01270062346153647	-0.012700645342495607	-0.012700623574045798	0.004390983774403373
-0.002106930571446355	-0.00421386114289271	0.0021069305714463546	0.002106930571446354	0.002106930571446354	-0.0021069305714463546	-0.004213861142892708	0.002106930571446354	0.0021069305714463537	0.002106930571446354	0.9588462498819302	0.03482138630757781	0.0021185026675991144	0.002106571248601396	0.0021072898942913133	-0.04253133248282723
-0.0077797944431456205	-0.015559588886291238	0.007779794443145619	0.007779794443145617	0.007779794443145617	-0.007779794443145619	-0.015559588886291234	0.007779794443145617	0.007779794443145617	0.007779794443145616	0.08684598255649928	0.8898128039789619	0.007781624578247771	0.0077790984586747014	0.007780490427616541	-0.08345630515772776
0.004233544700154774	0.008467089400309548	-0.004233544700154772	-0.004233544700154773	-0.004233544700154773	0.004233544700154774	0.008467089400309546	-0.004233544700154774	-0.004233544700154773	-0.004233544700154773	0.004287377902025373	0.008435119902887847	0.9957445915953963	-0.004233548510326051	-0.004233540889983495	0.0014432464799949524
0.006350366720381865	0.012700733440763726	-0.006350366720381863	-0.006350366720381864	-0.006350366720381863	0.006350366720381865	0.012700733440763728	-0.006350366720381864	-0.006350366720381864	-0.006350366720381864	0.006396842932348475	0.012654251533601765	-0.0063503610251865105	0.9936421686301092	-0.006342902070873013	0.0021888939621542126
0.012700634297483632	0.02540126859496726	-0.012700634297483629	-0.012700634297483632	-0.01270063429748363	0.012700634297483632	0.02540126859496726	-0.01270063429748363	-0.012700634297483632	-0.01270063429748363	0.012793586462127152	0.025308305039948187	-0.012700622907108062	-0.012685726970563109	0.9872844583755955	0.00437774827389041
-0.0062918058417323446	-0.012583611683464686	0.006291805841732342	0.0062918058417323446	0.0062918058417323446	-0.006291805841732343	-0.012583611683464686	0.006291805841732343	0.006291805841732343	0.006291805841732342	-0.2403960540413369	0.22158240400921078	0.006230038348661431	0.0063045626601009935	0.006279049023363687	0.7469922901439766