0.9990104690545817	-0.0019790618908369726	0.0009895309454184863	0.000989530945418486	0.0009895309454184865	-0.000989530945418486	-0.001979061890836972	0.000989530945418486	0.0009895309454184863	0.0009895309454184857	-0.0009934186826895941	-0.0019751732440042493	0.0009895300358568704	0.0009895311755771755	0.000989530715259797	-0.00040367527332766886
-0.003958123781673944	0.9920837524366523	0.0039581237816739435	0.003958123781673943	0.003958123781673945	-0.0039581237816739435	-0.007916247563347887	0.0039581237816739435	0.003958123781673945	0.003958123781673943	-0.003973674730758376	-0.007900692976016999	0.003958120143427481	0.003958124702308702	0.00395812286103919	-0.001614701093310675
0.001979061890836972	0.003958123781673944	0.9980209381091628	-0.0019790618908369717	-0.001979061890836972	0.0019790618908369717	0.0039581237816739435	-0.0019790618908369717	-0.0019790618908369717	-0.001979061890836971	0.0019868373653791874	0.003950346488008498	-0.0019790600717137403	-0.001979062351154351	-0.001979061430519596	0.0008073505466553375
0.0029685928362554585	0.005937185672510915	-0.002968592836255458	0.9970314071637439	-0.002968592836255458	0.0029685928362554576	0.005937185672510914	-0.002968592836255458	-0.002968592836255458	-0.0029685928362554576	0.002980256048068779	0.00592551973201275	-0.0029685901075706114	-0.002968593526731524	-0.002968592145779392	0.0012110258199830063
0.005937185672510921	0.011874371345021839	-0.00593718567251092	-0.00593718567251092	0.9940628143274896	0.005937185672510919	0.011874371345021836	-0.00593718567251092	-0.00593718567251092	-0.0059371856725109196	0.005960512096137565	0.011851039464025506	-0.005937180215141228	-0.00593718705346305	-0.0059371842915587865	0.0024220516399660135
-0.000989530945418486	-0.001979061890836972	0.0009895309454184859	0.0009895309454184854	0.0009895309454184857	0.9990104690545814	-0.0019790618908369717	0.0009895309454184857	0.0009895309454184859	0.0009895309454184854	-0.000993418682689594	-0.001975173244004249	0.0009895300358568702	0.0009895311755771755	0.0009895307152597975	-0.0004036752733276688
-0.003958123781673945	-0.00791624756334789	0.0039581237816739435	0.003958123781673943	0.0039581237816739435	-0.0039581237816739435	0.992083752436652	0.003958123781673943	0.003958123781673943	0.003958123781673942	-0.003973674730758375	-0.007900692976016997	0.00395812014342748	0.003958124702308701	0.00395812286103919	-0.0016147010933106744
0.0019790618908369726	0.003958123781673945	-0.0019790618908369717	-0.0019790618908369713	-0.0019790618908369717	0.0019790618908369717	0.003958123781673943	0.998020938109163	-0.001979061890836972	-0.0019790618908369713	0.0019868373653791874	0.003950346488008499	-0.0019790600717137403	-0.0019790623511543506	-0.001979061430519595	0.0008073505466553376
0.0029685928362554593	0.005937185672510917	-0.0029685928362554585	-0.0029685928362554585	-0.0029685928362554593	0.002968592836255459	0.005937185672510919	-0.002968592836255459	0.9970314071637443	-0.002968592836255459	0.00298025604806878	0.00592551973201275	-0.0029685901075706123	-0.0029685935267315246	-0.0029685921457793933	0.0012110258199830057
0.005937185672510919	0.011874371345021834	-0.005937185672510918	-0.005937185672510918	-0.005937185672510919	0.005937185672510918	0.011874371345021837	-0.005937185672510918	-0.005937185672510919	0.9940628143274888	0.0059605120961375635	0.0118510394640255	-0.005937180215141226	-0.005937187053463049	-0.005937184291558787	0.0024220516399660118
-0.0009880797155533694	-0.0019761594311067388	0.0009880797155533694	0.0009880797155533692	0.0009880797155533696	-0.0009880797155533694	-0.001976159431106738	0.0009880797155533692	0.000988079715553369	0.000988079715553369	0.9756745511469465	0.021354215656433854	0.0009950737655131884	0.0009879857458097055	0.0009881736852970335	-0.024890112935196357
-0.003789262907848118	-0.007578525815696237	0.0037892629078481177	0.0037892629078481177	0.003789262907848118	-0.0037892629078481186	-0.007578525815696235	0.003789262907848117	0.0037892629078481177	0.0037892629078481177	0.04977590750818553	0.9388553132111584	0.0037902534649599585	0.003789078638860412	0.0037894471768358242	-0.049347802716968925
0.0019790618691155437	0.003958123738231088	-0.0019790618691155437	-0.0019790618691155437	-0.001979061869115544	0.001979061869115544	0.003958123738231087	-0.001979061869115544	-0.001979061869115544	-0.001979061869115544	0.0020008445492523254	0.003949613157497932	0.9980076660314804	-0.0019790623787391596	-0.001979061359491929	0.0007948285097187386
0.0029686034103741394	0.005937206820748279	-0.0029686034103741394	-0.002968603410374139	-0.0029686034103741394	0.002968603410374139	0.005937206820748279	-0.0029686034103741385	-0.0029686034103741394	-0.002968603410374139	0.0029805004586598367	0.005925306983857209	-0.0029686006217687667	0.9970279051599211	-0.0029651119806691395	0.0012077803943897896
0.0059371856596164875	0.011874371319232975	-0.0059371856596164875	-0.0059371856596164875	-0.005937185659616488	0.0059371856596164875	0.011874371319232977	-0.005937185659616487	-0.005937185659616488	-0.005937185659616488	0.005960979717860045	0.011850571683787336	-0.005937180082414408	-0.005930205608415771	0.9940558342891828	0.0024155514940251217
-0.002960020743687097	-0.005920041487374194	0.0029600207436870966	0.002960020743687096	0.002960020743687096	-0.0029600207436870966	-0.005920041487374193	0.002960020743687096	0.0029600207436870966	0.0029600207436870966	-0.14289334008341184	0.13405095549984666	0.002922343096190975	0.002966437664374382	0.0029536038229998132	0.8518628860800042