0.9974896728816312	-0.005020654236738339	0.0025103271183691688	0.00251032711836917	0.0025103271183691696	-0.0025103271183691683	-0.005020654236738338	0.00251032711836917	0.002510327118369169	0.0025103271183691696	-0.002528577449138006	-0.005002403148293524	0.002510326360693194	0.002510329980852038	0.0025103242558863004	-0.0008210261827039764
-0.010041308473476677	0.9799173830530465	0.010041308473476673	0.010041308473476679	0.010041308473476677	-0.010041308473476673	-0.020082616946953357	0.01004130847347668	0.010041308473476675	0.010041308473476679	-0.010114309796552031	-0.0200096125931741	0.010041305442772772	0.010041319923408148	0.010041297023545198	-0.0032841047308159064
0.005020654236738338	0.010041308473476675	0.9949793457632611	-0.00502065423673834	-0.005020654236738339	0.005020654236738337	0.010041308473476677	-0.005020654236738339	-0.005020654236738338	-0.005020654236738339	0.005057154898276014	0.010004806296587046	-0.005020652721386386	-0.005020659961704075	-0.005020648511772598	0.0016420523654079526
0.007530981355107509	0.015061962710215017	-0.0075309813551075085	0.9924690186448931	-0.007530981355107511	0.0075309813551075085	0.015061962710215017	-0.007530981355107509	-0.0075309813551075085	-0.0075309813551075085	0.007585732347414028	0.015007209444880576	-0.0075309790820795855	-0.007530989942556113	-0.007530972767658895	0.0024630785481119305
0.015061962710215019	0.030123925420430037	-0.015061962710215017	-0.015061962710215022	0.9849380372897854	0.015061962710215017	0.030123925420430044	-0.01506196271021502	-0.015061962710215019	-0.01506196271021502	0.015171464694828055	0.030014418889761144	-0.01506195816415917	-0.01506197988511223	-0.015061945535317792	0.004926157096223862
-0.0025103271183691683	-0.005020654236738337	0.002510327118369169	0.002510327118369169	0.002510327118369169	0.9974896728816307	-0.005020654236738338	0.002510327118369169	0.0025103271183691683	0.002510327118369169	-0.002528577449138007	-0.005002403148293523	0.002510326360693193	0.0025103299808520384	0.0025103242558862987	-0.0008210261827039763
-0.010041308473476677	-0.020082616946953347	0.010041308473476679	0.010041308473476679	0.010041308473476679	-0.010041308473476675	0.9799173830530469	0.010041308473476682	0.010041308473476677	0.010041308473476682	-0.010114309796552031	-0.020009612593174093	0.010041305442772775	0.010041319923408154	0.010041297023545196	-0.0032841047308159064
0.005020654236738338	0.010041308473476677	-0.00502065423673834	-0.005020654236738339	-0.005020654236738339	0.005020654236738338	0.01004130847347668	0.9949793457632615	-0.005020654236738338	-0.005020654236738339	0.0050571548982760155	0.010004806296587048	-0.005020652721386386	-0.005020659961704077	-0.005020648511772599	0.0016420523654079532
0.00753098135510751	0.01506196271021502	-0.00753098135510751	-0.00753098135510751	-0.007530981355107511	0.007530981355107508	0.015061962710215019	-0.0075309813551075085	0.9924690186448927	-0.007530981355107509	0.007585732347414028	0.015007209444880572	-0.007530979082079582	-0.007530989942556116	-0.007530972767658896	0.002463078548111931
0.015061962710215013	0.030123925420430027	-0.015061962710215013	-0.015061962710215017	-0.015061962710215019	0.015061962710215012	0.030123925420430027	-0.015061962710215013	-0.015061962710215013	0.9849380372897851	0.015171464694828052	0.030014418889761144	-0.015061958164159164	-0.015061979885112231	-0.015061945535317795	0.004926157096223863
-0.002495358852595269	-0.004990717705190537	0.002495358852595269	0.002495358852595269	0.0024953588525952696	-0.002495358852595268	-0.0049907177051905375	0.0024953588525952687	0.002495358852595268	0.0024953588525952687	0.9538673123886883	0.03863396900803752	0.002508000898083509	0.002494878002576112	0.0024958397026144247	-0.04763261597677439
-0.009101168259939722	-0.01820233651987944	0.009101168259939724	0.009101168259939724	0.009101168259939724	-0.009101168259939722	-0.018202336519879445	0.009101168259939724	0.009101168259939722	0.009101168259939722	0.0972466976458152	0.8754480039589163	0.009102961875388975	0.009100239456571815	0.009102097063307626	-0.09331297937931371
0.00502065413361194	0.010041308267223879	-0.005020654133611941	-0.00502065413361194	-0.005020654133611941	0.0050206541336119395	0.010041308267223882	-0.005020654133611942	-0.00502065413361194	-0.005020654133611942	0.005082889995963545	0.010003154684361595	0.9949552635868982	-0.005020660100225937	-0.005020648166997942	0.001619408559528932
0.007531051519446502	0.015062103038893004	-0.007531051519446499	-0.007531051519446502	-0.007531051519446503	0.007531051519446499	0.015062103038893002	-0.007531051519446501	-0.0075310515194465	-0.007531051519446502	0.007586883958626977	0.015006268071264971	-0.007531048990998954	0.9924600984152138	-0.007522201454107116	0.00245537006213777
0.01506196243298752	0.030123924865975035	-0.015061962432987517	-0.015061962432987517	-0.015061962432987522	0.015061962432987516	0.030123924865975035	-0.015061962432987516	-0.015061962432987516	-0.015061962432987519	0.015173626993323818	0.0300122552487121	-0.015061957376060886	-0.015044296935171158	0.9849203720691957	0.004910685568894552
-0.0074419068757131624	-0.014883813751426325	0.007441906875713162	0.0074419068757131624	0.007441906875713164	-0.007441906875713159	-0.014883813751426325	0.007441906875713162	0.007441906875713159	0.0074419068757131624	-0.2690664383247474	0.24680936666153455	0.007373257911786647	0.0074566958425662895	0.007427117908860025	0.7166498732897726