0.9978632920456562	-0.004273415908687856	0.0021367079543439284	0.002136707954343928	0.0021367079543439284	-0.002136707954343928	-0.004273415908687854	0.002136707954343928	0.002136707954343927	0.002136707954343928	-0.002152105056892891	-0.00425801700270283	0.0021367061509078656	0.0021367098145039154	0.0021367060941839397	-0.0007366611168660139
-0.008546831817375707	0.9829063363652486	0.008546831817375708	0.008546831817375707	0.008546831817375708	-0.008546831817375708	-0.01709366363475141	0.008546831817375708	0.008546831817375707	0.008546831817375708	-0.008608420227571564	-0.01703206801081133	0.008546824603631462	0.008546839258015656	0.008546824376735755	-0.0029466444674640544
0.004273415908687853	0.008546831817375707	0.9957265840913124	-0.004273415908687854	-0.004273415908687854	0.004273415908687854	0.008546831817375707	-0.004273415908687854	-0.004273415908687853	-0.004273415908687854	0.00430421011378578	0.008516034005405662	-0.004273412301815732	-0.004273419629007828	-0.004273412188367878	0.001473322233732027
0.006410123863031781	0.01282024772606356	-0.006410123863031781	0.9935898761369684	-0.006410123863031781	0.006410123863031782	0.012820247726063558	-0.006410123863031781	-0.006410123863031778	-0.006410123863031781	0.006456315170678675	0.012774051008108493	-0.0064101184527235976	-0.006410129443511746	-0.0064101182825518155	0.002209983350598041
0.012820247726063567	0.02564049545212713	-0.012820247726063567	-0.012820247726063563	0.9871797522739366	0.012820247726063562	0.025640495452127116	-0.012820247726063562	-0.012820247726063556	-0.012820247726063563	0.01291263034135735	0.02554810201621698	-0.012820236905447192	-0.012820258887023492	-0.012820236565103631	0.004419966701196084
-0.0021367079543439266	-0.004273415908687853	0.0021367079543439266	0.0021367079543439266	0.0021367079543439266	0.9978632920456563	-0.004273415908687853	0.002136707954343927	0.0021367079543439266	0.0021367079543439266	-0.0021521050568928915	-0.004258017002702829	0.002136706150907866	0.002136709814503915	0.0021367060941839392	-0.0007366611168660138
-0.008546831817375707	-0.017093663634751413	0.008546831817375707	0.008546831817375708	0.008546831817375708	-0.008546831817375707	0.982906336365248	0.008546831817375708	0.008546831817375707	0.00854683181737571	-0.008608420227571566	-0.017032068010811318	0.008546824603631462	0.00854683925801566	0.008546824376735755	-0.0029466444674640544
0.0042734159086878516	0.008546831817375705	-0.004273415908687852	-0.004273415908687853	-0.004273415908687853	0.004273415908687852	0.008546831817375705	0.9957265840913123	-0.004273415908687852	-0.004273415908687854	0.004304210113785783	0.008516034005405657	-0.004273412301815731	-0.004273419629007831	-0.004273412188367877	0.0014733222337320277
0.006410123863031782	0.012820247726063562	-0.006410123863031782	-0.00641012386303178	-0.006410123863031782	0.006410123863031781	0.012820247726063558	-0.006410123863031781	0.9935898761369679	-0.006410123863031782	0.006456315170678673	0.012774051008108491	-0.006410118452723597	-0.006410129443511746	-0.006410118282551816	0.0022099833505980415
0.012820247726063565	0.025640495452127127	-0.012820247726063565	-0.012820247726063562	-0.012820247726063565	0.012820247726063563	0.02564049545212712	-0.012820247726063563	-0.01282024772606356	0.9871797522739366	0.012912630341357348	0.025548102016216982	-0.012820236905447193	-0.012820258887023494	-0.012820236565103633	0.004419966701196085
-0.0021266367337856393	-0.004253273467571279	0.0021266367337856393	0.0021266367337856393	0.0021266367337856393	-0.0021266367337856385	-0.004253273467571277	0.002126636733785639	0.0021266367337856393	0.002126636733785639	0.9585872926012812	0.03502116534107001	0.00213826859007728	0.0021262715802911904	0.002127001887280087	-0.042798483315021285
-0.007847609694900412	-0.01569521938980083	0.007847609694900413	0.007847609694900415	0.007847609694900413	-0.007847609694900412	-0.015695219389800827	0.007847609694900413	0.007847609694900415	0.007847609694900413	0.08739561739472147	0.8890597208952506	0.00784944232022714	0.007846902526385823	0.007848316863415009	-0.08397226643603783
0.004273415788879457	0.008546831577758913	-0.004273415788879457	-0.0042734157888794574	-0.004273415788879457	0.004273415788879455	0.00854683157775891	-0.004273415788879456	-0.004273415788879457	-0.004273415788879457	0.0043277324091137645	0.008514498405932132	0.995704600762713	-0.0042734196941648	-0.004273411883594113	0.0014527906729984133
0.006410174311261272	0.012820348622522544	-0.006410174311261272	-0.006410174311261272	-0.006410174311261272	0.006410174311261272	0.01282034862252254	-0.006410174311261272	-0.006410174311261271	-0.006410174311261272	0.0064571965774712905	0.012773320746339476	-0.006410168701288229	0.9935822908317878	-0.006402639454310571	0.0022033284618039137
0.012820247560384678	0.02564049512076935	-0.012820247560384676	-0.012820247560384674	-0.012820247560384676	0.012820247560384674	0.02564049512076935	-0.012820247560384676	-0.012820247560384676	-0.012820247560384678	0.012914291829605047	0.025546439631616742	-0.012820236340452441	-0.012805200375777544	0.9871647052550084	0.004406616567818092
-0.006350245413844119	-0.012700490827688236	0.006350245413844119	0.006350245413844118	0.006350245413844119	-0.006350245413844119	-0.012700490827688236	0.006350245413844119	0.006350245413844117	0.006350245413844119	-0.2418887331691507	0.2229001240373898	0.006288118304072855	0.0063631072441312974	0.006337383583556931	0.7454037546533387