0.9980625867046974	-0.0038748265906058594	0.001937413295302929	0.00193741329530293	0.0019374132953029284	-0.0019374132953029288	-0.0038748265906058594	0.0019374132953029297	0.0019374132953029293	0.0019374132953029284	-0.0019509393293157499	-0.0038612985632974855	0.001937411302007376	0.001937414725966385	0.001937411864639473	-0.0006868815917943487
-0.007749653181211717	0.9845006936375763	0.007749653181211714	0.007749653181211717	0.00774965318121171	-0.007749653181211711	-0.015499306362423429	0.0077496531812117145	0.0077496531812117145	0.007749653181211713	-0.007803757317263001	-0.015445194253189938	0.007749645208029504	0.007749658903865537	0.007749647458557889	-0.0027475263671773954
0.00387482659060586	0.00774965318121172	0.9961251734093938	-0.003874826590605859	-0.003874826590605856	0.003874826590605857	0.007749653181211716	-0.0038748265906058585	-0.0038748265906058585	-0.003874826590605857	0.003901878658631499	0.007722597126594971	-0.003874822604014752	-0.0038748294519327683	-0.0038748237292789457	0.0013737631835886977
0.005812239885908787	0.011624479771817575	-0.005812239885908787	0.9941877601140914	-0.005812239885908783	0.005812239885908788	0.011624479771817573	-0.005812239885908788	-0.0058122398859087885	-0.005812239885908788	0.005852817987947247	0.011583895689892456	-0.005812233906022128	-0.005812244177899152	-0.0058122355939184195	0.0020606447753830463
0.011624479771817572	0.02324895954363514	-0.011624479771817568	-0.011624479771817572	0.9883755202281818	0.011624479771817573	0.02324895954363514	-0.011624479771817572	-0.011624479771817573	-0.011624479771817572	0.011705635975894493	0.02316779137978491	-0.011624467812044256	-0.011624488355798306	-0.01162447118783684	0.0041212895507660935
-0.0019374132953029295	-0.003874826590605859	0.0019374132953029284	0.0019374132953029295	0.0019374132953029284	0.9980625867046965	-0.003874826590605858	0.0019374132953029288	0.0019374132953029288	0.0019374132953029284	-0.001950939329315749	-0.003861298563297485	0.0019374113020073757	0.001937414725966385	0.0019374118646394726	-0.0006868815917943488
-0.0077496531812117145	-0.015499306362423429	0.007749653181211711	0.0077496531812117145	0.007749653181211711	-0.007749653181211709	0.9845006936375763	0.007749653181211713	0.007749653181211714	0.007749653181211712	-0.007803757317262994	-0.015445194253189938	0.0077496452080295045	0.00774965890386554	0.007749647458557894	-0.0027475263671773954
0.00387482659060586	0.007749653181211719	-0.003874826590605858	-0.00387482659060586	-0.003874826590605858	0.0038748265906058572	0.007749653181211719	0.9961251734093943	-0.0038748265906058585	-0.0038748265906058577	0.003901878658631499	0.007722597126594972	-0.0038748226040147536	-0.003874829451932771	-0.003874823729278947	0.0013737631835886983
0.005812239885908788	0.011624479771817573	-0.005812239885908786	-0.0058122398859087885	-0.005812239885908788	0.005812239885908788	0.011624479771817577	-0.0058122398859087885	0.9941877601140913	-0.005812239885908788	0.005852817987947246	0.011583895689892454	-0.005812233906022127	-0.005812244177899152	-0.00581223559391842	0.0020606447753830463
0.011624479771817575	0.02324895954363515	-0.011624479771817573	-0.011624479771817577	-0.011624479771817577	0.011624479771817577	0.023248959543635154	-0.011624479771817577	-0.011624479771817577	0.9883755202281825	0.011705635975894494	0.02316779137978492	-0.011624467812044258	-0.01162448835579831	-0.01162447118783684	0.004121289550766094
-0.0019294980890568552	-0.0038589961781137104	0.0019294980890568547	0.0019294980890568552	0.0019294980890568547	-0.0019294980890568547	-0.0038589961781137112	0.0019294980890568552	0.0019294980890568552	0.0019294980890568552	0.9612157449124887	0.032984755097636584	0.0019405038117611	0.0019291895980996117	0.0019298065800140984	-0.040077917848915956
-0.007165433100294998	-0.01433086620058999	0.0071654331002949925	0.007165433100294995	0.007165433100294994	-0.007165433100294994	-0.014330866200589994	0.007165433100294995	0.007165433100294995	0.007165433100294995	0.08177327304900521	0.8967286408098671	0.007167219940537435	0.007164834692344232	0.007166031508245758	-0.07871901062319993
0.0038748264806934074	0.007749652961386814	-0.003874826480693406	-0.0038748264806934083	-0.0038748264806934053	0.0038748264806934053	0.007749652961386814	-0.0038748264806934066	-0.0038748264806934057	-0.0038748264806934044	0.00392407427866372	0.00772115185083416	0.9961044268318887	-0.0038748294990414906	-0.0038748234623453173	0.001354422299249762
0.005812281195265862	0.011624562390531723	-0.005812281195265861	-0.005812281195265862	-0.0058122811952658615	0.005812281195265862	0.011624562390531725	-0.005812281195265862	-0.005812281195265862	-0.005812281195265863	0.00585356775574294	0.01158326967823812	-0.005812275043449328	0.9941808859273156	-0.005805448317847352	0.0020545627797726885
0.011624479650757455	0.023248959301514906	-0.011624479650757451	-0.011624479650757453	-0.011624479650757453	0.011624479650757453	0.02324895930151491	-0.011624479650757453	-0.011624479650757453	-0.011624479650757455	0.01170705255020649	0.023166374098455737	-0.011624467347147312	-0.011610831235438717	0.988361871933924	0.004109092006828959
-0.0057652084312846226	-0.011530416862569242	0.00576520843128462	0.005765208431284622	0.005765208431284622	-0.0057652084312846226	-0.011530416862569245	0.005765208431284622	0.0057652084312846226	0.0057652084312846226	-0.2267289831700714	0.20949182310871106	0.0057067431987910845	0.005777010181377462	0.0057534066811917835	0.7615790533720318