0.9991405645984367	-0.001718870803125705	0.0008594354015628525	0.0008594354015628526	0.0008594354015628526	-0.0008594354015628526	-0.001718870803125705	0.0008594354015628525	0.0008594354015628528	0.0008594354015628523	-0.0008622684033593153	-0.0017160371180674767	0.0008594347183010855	0.00085943555731423	0.000859435245811476	-0.00035827379118039484
-0.0034377416062514104	0.9931245167874969	0.00343774160625141	0.0034377416062514104	0.003437741606251411	-0.003437741606251411	-0.006875483212502821	0.003437741606251411	0.0034377416062514126	0.00343774160625141	-0.0034490736134372606	-0.006864148472269907	0.0034377388732043427	0.00343774222925692	0.0034377409832459043	-0.0014330951647215798
0.0017188708031257048	0.003437741606251409	0.998281129196874	-0.0017188708031257052	-0.0017188708031257054	0.0017188708031257054	0.003437741606251411	-0.0017188708031257054	-0.001718870803125706	-0.0017188708031257048	0.0017245368067186305	0.003432074236134954	-0.0017188694366021711	-0.0017188711146284602	-0.001718870491622951	0.0007165475823607899
0.0025783062046885598	0.0051566124093771195	-0.00257830620468856	0.9974216937953115	-0.00257830620468856	0.0025783062046885598	0.0051566124093771195	-0.00257830620468856	-0.002578306204688561	-0.0025783062046885593	0.0025868052100779457	0.005148111354202431	-0.0025783041549032565	-0.00257830667194269	-0.0025783057374344272	0.0010748213735411842
0.0051566124093771195	0.010313224818754239	-0.00515661240937712	-0.0051566124093771195	0.994843387590623	0.005156612409377119	0.010313224818754237	-0.0051566124093771195	-0.00515661240937712	-0.005156612409377117	0.0051736104201558905	0.010296222708404858	-0.005156608309806512	-0.00515661334388538	-0.005156611474868853	0.0021496427470823693
-0.0008594354015628528	-0.0017188708031257054	0.0008594354015628528	0.0008594354015628529	0.0008594354015628529	0.9991405645984373	-0.0017188708031257059	0.0008594354015628529	0.0008594354015628533	0.0008594354015628527	-0.0008622684033593155	-0.0017160371180674774	0.0008594347183010856	0.0008594355573142303	0.000859435245811476	-0.000358273791180395
-0.003437741606251411	-0.006875483212502822	0.003437741606251411	0.0034377416062514113	0.0034377416062514113	-0.0034377416062514117	0.9931245167874971	0.003437741606251411	0.003437741606251412	0.00343774160625141	-0.0034490736134372615	-0.0068641484722699085	0.003437738873204342	0.0034377422292569204	0.003437740983245903	-0.0014330951647215796
0.0017188708031257056	0.003437741606251411	-0.0017188708031257056	-0.0017188708031257059	-0.0017188708031257059	0.001718870803125706	0.0034377416062514113	0.9982811291968743	-0.0017188708031257067	-0.0017188708031257054	0.001724536806718631	0.003432074236134954	-0.0017188694366021711	-0.0017188711146284609	-0.0017188704916229515	0.0007165475823607899
0.00257830620468856	0.00515661240937712	-0.0025783062046885606	-0.00257830620468856	-0.00257830620468856	0.0025783062046885598	0.005156612409377119	-0.00257830620468856	0.9974216937953123	-0.002578306204688559	0.0025868052100779457	0.00514811135420243	-0.0025783041549032565	-0.002578306671942691	-0.002578305737434428	0.0010748213735411846
0.005156612409377118	0.010313224818754236	-0.005156612409377119	-0.005156612409377118	-0.005156612409377118	0.005156612409377117	0.010313224818754232	-0.005156612409377118	-0.005156612409377116	0.9948433875906226	0.00517361042015589	0.010296222708404858	-0.005156608309806511	-0.00515661334388538	-0.005156611474868853	0.0021496427470823684
-0.0008584319016649871	-0.0017168638033299743	0.0008584319016649872	0.0008584319016649872	0.0008584319016649872	-0.0008584319016649874	-0.0017168638033299745	0.0008584319016649872	0.0008584319016649875	0.0008584319016649872	0.9780806351508008	0.01933779005762223	0.0008647109882477836	0.0008583591908156501	0.0008585046125143246	-0.022360820958343647
-0.003308023531334983	-0.006616047062669966	0.003308023531334983	0.0033080235313349836	0.0033080235313349836	-0.0033080235313349836	-0.006616047062669966	0.003308023531334984	0.0033080235313349845	0.003308023531334983	0.044458684418297784	0.9456164180843538	0.0033088504346786693	0.0033078806653127637	0.003308166397357202	-0.04442461664416354
0.0017188707891596137	0.0034377415783192274	-0.0017188707891596137	-0.001718870789159614	-0.001718870789159614	0.0017188707891596143	0.0034377415783192282	-0.0017188707891596143	-0.0017188707891596148	-0.001718870789159614	0.0017371071712778516	0.00343146579182489	0.9982691686152161	-0.0017188711390187488	-0.00171887043930048	0.0007052092708254958
0.0025783141607505517	0.005156628321501103	-0.002578314160750552	-0.002578314160750552	-0.002578314160750552	0.002578314160750552	0.005156628321501103	-0.0025783141607505526	-0.002578314160750553	-0.0025783141607505517	0.0025869972166178714	0.00514794316828359	-0.002578312063400353	0.9974186532692256	-0.0025752815907267982	0.0010719818782712659
0.005156612401497687	0.010313224802995376	-0.005156612401497689	-0.005156612401497689	-0.005156612401497689	0.005156612401497688	0.010313224802995376	-0.00515661240149769	-0.005156612401497689	-0.0051566124014976854	0.005173978488575539	0.010295854521222928	-0.005156608206803085	-0.005150549165591306	0.994837324362596	0.0021439566738908123
-0.0025723894789270512	-0.0051447789578541025	0.0025723894789270517	0.0025723894789270517	0.0025723894789270512	-0.0025723894789270517	-0.0051447789578541025	0.002572389478927052	0.002572389478927052	0.0025723894789270504	-0.12885807747113412	0.12117500523347907	0.002538293279800926	0.0025780169152151817	0.00256676204263892	0.866903414668677