0.9990032406605427	-0.001993518678915927	0.0009967593394579635	0.0009967593394579637	0.0009967593394579637	-0.0009967593394579637	-0.001993518678915927	0.000996759339457964	0.000996759339457964	0.0009967593394579637	-0.0010007095670260702	-0.0019895675288400553	0.0009967584169501978	0.00099675957428768	0.000996759104628248	-0.00040614622407776017
-0.003987037357831854	0.9920259252843362	0.003987037357831854	0.003987037357831856	0.003987037357831855	-0.003987037357831855	-0.007974074715663707	0.003987037357831854	0.003987037357831856	0.003987037357831854	-0.004002838268104281	-0.007958270115360221	0.003987033667800793	0.0039870382971507225	0.003987036418512994	-0.0016245848963110402
0.001993518678915927	0.003987037357831853	0.9980064813210838	-0.0019935186789159275	-0.001993518678915927	0.001993518678915927	0.003987037357831853	-0.0019935186789159275	-0.0019935186789159275	-0.001993518678915927	0.00200141913405214	0.0039791350576801115	-0.0019935168339003965	-0.001993519148575359	-0.0019935182092564964	0.0008122924481555199
0.002990278018373889	0.005980556036747777	-0.0029902780183738886	0.9970097219816263	-0.00299027801837389	0.0029902780183738895	0.005980556036747779	-0.00299027801837389	-0.0029902780183738904	-0.0029902780183738895	0.0030021287010782113	0.005968702586520162	-0.002990275250850592	-0.0029902787228630384	-0.002990277313884741	0.0012184386722332797
0.005980556036747781	0.01196111207349556	-0.00598055603674778	-0.005980556036747782	0.9940194439632521	0.005980556036747782	0.011961112073495563	-0.005980556036747783	-0.005980556036747784	-0.0059805560367477825	0.006004257402156427	0.011937405173040332	-0.005980550501701186	-0.00598055744572608	-0.005980554627769487	0.00243687734446656
-0.0009967593394579642	-0.0019935186789159275	0.0009967593394579637	0.000996759339457964	0.0009967593394579637	0.9990032406605422	-0.0019935186789159275	0.000996759339457964	0.000996759339457964	0.0009967593394579637	-0.0010007095670260704	-0.001989567528840055	0.0009967584169501983	0.0009967595742876802	0.0009967591046282486	-0.00040614622407775995
-0.003987037357831857	-0.007974074715663712	0.003987037357831856	0.003987037357831857	0.003987037357831856	-0.003987037357831857	0.9920259252843363	0.003987037357831855	0.003987037357831856	0.003987037357831855	-0.004002838268104281	-0.00795827011536022	0.003987033667800792	0.00398703829715072	0.0039870364185129945	-0.00162458489631104
0.001993518678915927	0.003987037357831852	-0.0019935186789159266	-0.001993518678915927	-0.0019935186789159266	0.001993518678915927	0.003987037357831854	0.998006481321084	-0.0019935186789159275	-0.001993518678915927	0.0020014191340521404	0.003979135057680109	-0.0019935168339003956	-0.001993519148575359	-0.0019935182092564964	0.0008122924481555199
0.002990278018373891	0.005980556036747781	-0.0029902780183738904	-0.0029902780183738912	-0.0029902780183738917	0.002990278018373892	0.005980556036747782	-0.0029902780183738904	0.9970097219816263	-0.0029902780183738904	0.0030021287010782117	0.005968702586520164	-0.002990275250850592	-0.0029902787228630384	-0.002990277313884743	0.00121843867223328
0.005980556036747782	0.011961112073495562	-0.005980556036747781	-0.0059805560367477825	-0.005980556036747783	0.005980556036747784	0.011961112073495563	-0.005980556036747781	-0.005980556036747783	0.9940194439632519	0.0060042574021564234	0.011937405173040327	-0.005980550501701185	-0.005980557445726078	-0.005980554627769487	0.0024368773444665595
-0.000995280389463991	-0.001990560778927982	0.000995280389463991	0.0009952803894639913	0.000995280389463991	-0.0009952803894639913	-0.001990560778927982	0.0009952803894639909	0.0009952803894639915	0.000995280389463991	0.9755451141563608	0.021462012276707854	0.0010023127880032362	0.0009951851731264726	0.0009953756058015107	-0.025026382867786006
-0.0038158677356721284	-0.007631735471344255	0.0038158677356721266	0.0038158677356721284	0.0038158677356721275	-0.0038158677356721275	-0.007631735471344253	0.0038158677356721258	0.0038158677356721284	0.0038158677356721266	0.05006320945484822	0.9384881878889123	0.0038168671848950748	0.003815681042082273	0.003816054429261984	-0.04961262957750307
0.0019935186567062537	0.003987037313412506	-0.001993518656706253	-0.001993518656706254	-0.0019935186567062537	0.0019935186567062537	0.003987037313412507	-0.0019935186567062533	-0.0019935186567062537	-0.0019935186567062524	0.002015503467833933	0.0039783948734194875	0.9979931389721585	-0.0019935191763116532	-0.0019935181371008534	0.000799707126125906
0.0029902887490727806	0.005980577498145561	-0.0029902887490727806	-0.002990288749072781	-0.0029902887490727815	0.002990288749072781	0.00598057749814556	-0.00299028874907278	-0.002990288749072781	-0.00299028874907278	0.0030023761577949717	0.005968487261267188	-0.002990285920916598	0.9970061943274134	-0.002986771825558976	0.0012151708286129825
0.005980556023523981	0.01196111204704796	-0.005980556023523981	-0.005980556023523982	-0.005980556023523983	0.005980556023523983	0.01196111204704796	-0.00598055602352398	-0.005980556023523982	-0.00598055602352398	0.006004730801776153	0.011936931612492272	-0.0059805503672204574	-0.00597352504142283	0.994012412994375	0.0024303322312860948
-0.002981541430359453	-0.005963082860718905	0.0029815414303594524	0.002981541430359453	0.0029815414303594532	-0.002981541430359453	-0.005963082860718905	0.002981541430359452	0.0029815414303594532	0.0029815414303594524	-0.14364767185167998	0.13474091687233505	0.0029436721186261467	0.0029880018163513412	0.0029750810443675674	0.8510526251801269