0.9988279226201175	-0.0023441547597653086	0.0011720773798826543	0.001172077379882654	0.0011720773798826547	-0.0011720773798826543	-0.002344154759765309	0.0011720773798826547	0.0011720773798826545	0.001172077379882655	-0.0011776480139835258	-0.0023385828865390527	0.0011720761407572715	0.0011720777464925775	0.0011720770132727287	-0.00046449488335325586
-0.004688309519530613	0.9906233809609393	0.004688309519530616	0.004688309519530615	0.004688309519530617	-0.0046883095195306155	-0.009376619039061231	0.004688309519530617	0.0046883095195306155	0.004688309519530616	-0.004710592055934103	-0.00935433154615621	0.004688304563029083	0.004688310985970313	0.004688308053090915	-0.001857979533413023
0.0023441547597653073	0.004688309519530616	0.9976558452402348	-0.002344154759765307	-0.002344154759765308	0.0023441547597653077	0.0046883095195306155	-0.0023441547597653086	-0.0023441547597653073	-0.0023441547597653077	0.002355296027967051	0.0046771657730781055	-0.0023441522815145434	-0.0023441554929851545	-0.0023441540265454583	0.0009289897667065115
0.003516232139647963	0.007032464279295926	-0.0035162321396479627	0.9964837678603519	-0.0035162321396479614	0.003516232139647962	0.007032464279295923	-0.0035162321396479622	-0.0035162321396479622	-0.0035162321396479614	0.003532944041950577	0.007015748659617158	-0.003516228422271813	-0.003516233239477735	-0.003516231039818188	0.001393484650059767
0.007032464279295925	0.01406492855859185	-0.0070324642792959245	-0.007032464279295924	0.9929675357207044	0.007032464279295924	0.014064928558591849	-0.007032464279295926	-0.0070324642792959245	-0.007032464279295924	0.007065888083901154	0.014031497319234318	-0.007032456844543624	-0.007032466478955468	-0.007032462079636375	0.002786969300119534
-0.0011720773798826534	-0.0023441547597653077	0.0011720773798826534	0.0011720773798826532	0.0011720773798826536	0.9988279226201171	-0.0023441547597653077	0.0011720773798826543	0.001172077379882654	0.0011720773798826543	-0.001177648013983526	-0.002338582886539053	0.0011720761407572715	0.0011720777464925781	0.0011720770132727283	-0.00046449488335325586
-0.004688309519530613	-0.00937661903906123	0.004688309519530614	0.004688309519530613	0.004688309519530615	-0.004688309519530615	0.9906233809609387	0.0046883095195306155	0.004688309519530615	0.0046883095195306155	-0.004710592055934103	-0.009354331546156211	0.004688304563029084	0.004688310985970312	0.004688308053090914	-0.001857979533413023
0.002344154759765307	0.0046883095195306155	-0.0023441547597653073	-0.002344154759765307	-0.0023441547597653077	0.0023441547597653077	0.0046883095195306155	0.9976558452402351	-0.0023441547597653086	-0.002344154759765309	0.0023552960279670525	0.0046771657730781055	-0.0023441522815145434	-0.002344155492985157	-0.002344154026545458	0.0009289897667065116
0.003516232139647963	0.007032464279295925	-0.0035162321396479622	-0.003516232139647962	-0.0035162321396479627	0.0035162321396479622	0.007032464279295923	-0.0035162321396479635	0.996483767860352	-0.0035162321396479614	0.003532944041950577	0.007015748659617159	-0.0035162284222718136	-0.003516233239477735	-0.0035162310398181885	0.001393484650059767
0.007032464279295923	0.014064928558591846	-0.007032464279295922	-0.007032464279295921	-0.007032464279295923	0.007032464279295922	0.01406492855859184	-0.007032464279295924	-0.007032464279295921	0.9929675357207041	0.007065888083901152	0.014031497319234313	-0.0070324568445436254	-0.007032466478955466	-0.007032462079636374	0.002786969300119533
-0.0011698311890813394	-0.00233966237816268	0.0011698311890813394	0.0011698311890813392	0.0011698311890813394	-0.0011698311890813392	-0.002339662378162679	0.0011698311890813405	0.0011698311890813394	0.0011698311890813394	0.9725256182889013	0.023956967237502826	0.0011777520954332308	0.0011697037251377077	0.0011699586530249714	-0.02820885304482028
-0.004456930982783255	-0.008913861965566513	0.004456930982783256	0.0044569309827832545	0.004456930982783255	-0.004456930982783255	-0.00891386196556651	0.004456930982783258	0.0044569309827832545	0.004456930982783255	0.0567888163741336	0.9298391847471157	0.0044581369131839075	0.004456681673484873	0.00445718029208164	-0.05578703199357587
0.002344154723965277	0.004688309447930555	-0.002344154723965277	-0.0023441547239652764	-0.0023441547239652773	0.0023441547239652773	0.0046883094479305545	-0.0023441547239652777	-0.002344154723965277	-0.002344154723965277	0.0023711710206227015	0.004676263812340783	0.997640874614966	-0.0023441555236018985	-0.0023441539243286534	0.0009149397758929159
0.0035162470286551144	0.007032494057310229	-0.003516247028655114	-0.003516247028655113	-0.003516247028655114	0.003516247028655114	0.007032494057310227	-0.003516247028655115	-0.0035162470286551136	-0.0035162470286551136	0.00353326948852893	0.007015467801385513	-0.0035162432326042155	0.996479617767691	-0.003512111825001343	0.0013896772041337966
0.007032464256238442	0.014064928512476885	-0.007032464256238442	-0.007032464256238441	-0.007032464256238442	0.0070324642562384415	0.014064928512476881	-0.007032464256238442	-0.0070324642562384415	-0.0070324642562384415	0.007066509112486994	0.014030876064139964	-0.007032456664150072	-0.0070241983127392925	0.9929592698002625	0.0027793415377239702
-0.003502939579998062	-0.007005879159996125	0.003502939579998062	0.003502939579998061	0.003502939579998062	-0.003502939579998062	-0.007005879159996122	0.0035029395799980627	0.003502939579998061	0.003502939579998062	-0.16122415195441092	0.15075764425902388	0.0034606285353909164	0.0035104418358553697	0.003495437324140754	0.8321315503187677