0.9986995589335674	-0.002600882132864283	0.0013004410664321409	0.0013004410664321415	0.001300441066432141	-0.001300441066432141	-0.0026008821328642826	0.001300441066432141	0.001300441066432141	0.001300441066432141	-0.0013072994389237795	-0.002594022298189596	0.0013004396042490918	0.001300441553408819	0.001300440579455464	-0.0005053690132967537
-0.005201764265728565	0.9895964714685431	0.005201764265728565	0.005201764265728567	0.005201764265728564	-0.005201764265728565	-0.01040352853145713	0.005201764265728564	0.005201764265728564	0.0052017642657285635	-0.005229197755695119	-0.010376089192758385	0.005201758416996365	0.005201766213635276	0.005201762317821855	-0.0020214760531870146
0.002600882132864282	0.005201764265728565	0.9973991178671356	-0.002600882132864283	-0.002600882132864282	0.0026008821328642826	0.005201764265728565	-0.0026008821328642826	-0.0026008821328642826	-0.0026008821328642826	0.0026145988778475586	0.005188044596379188	-0.0026008792084981818	-0.0026008831068176376	-0.0026008811589109276	0.001010738026593507
0.003901323199296423	0.007802646398592844	-0.003901323199296423	0.9960986768007039	-0.003901323199296423	0.003901323199296424	0.007802646398592846	-0.003901323199296423	-0.003901323199296425	-0.003901323199296424	0.003921898316771334	0.0077820668945687834	-0.003901318812747275	-0.0039013246602264567	-0.00390132173836639	0.0015161070398902604
0.007802646398592848	0.015605292797185696	-0.007802646398592848	-0.00780264639859285	0.992197353601407	0.00780264639859285	0.015605292797185696	-0.00780264639859285	-0.007802646398592851	-0.00780264639859285	0.007843796633542675	0.015564133789137576	-0.007802637625494555	-0.007802649320452913	-0.007802643476732782	0.0030322140797805217
-0.0013004410664321413	-0.002600882132864283	0.0013004410664321415	0.0013004410664321413	0.0013004410664321417	0.9986995589335678	-0.0026008821328642826	0.0013004410664321413	0.0013004410664321413	0.0013004410664321413	-0.0013072994389237789	-0.0025940222981895964	0.0013004396042490915	0.0013004415534088195	0.0013004405794554638	-0.0005053690132967535
-0.005201764265728564	-0.01040352853145713	0.005201764265728565	0.005201764265728564	0.005201764265728566	-0.005201764265728565	0.9895964714685428	0.005201764265728565	0.005201764265728565	0.005201764265728564	-0.005229197755695116	-0.01037608919275838	0.005201758416996368	0.005201766213635277	0.005201762317821857	-0.0020214760531870137
0.0026008821328642826	0.005201764265728567	-0.002600882132864283	-0.0026008821328642826	-0.0026008821328642835	0.002600882132864283	0.005201764265728566	0.9973991178671358	-0.0026008821328642826	-0.0026008821328642826	0.0026145988778475586	0.005188044596379192	-0.0026008792084981835	-0.0026008831068176394	-0.0026008811589109276	0.001010738026593507
0.0039013231992964265	0.007802646398592851	-0.0039013231992964265	-0.0039013231992964265	-0.0039013231992964257	0.0039013231992964265	0.00780264639859285	-0.0039013231992964257	0.9960986768007037	-0.003901323199296424	0.003921898316771337	0.007782066894568789	-0.003901318812747276	-0.003901324660226458	-0.003901321738366391	0.0015161070398902608
0.007802646398592848	0.015605292797185696	-0.007802646398592848	-0.00780264639859285	-0.007802646398592846	0.00780264639859285	0.015605292797185692	-0.007802646398592848	-0.00780264639859285	0.992197353601407	0.007843796633542672	0.015564133789137576	-0.0078026376254945505	-0.0078026493204529125	-0.007802643476732783	0.0030322140797805213
-0.0012975140263775681	-0.0025950280527551363	0.0012975140263775681	0.001297514026377568	0.0012975140263775684	-0.0012975140263775681	-0.0025950280527551363	0.0012975140263775686	0.0012975140263775684	0.0012975140263775686	0.9704430365881594	0.025655897612078652	0.001306037747006871	0.0012973606035404503	0.0012976674492146867	-0.030405174938292354
-0.0049212781329430405	-0.009842556265886085	0.004921278132943041	0.0049212781329430405	0.004921278132943041	-0.0049212781329430405	-0.009842556265886081	0.004921278132943042	0.004921278132943041	0.004921278132943041	0.061439182563698715	0.9237956397842045	0.00492262138621028	0.0049209785451475915	0.004921577720738491	-0.06003849086501018
0.002600882085237226	0.0052017641704744525	-0.0026008820852372262	-0.0026008820852372262	-0.0026008820852372262	0.0026008820852372262	0.0052017641704744525	-0.0026008820852372262	-0.0026008820852372262	-0.0026008820852372267	0.0026316932627782302	0.005187031213300082	0.997383039694396	-0.0026008831387712293	-0.0026008810317032227	0.000995690960173466
0.003901341574873524	0.007802683149747046	-0.003901341574873523	-0.003901341574873524	-0.003901341574873523	0.003901341574873524	0.007802683149747048	-0.003901341574873524	-0.0039013415748735247	-0.0039013415748735234	0.003922285657768665	0.00778173458755303	-0.003901337095574654	0.996094070594483	-0.003896753744230125	0.0015119092667805522
0.00780264636584142	0.01560529273168284	-0.007802646365841422	-0.007802646365841422	-0.00780264636584142	0.007802646365841422	0.015605292731682844	-0.007802646365841422	-0.007802646365841424	-0.007802646365841422	0.007844534446469913	0.015563395692473584	-0.007802637407260665	-0.007793476627275025	0.9921881838955919	0.003023802825554025
-0.0038839841090670905	-0.007767968218134179	0.0038839841090670905	0.0038839841090670905	0.0038839841090670896	-0.0038839841090670905	-0.007767968218134181	0.0038839841090670896	0.0038839841090670905	0.0038839841090670905	-0.1733240951919927	0.16171748449441814	0.0038386424794403873	0.0038922347666799605	0.00387573345145422	0.81907530859444