0.9976674834516708	-0.004665033096657394	0.0023325165483286977	0.0023325165483286977	0.002332516548328697	-0.0023325165483286977	-0.004665033096657395	0.002332516548328698	0.0023325165483286977	0.002332516548328698	-0.002349529640305334	-0.004648018626053788	0.002332515169701722	0.0023325189004213985	0.0023325141962359987	-0.0007823403092300585
-0.00933006619331479	0.9813398676133703	0.00933006619331479	0.00933006619331479	0.009330066193314786	-0.009330066193314791	-0.01866013238662958	0.009330066193314793	0.009330066193314791	0.009330066193314793	-0.009398118561221335	-0.01859207450421515	0.00933006067880689	0.009330075601685594	0.009330056784943993	-0.0031293612369202323
0.004665033096657392	0.009330066193314784	0.9953349669033426	-0.004665033096657394	-0.004665033096657392	0.004665033096657394	0.009330066193314787	-0.004665033096657395	-0.004665033096657395	-0.004665033096657395	0.004699059280610664	0.009296037252107574	-0.004665030339403447	-0.004665037800842797	-0.004665028392471996	0.0015646806184601162
0.006997549644986097	0.013995099289972193	-0.006997549644986099	0.9930024503550143	-0.0069975496449860945	0.006997549644986097	0.013995099289972194	-0.006997549644986099	-0.006997549644986098	-0.006997549644986096	0.007048588920915998	0.013944055878161363	-0.006997545509105171	-0.006997556701264196	-0.006997542588707991	0.0023470209276901756
0.013995099289972189	0.027990198579944378	-0.013995099289972194	-0.013995099289972196	0.9860049007100271	0.013995099289972193	0.02799019857994438	-0.013995099289972194	-0.013995099289972194	-0.013995099289972189	0.014097177841831992	0.02788811175632272	-0.013995091018210339	-0.013995113402528389	-0.013995085177415979	0.004694041855380351
-0.0023325165483286964	-0.004665033096657393	0.0023325165483286973	0.002332516548328697	0.002332516548328697	0.9976674834516712	-0.004665033096657396	0.0023325165483286986	0.002332516548328698	0.0023325165483286986	-0.002349529640305333	-0.00464801862605379	0.0023325151697017234	0.0023325189004213993	0.0023325141962359987	-0.0007823403092300585
-0.009330066193314791	-0.018660132386629582	0.009330066193314794	0.009330066193314793	0.009330066193314791	-0.009330066193314794	0.9813398676133702	0.009330066193314794	0.009330066193314793	0.009330066193314794	-0.00939811856122133	-0.018592074504215152	0.009330060678806892	0.0093300756016856	0.009330056784943995	-0.003129361236920234
0.004665033096657394	0.009330066193314787	-0.0046650330966573955	-0.004665033096657395	-0.004665033096657395	0.0046650330966573955	0.009330066193314793	0.9953349669033427	-0.004665033096657397	-0.004665033096657398	0.004699059280610666	0.009296037252107578	-0.004665030339403447	-0.0046650378008427995	-0.004665028392471997	0.0015646806184601168
0.006997549644986096	0.01399509928997219	-0.006997549644986099	-0.006997549644986099	-0.006997549644986095	0.006997549644986095	0.01399509928997219	-0.006997549644986099	0.9930024503550139	-0.0069975496449860945	0.007048588920915995	0.013944055878161363	-0.006997545509105169	-0.0069975567012641945	-0.006997542588707991	0.0023470209276901756
0.013995099289972194	0.027990198579944385	-0.013995099289972196	-0.013995099289972198	-0.013995099289972193	0.013995099289972193	0.027990198579944385	-0.013995099289972198	-0.013995099289972196	0.9860049007100278	0.014097177841831988	0.02788811175632272	-0.013995091018210335	-0.013995113402528389	-0.013995085177415982	0.00469404185538035
-0.0023200237536675984	-0.004640047507335198	0.0023200237536675993	0.0023200237536675984	0.002320023753667598	-0.002320023753667599	-0.004640047507335198	0.0023200237536676	0.0023200237536675997	0.0023200237536675997	0.9560843927749819	0.03694334938258581	0.0023322103350972433	0.0023195994639686563	0.0023204480433665444	-0.045370254830994355
-0.008508702399809798	-0.0170174047996196	0.008508702399809802	0.008508702399809802	0.008508702399809802	-0.008508702399809805	-0.017017404799619603	0.008508702399809807	0.008508702399809808	0.008508702399809807	0.09265856848916185	0.8818134919291114	0.008510534782107152	0.00850788188338113	0.008509522916238478	-0.08894059436528617
0.004665032978487303	0.009330065956974607	-0.004665032978487304	-0.004665032978487304	-0.004665032978487305	0.004665032978487305	0.00933006595697461	-0.0046650329784873054	-0.0046650329784873054	-0.0046650329784873054	0.004723782626938802	0.009294432676445002	0.9953118506535904	-0.004665037896664792	-0.004665028060309816	0.0015430254725703942
0.006997610002648682	0.013995220005297364	-0.006997610002648684	-0.006997610002648685	-0.006997610002648683	0.006997610002648683	0.013995220005297366	-0.006997610002648685	-0.006997610002648685	-0.006997610002648683	0.007049608103124549	0.013943217540673476	-0.006997605638500654	0.992994165714047	-0.006989385719344594	0.002339810558260879
0.013995099070753546	0.02799019814150709	-0.013995099070753551	-0.013995099070753553	-0.013995099070753544	0.013995099070753546	0.027990198141507088	-0.01399509907075355	-0.013995099070753548	-0.013995099070753544	0.014099094974709177	0.027886193509250933	-0.013995090342453016	-0.013978678974926108	0.9859884808334188	0.004679573547068182
-0.006923236218426022	-0.01384647243685205	0.006923236218426025	0.006923236218426026	0.006923236218426021	-0.006923236218426024	-0.013846472436852043	0.006923236218426025	0.006923236218426025	0.006923236218426024	-0.2563069861584946	0.2356028696898638	0.006857644031778805	0.006937117616152995	0.006909354820699055	0.7301089953711912