0.9988008063215238	-0.00239838735695224	0.0011991936784761202	0.00119919367847612	0.0011991936784761209	-0.0011991936784761204	-0.0023983873569522404	0.0011991936784761202	0.0011991936784761202	0.0011991936784761209	-0.001205030429643676	-0.002392549318364826	0.0011991923910562605	0.001199194068770096	0.0011991932881821466	-0.0004732562502630072
-0.004796774713904481	0.9904064505721906	0.004796774713904481	0.004796774713904479	0.004796774713904482	-0.004796774713904481	-0.009593549427808958	0.00479677471390448	0.004796774713904479	0.004796774713904482	-0.004820121718574703	-0.009570197273459305	0.004796769564225042	0.0047967762750803795	0.004796773152728584	-0.0018930250010520287
0.0023983873569522413	0.004796774713904481	0.9976016126430476	-0.0023983873569522404	-0.0023983873569522417	0.002398387356952241	0.004796774713904481	-0.0023983873569522404	-0.0023983873569522404	-0.0023983873569522413	0.0024100608592873517	0.004785098636729652	-0.00239838478211252	-0.0023983881375401906	-0.0023983865763642924	0.0009465125005260147
0.0035975810354283632	0.007195162070856724	-0.003597581035428362	0.9964024189645715	-0.0035975810354283637	0.003597581035428363	0.007195162070856725	-0.003597581035428362	-0.0035975810354283624	-0.0035975810354283637	0.0036150912889310275	0.007177647955094478	-0.0035975771731687803	-0.0035975822063102863	-0.00359757986454644	0.0014197687507890224
0.007195162070856727	0.014390324141713448	-0.007195162070856724	-0.007195162070856726	0.9928048379291439	0.007195162070856727	0.01439032414171345	-0.007195162070856726	-0.0071951620708567265	-0.007195162070856727	0.007230182577862056	0.014355295910188958	-0.007195154346337562	-0.007195164412620573	-0.007195159729092882	0.0028395375015780443
-0.0011991936784761206	-0.0023983873569522404	0.00119919367847612	0.0011991936784761204	0.0011991936784761206	0.9988008063215237	-0.0023983873569522404	0.0011991936784761202	0.00119919367847612	0.0011991936784761206	-0.001205030429643676	-0.002392549318364826	0.0011991923910562603	0.0011991940687700953	0.0011991932881821469	-0.00047325625026300723
-0.004796774713904481	-0.009593549427808958	0.004796774713904478	0.00479677471390448	0.004796774713904481	-0.00479677471390448	0.9904064505721909	0.004796774713904481	0.00479677471390448	0.004796774713904482	-0.004820121718574703	-0.009570197273459305	0.00479676956422504	0.00479677627508038	0.004796773152728583	-0.0018930250010520276
0.0023983873569522413	0.004796774713904481	-0.00239838735695224	-0.002398387356952241	-0.0023983873569522413	0.002398387356952241	0.004796774713904482	0.9976016126430477	-0.002398387356952241	-0.0023983873569522417	0.0024100608592873517	0.004785098636729653	-0.00239838478211252	-0.0023983881375401897	-0.0023983865763642937	0.0009465125005260147
0.0035975810354283645	0.007195162070856726	-0.0035975810354283632	-0.0035975810354283645	-0.0035975810354283645	0.0035975810354283637	0.007195162070856726	-0.0035975810354283632	0.9964024189645716	-0.0035975810354283637	0.003615091288931028	0.007177647955094478	-0.0035975771731687816	-0.0035975822063102855	-0.00359757986454644	0.0014197687507890224
0.007195162070856726	0.014390324141713446	-0.007195162070856723	-0.007195162070856725	-0.007195162070856725	0.007195162070856724	0.014390324141713444	-0.007195162070856723	-0.007195162070856724	0.9928048379291438	0.007230182577862053	0.014355295910188954	-0.007195154346337561	-0.007195164412620569	-0.00719515972909288	0.0028395375015780443
-0.0011968122013732497	-0.0023936244027464985	0.001196812201373249	0.0011968122013732492	0.0011968122013732495	-0.0011968122013732492	-0.0023936244027464985	0.001196812201373249	0.0011968122013732492	0.0011968122013732495	0.9720774088837779	0.024324103029076102	0.001204863684399607	0.0011966794145971825	0.0011969449881493153	-0.02868157366589177
-0.004555371742214152	-0.009110743484428304	0.00455537174221415	0.004555371742214152	0.004555371742214153	-0.004555371742214152	-0.009110743484428304	0.004555371742214151	0.004555371742214152	0.004555371742214152	0.057789535495021596	0.9285431132528865	0.0045566077676633164	0.004555112115048891	0.0045556313693794126	-0.05670266316463024
0.0023983873187714785	0.004796774637542956	-0.0023983873187714776	-0.002398387318771478	-0.002398387318771478	0.002398387318771478	0.004796774637542956	-0.002398387318771478	-0.0023983873187714785	-0.002398387318771479	0.002426199621991263	0.0047841725793380824	0.9975864024362137	-0.0023983881684817533	-0.002398386469061203	0.0009322470138003824
0.0035975966297064625	0.007195193259412923	-0.0035975966297064617	-0.003597596629706462	-0.0035975966297064634	0.0035975966297064625	0.0071951932594129225	-0.0035975966297064617	-0.0035975966297064625	-0.0035975966297064625	0.0036154294815338474	0.007177356463736186	-0.0035975926858571082	0.9963981725464343	-0.0035933658058474333	0.0014158785260681773
0.007195162045938246	0.014390324091876487	-0.007195162045938243	-0.007195162045938245	-0.007195162045938246	0.007195162045938245	0.014390324091876485	-0.0071951620459382425	-0.007195162045938244	-0.007195162045938245	0.007230827681777179	0.014354650568353028	-0.0071951541582537136	-0.007186705149184634	0.9927963810573085	0.002831743604189326
-0.0035834846404946222	-0.007166969280989242	0.0035834846404946205	0.0035834846404946222	0.003583484640494623	-0.0035834846404946222	-0.007166969280989243	0.0035834846404946205	0.0035834846404946214	0.0035834846404946214	-0.16382983574772722	0.15312234737425082	0.0035405190924871796	0.003591145983451769	0.0035758232975374752	0.8293213122294331