0.9997112278037713	-0.0005775443924574876	0.0002887721962287437	0.0002887721962287438	0.00028877219622874383	-0.0002887721962287438	-0.0005775443924574878	0.0002887721962287437	0.00028877219622874383	0.0002887721962287438	-0.0002889462445747195	-0.0005773702977929338	0.0002887721499101659	0.00028877220321704374	0.0002887721892404441	-0.00013443405363634686
-0.0011550887849149747	0.9976898224301701	0.0011550887849149749	0.001155088784914975	0.0011550887849149753	-0.001155088784914975	-0.0023101775698299507	0.0011550887849149747	0.0011550887849149749	0.0011550887849149749	-0.0011557849782988783	-0.0023094811911717346	0.001155088599640664	0.0011550888128681748	0.0011550887569617759	-0.0005377362145453877
0.0005775443924574874	0.001155088784914975	0.9994224556075425	-0.0005775443924574874	-0.0005775443924574874	0.0005775443924574873	0.001155088784914975	-0.0005775443924574871	-0.0005775443924574874	-0.0005775443924574874	0.0005778924891494393	0.0011547405955858673	-0.0005775442998203319	-0.0005775444064340877	-0.0005775443784808879	0.0002688681072726938
0.0008663165886862315	0.001732633177372463	-0.0008663165886862312	0.9991336834113141	-0.0008663165886862313	0.0008663165886862314	0.0017326331773724632	-0.000866316588686231	-0.0008663165886862314	-0.0008663165886862315	0.0008668387337241594	0.0017321108933788017	-0.0008663164497304982	-0.0008663166096511312	-0.0008663165677213321	0.0004033021609090408
0.0017326331773724626	0.003465266354744925	-0.0017326331773724621	-0.0017326331773724626	0.9982673668226278	0.0017326331773724623	0.0034652663547449255	-0.0017326331773724615	-0.0017326331773724621	-0.0017326331773724623	0.001733677467448318	0.0034642217867576026	-0.001732632899460996	-0.0017326332193022625	-0.001732633135442663	0.0008066043218180811
-0.0002887721962287437	-0.0005775443924574876	0.0002887721962287438	0.00028877219622874383	0.0002887721962287438	0.9997112278037713	-0.0005775443924574878	0.0002887721962287437	0.00028877219622874383	0.0002887721962287438	-0.0002889462445747196	-0.0005773702977929338	0.00028877214991016595	0.0002887722032170437	0.000288772189240444	-0.00013443405363634686
-0.0011550887849149745	-0.0023101775698299493	0.0011550887849149747	0.0011550887849149749	0.0011550887849149747	-0.0011550887849149749	0.9976898224301702	0.0011550887849149749	0.0011550887849149753	0.001155088784914975	-0.0011557849782988785	-0.0023094811911717355	0.001155088599640664	0.0011550888128681745	0.0011550887569617759	-0.0005377362145453875
0.0005775443924574874	0.001155088784914975	-0.0005775443924574876	-0.0005775443924574877	-0.0005775443924574876	0.0005775443924574877	0.0011550887849149753	0.9994224556075421	-0.0005775443924574877	-0.0005775443924574876	0.0005778924891494394	0.0011547405955858675	-0.0005775442998203319	-0.0005775444064340874	-0.0005775443784808877	0.00026886810727269384
0.0008663165886862315	0.001732633177372463	-0.0008663165886862313	-0.0008663165886862315	-0.0008663165886862314	0.0008663165886862316	0.0017326331773724632	-0.0008663165886862313	0.9991336834113141	-0.0008663165886862314	0.0008668387337241592	0.0017321108933788015	-0.0008663164497304983	-0.0008663166096511313	-0.000866316567721332	0.00040330216090904067
0.001732633177372462	0.003465266354744924	-0.0017326331773724615	-0.0017326331773724621	-0.001732633177372462	0.0017326331773724623	0.0034652663547449247	-0.0017326331773724615	-0.0017326331773724626	0.9982673668226275	0.001733677467448318	0.0034642217867576026	-0.0017326328994609955	-0.0017326332193022622	-0.0017326331354426635	0.0008066043218180811
-0.00028872150798618076	-0.0005774430159723615	0.00028872150798618076	0.0002887215079861808	0.00028872150798618076	-0.00028872150798618076	-0.0005774430159723616	0.00028872150798618066	0.00028872150798618066	0.00028872150798618066	0.991035309590033	0.008096046005872316	0.0002912013881224455	0.00028871217663094386	0.0002887308393414176	-0.008967434204543387
-0.0011389668198914641	-0.002277933639782928	0.001138966819891464	0.001138966819891464	0.0011389668198914637	-0.0011389668198914637	-0.0022779336397829274	0.0011389668198914626	0.0011389668198914633	0.001138966819891463	0.017151169446090474	0.9794317825583203	0.001139114355806238	0.001138948288831563	0.0011389853509513647	-0.018034066631874134
0.0005775443921619907	0.0011550887843239813	-0.0005775443921619907	-0.0005775443921619909	-0.0005775443921619909	0.0005775443921619911	0.0011550887843239821	-0.0005775443921619907	-0.0005775443921619911	-0.0005775443921619909	0.0005828527317222134	0.0011546342013827168	0.9994176018512194	-0.0005775444112017384	-0.0005775443731222434	0.0002641219123386321
0.0008663174768803646	0.001732634953760729	-0.0008663174768803643	-0.0008663174768803645	-0.0008663174768803645	0.0008663174768803645	0.0017326349537607293	-0.0008663174768803642	-0.0008663174768803648	-0.0008663174768803645	0.0008668657068206599	0.0017320865778365786	-0.0008663173308965086	0.9991326633068007	-0.0008652982605614073	0.0004023097949173191
0.0017326331772310717	0.003465266354462143	-0.0017326331772310715	-0.0017326331772310717	-0.0017326331772310717	0.001732633177231072	0.0034652663544621444	-0.0017326331772310715	-0.0017326331772310722	-0.0017326331772310717	0.0017337296365560746	0.0034641696031695755	-0.0017326328852635073	-0.0017305948325336668	0.9982653284780717	0.0008046187439692238
-0.0008660256583909741	-0.0017320513167819482	0.000866025658390974	0.0008660256583909742	0.0008660256583909742	-0.0008660256583909743	-0.0017320513167819486	0.000866025658390974	0.0008660256583909743	0.0008660256583909742	-0.05289226913217321	0.05030843602432598	0.0008517817910652976	0.0008680080358291157	0.0008640432809528326	0.946596575900208