0.9996516549303152	-0.0006966901393704566	0.00034834506968522836	0.0003483450696852284	0.00034834506968522836	-0.00034834506968522836	-0.0006966901393704566	0.00034834506968522836	0.0003483450696852285	0.00034834506968522847	-0.000348635074977784	-0.0006964000575492899	0.00034834499315661684	0.0003483450817111763	0.00034834505765928063	-0.0001600549177722844
-0.001393380278740913	0.9972132394425182	0.0013933802787409139	0.0013933802787409139	0.0013933802787409134	-0.0013933802787409139	-0.0027867605574818273	0.0013933802787409139	0.0013933802787409143	0.0013933802787409143	-0.001394540299911136	-0.00278560023019716	0.0013933799726264665	0.0013933803268447052	0.0013933802306371225	-0.0006402196710891377
0.0006966901393704568	0.0013933802787409136	0.9993033098606291	-0.0006966901393704567	-0.0006966901393704567	0.0006966901393704567	0.0013933802787409134	-0.0006966901393704569	-0.0006966901393704572	-0.0006966901393704572	0.0006972701499555681	0.0013928001150985791	-0.0006966899863132336	-0.0006966901634223523	-0.0006966901153185613	0.000320109835544569
0.0010450352090556855	0.002090070418111371	-0.0010450352090556855	0.9989549647909446	-0.0010450352090556855	0.0010450352090556857	0.002090070418111371	-0.0010450352090556855	-0.0010450352090556857	-0.0010450352090556859	0.0010459052249333519	0.0020892001726478693	-0.0010450349794698499	-0.0010450352451335286	-0.0010450351729778416	0.00048016475331685344
0.0020900704181113705	0.00418014083622274	-0.0020900704181113705	-0.0020900704181113705	0.9979099295818883	0.002090070418111371	0.004180140836222741	-0.0020900704181113705	-0.0020900704181113705	-0.002090070418111371	0.0020918104498667033	0.004178400345295737	-0.0020900699589397	-0.0020900704902670564	-0.002090070345955683	0.0009603295066337065
-0.00034834506968522836	-0.0006966901393704567	0.0003483450696852284	0.00034834506968522847	0.0003483450696852284	0.9996516549303152	-0.0006966901393704568	0.0003483450696852284	0.0003483450696852286	0.0003483450696852286	-0.00034863507497778394	-0.0006964000575492899	0.0003483449931566169	0.0003483450817111764	0.00034834505765928063	-0.00016005491777228452
-0.001393380278740913	-0.002786760557481826	0.0013933802787409132	0.0013933802787409134	0.0013933802787409132	-0.0013933802787409134	0.9972132394425183	0.0013933802787409132	0.0013933802787409139	0.0013933802787409136	-0.0013945402999111355	-0.00278560023019716	0.0013933799726264678	0.0013933803268447048	0.001393380230637122	-0.000640219671089138
0.0006966901393704565	0.0013933802787409128	-0.0006966901393704565	-0.0006966901393704567	-0.0006966901393704565	0.0006966901393704567	0.001393380278740913	0.9993033098606291	-0.0006966901393704569	-0.0006966901393704569	0.0006972701499555675	0.0013928001150985798	-0.0006966899863132337	-0.0006966901634223524	-0.0006966901153185612	0.00032010983554456903
0.0010450352090556852	0.0020900704181113705	-0.0010450352090556852	-0.0010450352090556852	-0.001045035209055685	0.0010450352090556855	0.0020900704181113705	-0.0010450352090556852	0.9989549647909446	-0.0010450352090556859	0.0010459052249333519	0.002089200172647869	-0.00104503497946985	-0.0010450352451335282	-0.0010450351729778416	0.0004801647533168532
0.0020900704181113713	0.004180140836222742	-0.002090070418111371	-0.0020900704181113713	-0.002090070418111371	0.0020900704181113718	0.004180140836222743	-0.002090070418111371	-0.0020900704181113718	0.997909929581889	0.0020918104498667033	0.004178400345295739	-0.0020900699589397006	-0.002090070490267057	-0.0020900703459556832	0.0009603295066337066
-0.0003482592859969772	-0.0006965185719939544	0.0003482592859969772	0.00034825928599697725	0.0003482592859969771	-0.00034825928599697725	-0.0006965185719939544	0.00034825928599697725	0.0003482592859969773	0.00034825928599697725	0.9894387238583474	0.009513561652858354	0.00035119591680058337	0.00034824590774029435	0.00034827266425366027	-0.010591920955586252
-0.0013701879560993196	-0.0027403759121986393	0.0013701879560993199	0.00137018795609932	0.0013701879560993199	-0.00137018795609932	-0.00274037591219864	0.0013701879560993203	0.0013701879560993205	0.0013701879560993203	0.020364462168068247	0.97552476964442	0.0013703922753131883	0.0013701614221639192	0.0013702144900347207	-0.021268233013323583
0.0006966901387757715	0.001393380277551543	-0.0006966901387757716	-0.0006966901387757718	-0.0006966901387757715	0.0006966901387757718	0.0013933802775515432	-0.0006966901387757719	-0.0006966901387757719	-0.0006966901387757719	0.0007031442446732908	0.0013926524975568747	0.9992975835353214	-0.0006966901700622884	-0.0006966901074892557	0.00031453303170582826
0.0010450365030329018	0.0020900730060658033	-0.0010450365030329016	-0.0010450365030329018	-0.0010450365030329016	0.0010450365030329018	0.0020900730060658033	-0.0010450365030329018	-0.0010450365030329018	-0.0010450365030329018	0.0010459434505371594	0.002089165819072719	-0.001045036263544074	0.998953734056632	-0.0010438070626979771	0.0004789734232173909
0.0020900704178231297	0.0041801408356462585	-0.0020900704178231297	-0.0020900704178231297	-0.0020900704178231297	0.00209007041782313	0.004180140835646259	-0.0020900704178231297	-0.0020900704178231297	-0.00209007041782313	0.0020918843117306986	0.004178326462761324	-0.002090069938845762	-0.002087611687382819	0.9979074708517363	0.0009579456242847435
-0.0010445394519073298	-0.0020890789038146593	0.0010445394519073298	0.0010445394519073298	0.0010445394519073296	-0.0010445394519073298	-0.0020890789038146597	0.0010445394519073296	0.0010445394519073298	0.0010445394519073298	-0.06228751469969655	0.05917063546696935	0.0010278003289125757	0.0010469179487281198	0.0010421609550865395	0.9369260666011607