0.9999350356404623	-0.00012992871907568297	0.00006496435953784151	0.00006496435953784149	0.00006496435953784149	-0.0000649643595378415	-0.00012992871907568297	0.0000649643595378415	0.00006496435953784149	0.00006496435953784149	-0.00006496678362929663	-0.0001299262943196931	0.0000649643588733066	0.00006496435962408082	0.00006496435945160226	-0.000031922735700752825
-0.0002598574381513661	0.9994802851236968	0.000259857438151366	0.00025985743815136594	0.000259857438151366	-0.000259857438151366	-0.0005197148763027319	0.000259857438151366	0.000259857438151366	0.000259857438151366	-0.00025986713451718645	-0.0005197051772787723	0.00025985743549322634	0.00025985743849632324	0.0002598574378064089	-0.00012769094280301133
0.000129928719075683	0.00025985743815136594	0.9998700712809245	-0.000129928719075683	-0.000129928719075683	0.000129928719075683	0.000259857438151366	-0.000129928719075683	-0.000129928719075683	-0.00012992871907568297	0.00012993356725859328	0.0002598525886393862	-0.00012992871774661317	-0.00012992871924816165	-0.00012992871890320456	0.00006384547140150568
0.00019489307861352454	0.00038978615722704913	-0.0001948930786135246	0.9998051069213862	-0.0001948930786135245	0.0001948930786135245	0.000389786157227049	-0.00019489307861352448	-0.00019489307861352448	-0.0001948930786135245	0.0001949003508878898	0.0003897788829590788	-0.00019489307661991966	-0.00019489307887224244	-0.00019489307835480668	0.00009576820710225856
0.0003897861572270491	0.0007795723144540984	-0.00038978615722704924	-0.0003897861572270491	0.9996102138427726	0.0003897861572270492	0.0007795723144540984	-0.000389786157227049	-0.00038978615722704913	-0.0003897861572270491	0.00038980070177577973	0.0007795577659181577	-0.00038978615323983937	-0.00038978615774448505	-0.00038978615670961337	0.00019153641420451714
-0.0000649643595378415	-0.00012992871907568297	0.0000649643595378415	0.0000649643595378415	0.00006496435953784149	0.9999350356404623	-0.000129928719075683	0.0000649643595378415	0.0000649643595378415	0.0000649643595378415	-0.00006496678362929664	-0.00012992629431969306	0.00006496435887330657	0.00006496435962408082	0.00006496435945160226	-0.000031922735700752845
-0.000259857438151366	-0.000519714876302732	0.00025985743815136605	0.000259857438151366	0.000259857438151366	-0.000259857438151366	0.9994802851236971	0.00025985743815136594	0.00025985743815136594	0.00025985743815136594	-0.00025986713451718645	-0.0005197051772787723	0.0002598574354932263	0.0002598574384963233	0.000259857437806409	-0.00012769094280301135
0.000129928719075683	0.000259857438151366	-0.00012992871907568302	-0.000129928719075683	-0.000129928719075683	0.000129928719075683	0.000259857438151366	0.9998700712809241	-0.000129928719075683	-0.000129928719075683	0.00012993356725859325	0.00025985258863938613	-0.00012992871774661314	-0.00012992871924816162	-0.0001299287189032045	0.0000638454714015057
0.00019489307861352456	0.0003897861572270492	-0.00019489307861352462	-0.00019489307861352456	-0.0001948930786135246	0.0001948930786135246	0.00038978615722704924	-0.00019489307861352462	0.9998051069213864	-0.00019489307861352454	0.00019490035088788992	0.00038977888295907887	-0.00019489307661991966	-0.00019489307887224244	-0.00019489307835480677	0.0000957682071022586
0.0003897861572270489	0.0007795723144540979	-0.000389786157227049	-0.0003897861572270489	-0.00038978615722704896	0.00038978615722704896	0.000779572314454098	-0.000389786157227049	-0.00038978615722704896	0.9996102138427727	0.00038980070177577973	0.0007795577659181577	-0.0003897861532398392	-0.00038978615774448494	-0.00038978615670961337	0.00019153641420451717
-0.00006496362071712625	-0.0001299272414342525	0.00006496362071712627	0.00006496362071712625	0.00006496362071712624	-0.00006496362071712625	-0.0001299272414342525	0.00006496362071712625	0.00006496362071712625	0.00006496362071712624	0.9977777283276771	0.0020267798111044586	0.00006556461978447256	0.00006496311941245762	0.00006496412202179487	-0.0021986402668229686
-0.00025900238944001847	-0.0005180047788800369	0.0002590023894400185	0.00025900238944001847	0.00025900238944001847	-0.0002590023894400185	-0.000518004778880037	0.0002590023894400185	0.0002590023894400185	0.00025900238944001847	0.004110920416334567	0.9951120633677235	0.0002590114370621137	0.0002590013887361619	0.0002590033901438752	-0.00445009973870008
0.00012992871907479577	0.00025985743814959153	-0.0001299287190747958	-0.00012992871907479577	-0.00012992871907479577	0.00012992871907479577	0.00025985743814959153	-0.00012992871907479577	-0.00012992871907479577	-0.00012992871907479577	0.00013113556903321483	0.00025984611116440883	0.9998688757579518	-0.00012992871952303907	-0.0001299287186265524	0.00006265644297303314
0.0001948931233662427	0.0003897862467324854	-0.00019489312336624272	-0.0001948931233662427	-0.0001948931233662427	0.0001948931233662427	0.00038978624673248545	-0.00019489312336624272	-0.0001948931233662427	-0.00019489312336624267	0.0001949018730133063	0.00038977749468596955	-0.00019489312096679037	0.9998048775573258	-0.0001946638040583552	0.00009554039263500266
0.00038978615722663296	0.0007795723144532659	-0.00038978615722663306	-0.00038978615722663296	-0.000389786157226633	0.000389786157226633	0.0007795723144532661	-0.000389786157226633	-0.000389786157226633	-0.00038978615722663296	0.00038980365651864997	0.0007795548103623452	-0.000389786152427729	-0.0003893275198551643	0.9996097552054019	0.00019108074113419315
-0.00019488935233763938	-0.00038977870467527876	0.00019488935233763938	0.00019488935233763938	0.00019488935233763938	-0.00019488935233763938	-0.00038977870467527876	0.00019488935233763935	0.00019488935233763935	0.00019488935233763935	-0.013131562049333705	0.012550461153731396	0.00019132219092702764	0.00019534498213860728	0.00019443372253667146	0.9869034627903925