0.998015492556937	-0.00396901488612623	0.0019845074430631156	0.001984507443063115	0.0019845074430631156	-0.001984507443063115	-0.00396901488612623	0.0019845074430631148	0.001984507443063115	0.001984507443063115	-0.0019984930666068963	-0.003955027294213464	0.001984505474694129	0.0019845089689742583	0.001984505917151971	-0.0006989432120220366
-0.007938029772252464	0.9841239404554951	0.007938029772252463	0.007938029772252459	0.00793802977225246	-0.00793802977225246	-0.01587605954450492	0.007938029772252459	0.007938029772252459	0.007938029772252459	-0.007993972266427582	-0.01582010917685385	0.007938021898776512	0.007938035875897033	0.007938023668607883	-0.002795772848088144
0.00396901488612623	0.007938029772252463	0.9960309851138737	-0.003969014886126231	-0.003969014886126231	0.003969014886126232	0.00793802977225246	-0.0039690148861262296	-0.00396901488612623	-0.0039690148861262296	0.0039969861332137925	0.007910054588426928	-0.0039690109493882575	-0.0039690179379485175	-0.0039690118343039425	0.0013978864240440727
0.005953522329189345	0.011907044658378689	-0.0059535223291893435	0.9940464776708107	-0.0059535223291893435	0.005953522329189345	0.011907044658378689	-0.0059535223291893435	-0.005953522329189345	-0.005953522329189343	0.00599547919982069	0.011865081882640393	-0.005953516424082387	-0.00595352690692278	-0.005953517751455913	0.002096829636066109
0.011907044658378694	0.023814089316757384	-0.011907044658378692	-0.011907044658378694	0.9880929553416209	0.01190704465837869	0.023814089316757377	-0.011907044658378687	-0.011907044658378692	-0.011907044658378685	0.011990958399641377	0.023730163765280782	-0.011907032848164772	-0.011907053813845552	-0.011907035502911827	0.004193659272132219
-0.001984507443063116	-0.003969014886126232	0.0019845074430631156	0.0019845074430631156	0.001984507443063115	0.9980154925569371	-0.003969014886126231	0.001984507443063115	0.001984507443063116	0.0019845074430631156	-0.001998493066606896	-0.003955027294213463	0.001984505474694129	0.0019845089689742587	0.001984505917151972	-0.0006989432120220365
-0.007938029772252463	-0.01587605954450493	0.007938029772252463	0.007938029772252463	0.007938029772252463	-0.007938029772252463	0.9841239404554951	0.007938029772252459	0.00793802977225246	0.007938029772252459	-0.007993972266427582	-0.015820109176853853	0.007938021898776513	0.007938035875897038	0.007938023668607887	-0.002795772848088146
0.003969014886126231	0.007938029772252464	-0.003969014886126231	-0.00396901488612623	-0.00396901488612623	0.00396901488612623	0.007938029772252459	0.9960309851138733	-0.00396901488612623	-0.00396901488612623	0.003996986133213791	0.007910054588426925	-0.0039690109493882575	-0.0039690179379485175	-0.0039690118343039425	0.001397886424044073
0.005953522329189347	0.011907044658378692	-0.005953522329189345	-0.005953522329189346	-0.005953522329189345	0.005953522329189346	0.011907044658378692	-0.005953522329189345	0.9940464776708109	-0.0059535223291893435	0.0059954791998206875	0.011865081882640394	-0.005953516424082386	-0.005953526906922778	-0.005953517751455914	0.0020968296360661096
0.011907044658378689	0.023814089316757374	-0.011907044658378685	-0.011907044658378687	-0.011907044658378685	0.011907044658378689	0.023814089316757374	-0.011907044658378685	-0.011907044658378687	0.9880929553416209	0.011990958399641372	0.02373016376528078	-0.011907032848164769	-0.011907053813845549	-0.011907035502911825	0.00419365927213222
-0.0019761099093901753	-0.003952219818780351	0.0019761099093901753	0.001976109909390175	0.0019761099093901745	-0.0019761099093901745	-0.003952219818780349	0.001976109909390174	0.0019761099093901745	0.001976109909390174	0.9605862757684528	0.033474234963426386	0.0019872694493406028	0.001975788358271387	0.001976431460508963	-0.04073121781552051
-0.007327483345118225	-0.014654966690236452	0.007327483345118226	0.007327483345118224	0.007327483345118226	-0.007327483345118227	-0.014654966690236452	0.007327483345118224	0.007327483345118224	0.007327483345118224	0.08312836633586235	0.8948873817892747	0.00732928518462643	0.007326859853604601	0.007328106836631842	-0.07998029106405882
0.003969014773061347	0.007938029546122695	-0.003969014773061347	-0.003969014773061347	-0.003969014773061346	0.003969014773061346	0.007938029546122691	-0.003969014773061345	-0.003969014773061346	-0.003969014773061345	0.004019505376095816	0.00790858606677539	0.9960099381032516	-0.003969017988358658	-0.0039690115577640335	0.001378259275596619
0.005953565712494754	0.011907131424989507	-0.0059535657124947525	-0.0059535657124947525	-0.005953565712494752	0.005953565712494753	0.011907131424989505	-0.0059535657124947525	-0.005953565712494753	-0.005953565712494751	0.005996259295535584	0.011864431758482686	-0.00595355962902876	0.9940394355064011	-0.005946566931390566	0.0020906115732542236
0.011907044527611316	0.02381408905522263	-0.011907044527611313	-0.011907044527611314	-0.01190704452761131	0.011907044527611316	0.02381408905522263	-0.011907044527611314	-0.011907044527611313	-0.011907044527611309	0.011992431461897685	0.023728689954025776	-0.011907032360700832	-0.011893065456067319	0.9880789764008445	0.004181188036479223
-0.0059036173209594	-0.011807234641918797	0.005903617320959399	0.005903617320959399	0.005903617320959398	-0.0059036173209594	-0.011807234641918797	0.005903617320959398	0.005903617320959398	0.005903617320959395	-0.23036132612874988	0.2127098188544053	0.005844272632425972	0.005915671651499863	0.005891562990418928	0.7576951393112892