0.9991261109615314	-0.0017477780769371808	0.0008738890384685906	0.00087388903846859	0.0008738890384685906	-0.00087388903846859	-0.0017477780769371808	0.0008738890384685909	0.0008738890384685903	0.0008738890384685907	-0.0008768322799244518	-0.0017448341278880855	0.0008738883308753556	0.0008738892016079792	0.0008738888753292023	-0.0003634068841763816
-0.003495556153874362	0.9930088876922515	0.003495556153874363	0.0034955561538743607	0.0034955561538743633	-0.0034955561538743607	-0.006991112307748724	0.0034955561538743637	0.0034955561538743615	0.003495556153874363	-0.0035073291196978077	-0.006979336511552343	0.0034955533235014225	0.0034955568064319177	0.003495555501316807	-0.001453627536705526
0.0017477780769371808	0.0034955561538743615	0.9982522219230631	-0.0017477780769371803	-0.0017477780769371816	0.0017477780769371803	0.003495556153874362	-0.0017477780769371818	-0.0017477780769371805	-0.0017477780769371814	0.001753664559848904	0.0034896682557761724	-0.001747776661750711	-0.0017477784032159588	-0.0017477777506584042	0.0007268137683527634
0.002621667115405773	0.005243334230811545	-0.0026216671154057733	0.9973783328845935	-0.002621667115405774	0.0026216671154057724	0.005243334230811546	-0.002621667115405774	-0.0026216671154057724	-0.0026216671154057737	0.0026304968397733563	0.005234502383664255	-0.002621664992626068	-0.0026216676048239377	-0.002621666625987605	0.0010902206525291447
0.005243334230811547	0.010486668461623093	-0.0052433342308115475	-0.005243334230811547	0.994756665769189	0.005243334230811547	0.010486668461623093	-0.005243334230811548	-0.005243334230811546	-0.0052433342308115475	0.005260993679546713	0.010469004767328519	-0.005243329985252139	-0.005243335209647877	-0.0052433332519752135	0.0021804413050582907
-0.0008738890384685905	-0.001747778076937181	0.0008738890384685908	0.0008738890384685904	0.0008738890384685908	0.9991261109615306	-0.0017477780769371812	0.0008738890384685911	0.0008738890384685906	0.0008738890384685909	-0.0008768322799244518	-0.0017448341278880853	0.0008738883308753557	0.0008738892016079793	0.0008738888753292021	-0.0003634068841763817
-0.003495556153874362	-0.006991112307748724	0.0034955561538743633	0.0034955561538743615	0.0034955561538743633	-0.003495556153874361	0.9930088876922513	0.003495556153874364	0.003495556153874362	0.0034955561538743633	-0.0035073291196978077	-0.006979336511552343	0.003495553323501423	0.0034955568064319177	0.003495555501316809	-0.0014536275367055267
0.0017477780769371814	0.003495556153874363	-0.001747778076937182	-0.0017477780769371814	-0.001747778076937182	0.0017477780769371812	0.003495556153874363	0.9982522219230635	-0.0017477780769371816	-0.0017477780769371823	0.0017536645598489045	0.003489668255776173	-0.001747776661750712	-0.0017477784032159595	-0.0017477777506584048	0.0007268137683527634
0.0026216671154057724	0.005243334230811544	-0.002621667115405773	-0.002621667115405772	-0.0026216671154057733	0.0026216671154057724	0.005243334230811546	-0.002621667115405774	0.9973783328845938	-0.002621667115405774	0.002630496839773357	0.005234502383664259	-0.002621664992626068	-0.0026216676048239395	-0.0026216666259876063	0.0010902206525291456
0.005243334230811546	0.01048666846162309	-0.005243334230811547	-0.005243334230811544	-0.0052433342308115475	0.005243334230811545	0.010486668461623093	-0.005243334230811548	-0.005243334230811545	0.9947566657691885	0.0052609936795467134	0.010469004767328515	-0.005243329985252135	-0.005243335209647878	-0.0052433332519752135	0.002180441305058291
-0.0008728405098204101	-0.00174568101964082	0.0008728405098204102	0.0008728405098204099	0.0008728405098204101	-0.0008728405098204098	-0.00174568101964082	0.0008728405098204104	0.0008728405098204099	0.0008728405098204101	0.9778057704568073	0.019569347114477317	0.0008792014090743525	0.0008727655493698328	0.0008729154702709876	-0.02264933959640092
-0.00336171714895146	-0.00672343429790292	0.00336171714895146	0.0033617171489514594	0.00336171714895146	-0.0033617171489514594	-0.006723434297902919	0.0033617171489514616	0.00336171714895146	0.00336171714895146	0.04506355834248881	0.9448504448510431	0.003362562508565555	0.0033615698964643806	0.0033618644014385404	-0.04498699464804404
0.001747778062206601	0.003495556124413203	-0.0017477780622066016	-0.0017477780622066014	-0.0017477780622066016	0.0017477780622066007	0.0034955561244132023	-0.0017477780622066022	-0.001747778062206601	-0.0017477780622066016	0.0017663992060382343	0.0034890458343535473	0.9982401110840214	-0.0017477784280042848	-0.0017477776964089182	0.0007153395344410152
0.002621675343663324	0.005243350687326648	-0.0026216753436633243	-0.0026216753436633235	-0.0026216753436633248	0.002621675343663324	0.005243350687326647	-0.002621675343663325	-0.0026216753436633235	-0.0026216753436633248	0.002630694436587644	0.0052343294227302035	-0.002621673171991199	0.9973752411045295	-0.0026185917918562563	0.0010873358224318067
0.005243334222455974	0.010486668444911949	-0.005243334222455976	-0.005243334222455974	-0.005243334222455977	0.005243334222455975	0.010486668444911952	-0.0052433342224559795	-0.005243334222455976	-0.005243334222455979	0.005261372382304258	0.01046862594172551	-0.005243329879117815	-0.0052371691128075	0.9947505006678953	0.002174664330467564
-0.0026154834884966056	-0.005230966976993211	0.0026154834884966065	0.002615483488496605	0.002615483488496607	-0.0026154834884966056	-0.005230966976993212	0.0026154834884966082	0.0026154834884966056	0.0026154834884966065	-0.13046268155593183	0.12265073820111885	0.00258097637781973	0.0026211993230068585	0.0026097676539863545	0.86518759255486