0.9982074488855618	-0.003585102228877174	0.0017925511144385874	0.0017925511144385874	0.0017925511144385872	-0.0017925511144385874	-0.003585102228877175	0.0017925511144385874	0.0017925511144385874	0.001792551114438587	-0.0018046100227897776	-0.0035730413192251783	0.0017925491131377785	0.0017925522754322133	0.0017925499534449615	-0.0006486208594668983
-0.007170204457754351	0.985659591084491	0.007170204457754351	0.0071702044577543495	0.007170204457754349	-0.007170204457754351	-0.0143404089155087	0.007170204457754351	0.0071702044577543495	0.007170204457754347	-0.007218440091159109	-0.01429216527690071	0.007170196452551113	0.007170209101728856	0.007170199813779847	-0.002594483437867593
0.003585102228877177	0.007170204457754353	0.9964148977711229	-0.003585102228877175	-0.0035851022288771748	0.0035851022288771756	0.007170204457754353	-0.003585102228877176	-0.0035851022288771756	-0.0035851022288771743	0.003609220045579555	0.007146082638450356	-0.0035850982262755583	-0.003585104550864427	-0.0035850999068899243	0.001297241718933797
0.005377653343315763	0.010755306686631525	-0.0053776533433157634	0.9946223466566845	-0.005377653343315763	0.005377653343315762	0.010755306686631525	-0.005377653343315764	-0.0053776533433157634	-0.005377653343315762	0.005413830068369335	0.010719123957675533	-0.005377647339413339	-0.005377656826296643	-0.005377649860334884	0.0019458625784006954
0.010755306686631525	0.02151061337326305	-0.010755306686631527	-0.010755306686631527	0.9892446933133684	0.01075530668663152	0.021510613373263047	-0.010755306686631529	-0.010755306686631525	-0.010755306686631522	0.010827660136738667	0.021438247915351073	-0.010755294678826677	-0.010755313652593284	-0.010755299720669765	0.00389172515680139
-0.0017925511144385882	-0.003585102228877175	0.0017925511144385878	0.0017925511144385882	0.0017925511144385876	0.9982074488855612	-0.0035851022288771756	0.0017925511144385878	0.0017925511144385876	0.001792551114438587	-0.0018046100227897773	-0.0035730413192251774	0.001792549113137779	0.0017925522754322133	0.0017925499534449617	-0.0006486208594668984
-0.007170204457754351	-0.0143404089155087	0.00717020445775435	0.007170204457754351	0.00717020445775435	-0.007170204457754351	0.9856595910844915	0.00717020445775435	0.0071702044577543495	0.007170204457754347	-0.007218440091159109	-0.01429216527690071	0.007170196452551116	0.007170209101728855	0.007170199813779846	-0.002594483437867594
0.003585102228877177	0.007170204457754351	-0.003585102228877176	-0.003585102228877177	-0.003585102228877176	0.003585102228877177	0.007170204457754352	0.9964148977711234	-0.003585102228877175	-0.003585102228877174	0.003609220045579556	0.007146082638450358	-0.003585098226275559	-0.0035851045508644287	-0.0035850999068899234	0.0012972417189337972
0.005377653343315763	0.010755306686631523	-0.005377653343315763	-0.0053776533433157634	-0.005377653343315762	0.0053776533433157634	0.010755306686631527	-0.0053776533433157634	0.9946223466566844	-0.005377653343315763	0.005413830068369333	0.010719123957675535	-0.005377647339413337	-0.005377656826296645	-0.005377649860334886	0.0019458625784006954
0.010755306686631523	0.021510613373263043	-0.010755306686631523	-0.010755306686631527	-0.010755306686631522	0.010755306686631525	0.021510613373263054	-0.010755306686631527	-0.010755306686631527	0.9892446933133678	0.010827660136738667	0.021438247915351063	-0.010755294678826672	-0.010755313652593284	-0.010755299720669766	0.003891725156801391
-0.001786017512594369	-0.003572035025188737	0.0017860175125943688	0.001786017512594369	0.0017860175125943688	-0.0017860175125943688	-0.0035720350251887373	0.0017860175125943688	0.0017860175125943686	0.0017860175125943684	0.9631889252990402	0.03144251339677886	0.0017965262789922183	0.0017857478806328742	0.001786287144555863	-0.03802332415361189
-0.006663658922607919	-0.013327317845215837	0.006663658922607917	0.00666365892260792	0.006663658922607917	-0.006663658922607919	-0.013327317845215837	0.006663658922607918	0.006663658922607919	0.0066636589226079165	0.07749254122440544	0.9025147573425523	0.006665383587826721	0.006663135210293574	0.00666418263492226	-0.074752881798314
0.0035851021309622165	0.007170204261924432	-0.0035851021309622165	-0.0035851021309622174	-0.003585102130962216	0.003585102130962217	0.007170204261924433	-0.0035851021309622165	-0.003585102130962217	-0.0035851021309622156	0.0036303782923408855	0.007144716419593548	0.9963951095499898	-0.0035851045907157094	-0.0035850996712087236	0.0012788031748050576
0.005377688603000099	0.010755377206000196	-0.0053776886030001	-0.005377688603000101	-0.005377688603000098	0.0053776886030001	0.010755377206000198	-0.005377688603000101	-0.005377688603000101	-0.005377688603000098	0.005414489566845799	0.010718570085613487	-0.005377682446459081	0.9946159889224907	-0.005371366128490988	0.0019402018383321503
0.010755306592404874	0.021510613184809745	-0.010755306592404876	-0.010755306592404878	-0.010755306592404874	0.010755306592404876	0.02151061318480975	-0.010755306592404878	-0.010755306592404878	-0.010755306592404876	0.010828908331107102	0.021436999133050555	-0.010755294279347892	-0.01074267572285885	0.9892320625380493	0.0038803747147561993
-0.00533885122398661	-0.010677702447973218	0.005338851223986611	0.005338851223986611	0.00533885122398661	-0.005338851223986611	-0.010677702447973222	0.005338851223986611	0.0053388512239866135	0.005338851223986611	-0.2153346525901953	0.19937379582195647	0.005283154320265665	0.0053498677749307605	0.005327834673042465	0.7737927727025963