0.9978324797828825	-0.00433504043423495	0.0021675202171174746	0.002167520217117476	0.0021675202171174755	-0.0021675202171174746	-0.00433504043423495	0.0021675202171174746	0.002167520217117476	0.002167520217117475	-0.0021831876072880394	-0.004319371290836772	0.002167518463889864	0.0021675221499800556	0.0021675182842548976	-0.0007440618419875503
-0.0086700808684699	0.9826598382630599	0.008670080868469902	0.008670080868469906	0.008670080868469902	-0.008670080868469899	-0.0173401617369398	0.008670080868469899	0.008670080868469904	0.008670080868469899	-0.008732750429152156	-0.017277485163347095	0.008670073855559452	0.008670088599920214	0.00867007313701959	-0.002976247367950201
0.004335040434234949	0.0086700808684699	0.9956649595657651	-0.004335040434234953	-0.004335040434234951	0.004335040434234949	0.0086700808684699	-0.00433504043423495	-0.004335040434234952	-0.00433504043423495	0.00436637521457608	0.008638742581673544	-0.004335036927779727	-0.004335044299960109	-0.004335036568509797	0.0014881236839751006
0.00650256065135243	0.01300512130270486	-0.00650256065135243	0.9934974393486476	-0.006502560651352429	0.006502560651352428	0.01300512130270486	-0.006502560651352429	-0.0065025606513524304	-0.00650256065135243	0.006549562821864118	0.012958113872510323	-0.006502555391669586	-0.006502566449940162	-0.006502554852764692	0.0022321855259626513
0.013005121302704852	0.026010242605409708	-0.013005121302704856	-0.013005121302704856	0.9869948786972947	0.01300512130270485	0.0260102426054097	-0.01300512130270485	-0.013005121302704854	-0.013005121302704856	0.013099125643728235	0.025916227745020642	-0.013005110783339172	-0.01300513289988032	-0.013005109705529384	0.0044643710519253026
-0.0021675202171174746	-0.00433504043423495	0.0021675202171174755	0.0021675202171174755	0.0021675202171174746	0.9978324797828821	-0.00433504043423495	0.0021675202171174746	0.0021675202171174755	0.002167520217117475	-0.0021831876072880394	-0.004319371290836773	0.002167518463889863	0.0021675221499800534	0.0021675182842548994	-0.0007440618419875506
-0.008670080868469902	-0.017340161736939804	0.008670080868469906	0.008670080868469904	0.0086700808684699	-0.0086700808684699	0.98265983826306	0.008670080868469902	0.008670080868469906	0.008670080868469902	-0.008732750429152157	-0.017277485163347095	0.008670073855559452	0.008670088599920217	0.008670073137019594	-0.002976247367950201
0.004335040434234948	0.008670080868469897	-0.00433504043423495	-0.004335040434234949	-0.0043350404342349476	0.0043350404342349476	0.008670080868469897	0.9956649595657647	-0.004335040434234952	-0.00433504043423495	0.004366375214576077	0.008638742581673546	-0.004335036927779724	-0.004335044299960108	-0.004335036568509797	0.0014881236839751001
0.006502560651352431	0.013005121302704863	-0.006502560651352432	-0.006502560651352432	-0.0065025606513524304	0.0065025606513524304	0.013005121302704863	-0.006502560651352431	0.9934974393486476	-0.0065025606513524304	0.006549562821864121	0.012958113872510323	-0.0065025553916695875	-0.006502566449940163	-0.0065025548527646955	0.0022321855259626513
0.01300512130270485	0.0260102426054097	-0.013005121302704852	-0.013005121302704854	-0.01300512130270485	0.01300512130270485	0.0260102426054097	-0.01300512130270485	-0.013005121302704852	0.986994878697295	0.013099125643728237	0.025916227745020646	-0.013005110783339177	-0.013005132899880322	-0.013005109705529386	0.0044643710519253026
-0.0021570883307666946	-0.004314176661533388	0.0021570883307666946	0.0021570883307666946	0.002157088330766693	-0.0021570883307666933	-0.004314176661533387	0.0021570883307666937	0.0021570883307666946	0.0021570883307666933	0.9581886420836987	0.03532836992149009	0.002168811333277864	0.0021567140955387463	0.0021574625659946433	-0.04320935991521708
-0.007952239673499431	-0.015904479346998863	0.007952239673499431	0.007952239673499433	0.00795223967349943	-0.007952239673499431	-0.015904479346998866	0.007952239673499431	0.007952239673499433	0.00795223967349943	0.08823988150241299	0.8879015639184074	0.007954075232180498	0.007951515088038015	0.007952964258960846	-0.08476586309193254
0.004335040313823816	0.008670080627647632	-0.004335040313823817	-0.004335040313823817	-0.004335040313823816	0.004335040313823817	0.008670080627647634	-0.004335040313823817	-0.004335040313823818	-0.004335040313823816	0.004390092945987159	0.008637194865831468	0.9956427928158289	-0.004335044368980438	-0.004335036258667194	0.0014674125503550263
0.00650261259749976	0.013005225194999519	-0.006502612597499761	-0.006502612597499761	-0.00650261259749976	0.006502612597499761	0.013005225194999522	-0.00650261259749976	-0.006502612597499761	-0.006502612597499761	0.006550465352603395	0.012957366976136616	-0.006502607133740488	0.9934897440388857	-0.00649496923388501	0.0022254427435534265
0.013005121129268845	0.026010242258537694	-0.013005121129268849	-0.013005121129268849	-0.013005121129268845	0.013005121129268845	0.026010242258537694	-0.013005121129268847	-0.013005121129268849	-0.01300512112926885	0.013100826370379941	0.0259145260899197	-0.013005110201761953	-0.012989857809587878	0.9869796155510498	0.004450844030403284
-0.006440532616385305	-0.012881065232770609	0.006440532616385305	0.006440532616385305	0.0064405326163853045	-0.0064405326163853045	-0.012881065232770609	0.0064405326163853045	0.006440532616385305	0.006440532616385305	-0.24418627821796426	0.22492736064511967	0.006377852340074124	0.0064535563090835964	0.006427508923687011	0.7429605098379825