0.9999007467163026	-0.00019850656739470323	0.0000992532836973516	0.0000992532836973516	0.0000992532836973516	-0.0000992532836973516	-0.00019850656739470315	0.00009925328369735156	0.00009925328369735157	0.0000992532836973516	-0.00009926165999835748	-0.00019849818880748733	0.00009925328141114157	0.00009925328400092702	0.00009925328339377621	-0.00004834296461114101
-0.0003970131347894065	0.9992059737304217	0.0003970131347894065	0.0003970131347894065	0.00039701313478940657	-0.00039701313478940657	-0.0007940262695788129	0.00039701313478940646	0.0003970131347894065	0.00039701313478940657	-0.0003970466399934298	-0.0007939927552299497	0.00039701312564456657	0.0003970131360037082	0.00039701313357510496	-0.00019337185844456407
0.00019850656739470326	0.0003970131347894065	0.9998014934326056	-0.00019850656739470323	-0.00019850656739470323	0.00019850656739470323	0.0003970131347894064	-0.0001985065673947032	-0.00019850656739470323	-0.00019850656739470326	0.00019852331999671495	0.0003969963776149747	-0.0001985065628222832	-0.00019850656800185414	-0.00019850656678755248	0.00009668592922228207
0.00029775985109205483	0.0005955197021841098	-0.00029775985109205483	0.999702240148908	-0.00029775985109205483	0.00029775985109205483	0.0005955197021841096	-0.0002977598510920548	-0.0002977598510920548	-0.00029775985109205483	0.00029778497999507244	0.0005954945664224619	-0.0002977598442334248	-0.000297759852002781	-0.0002977598501813286	0.000145028893833423
0.0005955197021841099	0.0011910394043682202	-0.0005955197021841099	-0.0005955197021841101	0.9994044802978159	0.00059551970218411	0.0011910394043682198	-0.0005955197021841099	-0.0005955197021841099	-0.0005955197021841101	0.0005955699599901449	0.0011909891328449242	-0.0005955196884668498	-0.0005955197040055622	-0.0005955197003626573	0.0002900577876668461
-0.00009925328369735159	-0.00019850656739470317	0.00009925328369735159	0.00009925328369735159	0.00009925328369735159	0.9999007467163028	-0.0001985065673947032	0.00009925328369735159	0.00009925328369735159	0.00009925328369735161	-0.00009926165999835748	-0.00019849818880748733	0.00009925328141114157	0.00009925328400092703	0.00009925328339377623	-0.000048342964611141017
-0.0003970131347894064	-0.0007940262695788128	0.0003970131347894064	0.0003970131347894064	0.0003970131347894064	-0.0003970131347894064	0.9992059737304214	0.0003970131347894064	0.00039701313478940646	0.0003970131347894066	-0.00039704663999342996	-0.0007939927552299494	0.0003970131256445664	0.00039701313600370823	0.0003970131335751049	-0.00019337185844456412
0.00019850656739470326	0.0003970131347894065	-0.00019850656739470326	-0.00019850656739470326	-0.00019850656739470326	0.00019850656739470326	0.0003970131347894065	0.9998014934326054	-0.00019850656739470317	-0.00019850656739470326	0.00019852331999671498	0.00039699637761497465	-0.0001985065628222832	-0.00019850656800185411	-0.00019850656678755248	0.000096685929222282
0.0002977598510920549	0.0005955197021841099	-0.0002977598510920549	-0.00029775985109205494	-0.00029775985109205494	0.00029775985109205494	0.0005955197021841099	-0.00029775985109205505	0.9997022401489079	-0.000297759851092055	0.0002977849799950725	0.000595494566422462	-0.00029775984423342485	-0.0002977598520027811	-0.00029775985018132864	0.00014502889383342303
0.0005955197021841098	0.00119103940436822	-0.0005955197021841098	-0.00059551970218411	-0.00059551970218411	0.00059551970218411	0.00119103940436822	-0.0005955197021841101	-0.0005955197021841101	0.9994044802978163	0.0005955699599901449	0.0011909891328449238	-0.0005955196884668498	-0.0005955197040055625	-0.0005955197003626574	0.0002900577876668461
-0.00009925083757011774	-0.00019850167514023548	0.00009925083757011775	0.00009925083757011774	0.00009925083757011774	-0.00009925083757011773	-0.00019850167514023548	0.00009925083757011774	0.00009925083757011773	0.00009925083757011774	0.9966579226102574	0.003043417594855442	0.00010015811974698979	0.00009924967856558965	0.0000992519965746458	-0.003312556049960462
-0.00039503235442668345	-0.0007900647088533669	0.00039503235442668345	0.0003950323544266834	0.00039503235442668355	-0.00039503235442668345	-0.0007900647088533669	0.00039503235442668345	0.0003950323544266834	0.00039503235442668345	0.006217245287626656	0.9925976371572484	0.0003950528462715079	0.00039503004275413567	0.0003950346660992312	-0.006697638867937759
0.00019850656738992954	0.0003970131347798591	-0.00019850656738992954	-0.00019850656738992951	-0.00019850656738992957	0.00019850656738992954	0.0003970131347798591	-0.00019850656738992954	-0.00019850656738992951	-0.00019850656738992957	0.00020033790170207835	0.0003969816897494075	0.9997996935433282	-0.0001985065686332247	-0.00019850656614663447	0.00009490078677493759
0.00029775995562563926	0.0005955199112512788	-0.0002977599556256394	-0.0002977599556256393	-0.0002977599556256394	0.0002977599556256393	0.0005955199112512788	-0.0002977599556256393	-0.0002977599556256393	-0.0002977599556256394	0.0002977884704798088	0.0005954913886112399	-0.0002977599478397701	0.9997018896949381	-0.0002974096061892271	0.00014468199925984587
0.0005955197021818831	0.0011910394043637665	-0.0005955197021818833	-0.0005955197021818833	-0.0005955197021818835	0.0005955197021818833	0.0011910394043637665	-0.0005955197021818833	-0.0005955197021818833	-0.0005955197021818836	0.0005955767318799077	0.0011909823590940062	-0.0005955196866101477	-0.000594819007439722	0.999403779603076	0.00028936389602384095
-0.0002977468087979124	-0.000595493617595825	0.00029774680879791253	0.00029774680879791253	0.00029774680879791253	-0.0002977468087979124	-0.000595493617595825	0.0002977468087979125	0.0002977468087979124	0.00029774680879791253	-0.019743892454524598	0.01885600771842211	0.0002923911185066736	0.00029844055041941656	0.00029705306717640824	0.980268980201268