0.999954886433894	-0.00009022713221322747	0.00004511356610661373	0.00004511356610661374	0.00004511356610661373	-0.000045113566106613735	-0.00009022713221322748	0.000045113566106613735	0.00004511356610661374	0.000045113566106613735	-0.00004511439297484689	-0.00009022630511774619	0.00004511356587936561	0.000045113566135715774	0.00004511356607751175	-0.000022284255711787267
-0.00018045426442645488	0.9996390914711473	0.00018045426442645488	0.00018045426442645494	0.0001804542644264549	-0.00018045426442645494	-0.00036090852885290993	0.00018045426442645494	0.000180454264426455	0.00018045426442645497	-0.00018045757189938763	-0.00036090522047098485	0.00018045426351746239	0.000180454264542863	0.00018045426431004697	-0.00008913702284714908
0.00009022713221322746	0.00018045426442645494	0.9999097728677868	-0.0000902271322132275	-0.00009022713221322747	0.00009022713221322748	0.000180454264426455	-0.00009022713221322747	-0.00009022713221322752	-0.0000902271322132275	0.00009022878594969377	0.0001804526102354924	-0.00009022713175873123	-0.00009022713227143151	-0.00009022713215502347	0.00004456851142357455
0.00013534069831984129	0.00027068139663968246	-0.00013534069831984123	0.9998646593016806	-0.00013534069831984123	0.00013534069831984129	0.00027068139663968257	-0.0001353406983198412	-0.0001353406983198412	-0.0001353406983198412	0.00013534317892454067	0.00027067891535323846	-0.00013534069763809683	-0.0001353406984071472	-0.00013534069823253525	0.0000668527671353618
0.0002706813966396826	0.0005413627932793651	-0.00027068139663968257	-0.0002706813966396825	0.9997293186033601	0.0002706813966396827	0.0005413627932793654	-0.00027068139663968257	-0.0002706813966396826	-0.0002706813966396826	0.0002706863578490814	0.000541357830706477	-0.0002706813952761936	-0.0002706813968142945	-0.00027068139646507046	0.00013370553427072352
-0.00004511356610661374	-0.00009022713221322748	0.00004511356610661373	0.00004511356610661373	0.000045113566106613735	0.9999548864338936	-0.00009022713221322747	0.00004511356610661373	0.000045113566106613735	0.00004511356610661373	-0.00004511439297484689	-0.00009022630511774621	0.000045113565879365596	0.00004511356613571575	0.000045113566077511756	-0.000022284255711787274
-0.0001804542644264549	-0.0003609085288529099	0.00018045426442645488	0.00018045426442645488	0.0001804542644264549	-0.0001804542644264549	0.9996390914711469	0.00018045426442645494	0.00018045426442645497	0.00018045426442645494	-0.00018045757189938765	-0.0003609052204709848	0.0001804542635174624	0.00018045426454286302	0.00018045426431004702	-0.00008913702284714908
0.00009022713221322748	0.000180454264426455	-0.00009022713221322747	-0.00009022713221322747	-0.00009022713221322748	0.00009022713221322748	0.000180454264426455	0.9999097728677868	-0.00009022713221322751	-0.0000902271322132275	0.00009022878594969381	0.00018045261023549245	-0.00009022713175873122	-0.00009022713227143151	-0.00009022713215502353	0.000044568511423574555
0.00013534069831984129	0.0002706813966396825	-0.00013534069831984126	-0.00013534069831984123	-0.00013534069831984129	0.00013534069831984126	0.00027068139663968257	-0.00013534069831984126	0.9998646593016802	-0.00013534069831984129	0.00013534317892454067	0.0002706789153532385	-0.0001353406976380968	-0.0001353406984071472	-0.00013534069823253523	0.00006685276713536179
0.00027068139663968273	0.0005413627932793654	-0.0002706813966396827	-0.0002706813966396826	-0.00027068139663968273	0.0002706813966396827	0.0005413627932793655	-0.0002706813966396827	-0.0002706813966396827	0.9997293186033602	0.0002706863578490814	0.0005413578307064771	-0.00027068139527619366	-0.0002706813968142944	-0.00027068139646507056	0.00013370553427072363
-0.000045113298733582366	-0.00009022659746716472	0.00004511329873358235	0.00004511329873358236	0.00004511329873358236	-0.000045113298733582366	-0.00009022659746716473	0.00004511329873358235	0.00004511329873358236	0.00004511329873358236	0.9984423645504752	0.0014218752490234843	0.00004553360303418339	0.000045113055622341477	0.000045113541844823235	-0.00153941517577111
-0.00018004007993419676	-0.0003600801598683935	0.0001800400799341967	0.00018004007993419676	0.00018004007993419678	-0.00018004007993419678	-0.00036008015986839357	0.00018004007993419676	0.00018004007993419678	0.00018004007993419678	0.0028718413515531954	0.9965880339680714	0.0001800445205069874	0.000180039594397607	0.00018004056547078664	-0.0031177482144425467
0.00009022713221302226	0.00018045426442604451	-0.00009022713221302223	-0.00009022713221302226	-0.00009022713221302226	0.00009022713221302227	0.00018045426442604454	-0.00009022713221302226	-0.00009022713221302227	-0.00009022713221302227	0.00009106939517325815	0.00018044943328132435	0.9999089354359713	-0.00009022713240513571	-0.00009022713202090886	0.00004373426234807707
0.00013534071989287094	0.00027068143978574183	-0.00013534071989287092	-0.00013534071989287092	-0.00013534071989287094	0.00013534071989287097	0.00027068143978574194	-0.00013534071989287097	-0.00013534071989287094	-0.00013534071989287094	0.00013534392067472974	0.000270678238123934	-0.00013534071901292186	0.9998645000306745	-0.00013518147046020292	0.00006669425052254812
0.00027068139663958505	0.00054136279327917	-0.000270681396639585	-0.00027068139663958494	-0.000270681396639585	0.000270681396639585	0.0005413627932791701	-0.000270681396639585	-0.00027068139663958505	-0.00027068139663958505	0.00027068779820275615	0.0005413563899561006	-0.0002706813948796867	-0.00027036289822460587	0.9997290001049453	0.0001333884796959993
-0.00013533943669475837	-0.00027067887338951674	0.00013533943669475834	0.00013533943669475832	0.00013533943669475832	-0.00013533943669475834	-0.0002706788733895167	0.00013533943669475832	0.0001353394366947583	0.00013533943669475832	-0.00920544763292389	0.008801932095871006	0.00013283666366336328	0.00013565647652918891	0.00013502239686032772	0.9908300406689644