0.9993790012876909	-0.0012419974246177812	0.0006209987123088905	0.0006209987123088905	0.0006209987123088905	-0.0006209987123088904	-0.001241997424617781	0.0006209987123088904	0.0006209987123088904	0.0006209987123088905	-0.0006223009431414108	-0.001240694864695612	0.0006209983832192428	0.00062099877498445	0.0006209986496333303	-0.0002701199507477821
-0.0024839948492355623	0.9950320103015289	0.002483994849235562	0.0024839948492355623	0.0024839948492355627	-0.002483994849235562	-0.004967989698471125	0.0024839948492355623	0.0024839948492355623	0.002483994849235563	-0.002489203772565644	-0.004962779458782452	0.0024839935328769707	0.0024839950999378003	0.0024839945985333225	-0.0010804798029911283
0.001241997424617781	0.0024839948492355627	0.9987580025753825	-0.0012419974246177807	-0.0012419974246177807	0.0012419974246177807	0.0024839948492355623	-0.0012419974246177807	-0.0012419974246177807	-0.0012419974246177812	0.0012446018862828216	0.0024813897293912263	-0.0012419967664384851	-0.0012419975499689006	-0.0012419972992666615	0.0005402399014955644
0.0018629961369266712	0.0037259922738533424	-0.0018629961369266712	0.9981370038630734	-0.0018629961369266712	0.001862996136926671	0.0037259922738533424	-0.0018629961369266716	-0.001862996136926671	-0.0018629961369266716	0.0018669028294242332	0.0037220845940868384	-0.0018629951496577277	-0.001862996324953351	-0.0018629959488999923	0.0008103598522433464
0.003725992273853342	0.007451984547706684	-0.003725992273853342	-0.0037259922738533424	0.9962740077261469	0.0037259922738533424	0.007451984547706685	-0.003725992273853343	-0.003725992273853342	-0.003725992273853343	0.003733805658848467	0.007444169188173675	-0.003725990299315456	-0.003725992649906702	-0.0037259918977999838	0.0016207197044866932
-0.0006209987123088905	-0.0012419974246177812	0.0006209987123088906	0.0006209987123088905	0.0006209987123088905	0.999379001287691	-0.001241997424617781	0.0006209987123088904	0.0006209987123088902	0.0006209987123088905	-0.0006223009431414106	-0.0012406948646956132	0.0006209983832192427	0.0006209987749844499	0.0006209986496333305	-0.0002701199507477821
-0.0024839948492355627	-0.004967989698471126	0.002483994849235563	0.0024839948492355627	0.0024839948492355627	-0.002483994849235562	0.9950320103015289	0.002483994849235561	0.0024839948492355614	0.0024839948492355627	-0.002489203772565644	-0.004962779458782453	0.002483993532876971	0.0024839950999378	0.0024839945985333216	-0.0010804798029911283
0.0012419974246177812	0.0024839948492355627	-0.0012419974246177814	-0.0012419974246177812	-0.0012419974246177812	0.001241997424617781	0.0024839948492355623	0.9987580025753824	-0.0012419974246177803	-0.001241997424617781	0.0012446018862828213	0.002481389729391226	-0.0012419967664384854	-0.0012419975499689	-0.0012419972992666615	0.0005402399014955643
0.0018629961369266707	0.0037259922738533415	-0.001862996136926671	-0.0018629961369266712	-0.001862996136926671	0.0018629961369266707	0.003725992273853342	-0.001862996136926671	0.998137003863073	-0.0018629961369266712	0.0018669028294242328	0.0037220845940868375	-0.001862995149657727	-0.0018629963249533505	-0.0018629959488999917	0.0008103598522433464
0.003725992273853342	0.007451984547706684	-0.003725992273853342	-0.0037259922738533424	-0.003725992273853342	0.003725992273853341	0.007451984547706684	-0.003725992273853342	-0.003725992273853341	0.9962740077261468	0.003733805658848466	0.007444169188173676	-0.0037259902993154546	-0.0037259926499067014	-0.0037259918977999838	0.0016207197044866932
-0.0006205772699425324	-0.001241154539885065	0.0006205772699425324	0.0006205772699425324	0.0006205772699425324	-0.0006205772699425322	-0.0012411545398850646	0.0006205772699425323	0.0006205772699425321	0.0006205772699425324	0.9829361499720134	0.015197282352012694	0.000625413136089229	0.0006205373625848547	0.0006206171773002096	-0.01728867003966027
-0.002413740478084258	-0.004827480956168517	0.0024137404780842585	0.002413740478084258	0.0024137404780842585	-0.0024137404780842577	-0.004827480956168516	0.002413740478084258	0.0024137404780842577	0.0024137404780842585	0.03391899817508207	0.9588392595699923	0.0024142612987569523	0.002413661748005638	0.002413819208162878	-0.03449996130509786
0.001241997419889256	0.0024839948397785126	-0.0012419974198892563	-0.001241997419889256	-0.0012419974198892563	0.001241997419889256	0.002483994839778512	-0.0012419974198892559	-0.0012419974198892559	-0.0012419974198892563	0.0012542781337612538	0.002481010066077201	0.9987487066399402	-0.0012419975665200031	-0.0012419972732585084	0.0005313311509112143
0.0018630002713688357	0.0037260005427376714	-0.0018630002713688357	-0.0018630002713688357	-0.0018630002713688357	0.0018630002713688355	0.0037260005427376714	-0.0018630002713688361	-0.0018630002713688357	-0.0018630002713688363	0.0018670117046203781	0.0037219880947010064	-0.0018629992565837121	0.9981348082720036	-0.001860808814741336	0.0008082775487827617
0.003725992271390132	0.007451984542780265	-0.0037259922713901326	-0.0037259922713901326	-0.003725992271390132	0.0037259922713901317	0.007451984542780264	-0.0037259922713901326	-0.0037259922713901326	-0.003725992271390133	0.0037340151294543295	0.007443959655147921	-0.0037259902418219863	-0.0037216101287837816	0.9962696255860036	0.0016165513223566096
-0.0018605243443052925	-0.003721048688610585	0.0018605243443052923	0.0018605243443052927	0.0018605243443052925	-0.001860524344305292	-0.003721048688610585	0.0018605243443052925	0.0018605243443052925	0.0018605243443052927	-0.10046072007757043	0.09490591110081702	0.0018337602881428347	0.0018646672300285415	0.001856381458582044	0.8970736798834248