0.9978850398430777	-0.004229920313844215	0.0021149601569221067	0.002114960156922107	0.002114960156922107	-0.0021149601569221076	-0.004229920313844217	0.0021149601569221067	0.0021149601569221067	0.002114960156922107	-0.0021301631645708574	-0.004214715470858342	0.0021149583215849823	0.0021149619668022895	0.002114958347041926	-0.0007313898668094235
-0.008459840627688432	0.9830803187446233	0.008459840627688429	0.00845984062768843	0.00845984062768843	-0.008459840627688432	-0.016919681255376868	0.008459840627688429	0.008459840627688429	0.00845984062768843	-0.008520652658283431	-0.016858861883433378	0.00845983328633993	0.008459847867209158	0.008459833388167703	-0.002925559467237696
0.004229920313844218	0.008459840627688437	0.9957700796861554	-0.004229920313844216	-0.004229920313844215	0.004229920313844216	0.008459840627688436	-0.004229920313844215	-0.004229920313844215	-0.004229920313844216	0.004260326329141717	0.00842943094171669	-0.004229916643169963	-0.004229923933604581	-0.004229916694083853	0.0014627797336188475
0.006344880470766325	0.012689760941532652	-0.006344880470766325	0.9936551195292338	-0.006344880470766325	0.006344880470766326	0.012689760941532655	-0.006344880470766325	-0.006344880470766325	-0.006344880470766325	0.006390489493712577	0.012644146412575025	-0.0063448749647549455	-0.006344885900406874	-0.006344875041125778	0.0021941696004282715
0.01268976094153265	0.025379521883065304	-0.01268976094153265	-0.01268976094153265	0.9873102390584672	0.012689760941532652	0.025379521883065304	-0.01268976094153265	-0.01268976094153265	-0.01268976094153265	0.01278097898742515	0.02528829282515005	-0.012689749929509893	-0.012689771800813748	-0.012689750082251556	0.004388339200856543
-0.0021149601569221085	-0.004229920313844218	0.0021149601569221076	0.0021149601569221076	0.002114960156922107	0.9978850398430779	-0.004229920313844218	0.0021149601569221076	0.0021149601569221076	0.0021149601569221076	-0.002130163164570858	-0.004214715470858344	0.0021149583215849814	0.0021149619668022895	0.0021149583470419274	-0.0007313898668094235
-0.008459840627688434	-0.016919681255376875	0.008459840627688432	0.00845984062768843	0.008459840627688429	-0.00845984062768843	0.9830803187446235	0.008459840627688429	0.008459840627688429	0.00845984062768843	-0.008520652658283435	-0.016858861883433374	0.008459833286339926	0.008459847867209165	0.00845983338816771	-0.002925559467237696
0.004229920313844216	0.008459840627688434	-0.004229920313844215	-0.004229920313844214	-0.0042299203138442135	0.004229920313844214	0.008459840627688432	0.9957700796861556	-0.0042299203138442135	-0.004229920313844214	0.004260326329141716	0.008429430941716685	-0.004229916643169962	-0.004229923933604579	-0.004229916694083852	0.0014627797336188475
0.006344880470766325	0.01268976094153265	-0.006344880470766324	-0.006344880470766324	-0.006344880470766324	0.006344880470766325	0.012689760941532655	-0.006344880470766324	0.9936551195292334	-0.006344880470766325	0.006390489493712577	0.012644146412575028	-0.006344874964754949	-0.006344885900406874	-0.006344875041125778	0.0021941696004282706
0.012689760941532648	0.0253795218830653	-0.012689760941532647	-0.012689760941532647	-0.012689760941532647	0.01268976094153265	0.025379521883065307	-0.012689760941532647	-0.012689760941532652	0.9873102390584672	0.01278097898742515	0.025288292825150053	-0.012689749929509893	-0.012689771800813744	-0.012689750082251556	0.004388339200856542
-0.0021051390169983643	-0.004210278033996729	0.0021051390169983648	0.0021051390169983643	0.0021051390169983643	-0.0021051390169983643	-0.00421027803399673	0.0021051390169983648	0.0021051390169983648	0.0021051390169983648	0.9588698314607933	0.03480318485551816	0.0021167056496921403	0.0021047802224231286	0.0021054978115736013	-0.04250699497148315
-0.007773624995793604	-0.01554724999158721	0.007773624995793602	0.007773624995793602	0.0077736249957936	-0.0077736249957936	-0.015547249991587207	0.007773624995793598	0.007773624995793602	0.007773624995793602	0.08679588348980187	0.8898814116371663	0.007775454881444758	0.007772930024701603	0.0077743199668856055	-0.08340930222828186
0.004229920194630103	0.008459840389260209	-0.004229920194630102	-0.004229920194630102	-0.004229920194630102	0.004229920194630103	0.00845984038926021	-0.004229920194630103	-0.0042299201946301036	-0.0042299201946301036	0.00428370917431384	0.008427904186492214	0.9957482270284539	-0.004229923996226768	-0.004229916393033441	0.0014423755954912978
0.0063449298754913504	0.012689859750982701	-0.006344929875491351	-0.006344929875491352	-0.006344929875491351	0.006344929875491352	0.012689859750982708	-0.00634492987549135	-0.006344929875491351	-0.006344929875491351	0.006391356115525375	0.012643427808366237	-0.00634492417290891	0.993647611857388	-0.0063374716083705864	0.002187576857469718
0.012689760781185378	0.025379521562370756	-0.012689760781185373	-0.012689760781185376	-0.012689760781185376	0.01268976078118538	0.025379521562370767	-0.012689760781185375	-0.01268976078118538	-0.01268976078118538	0.012782613002322668	0.02528665793608385	-0.01268974937603576	-0.012674866168816173	0.9872953446064452	0.004375114128373059
-0.006286492437705404	-0.012572984875410809	0.006286492437705403	0.006286492437705403	0.0062864924377054035	-0.0062864924377054035	-0.012572984875410809	0.006286492437705401	0.006286492437705403	0.006286492437705403	-0.24026011625282687	0.22146237367322685	0.006224757704189388	0.006299239698690841	0.006273745176719967	0.7471370040401989