0.998104241090269	-0.00379151781946191	0.0018957589097309553	0.0018957589097309553	0.001895758909730955	-0.001895758909730955	-0.003791517819461911	0.001895758909730955	0.001895758909730955	0.0018957589097309553	-0.0019088707323547615	-0.0037784039909783055	0.0018957569038711554	0.0018957602592843401	0.0018957575601775722	-0.0006760592176555933
-0.00758303563892382	0.9848339287221519	0.007583035638923823	0.007583035638923823	0.007583035638923822	-0.007583035638923822	-0.015166071277847646	0.007583035638923822	0.00758303563892382	0.007583035638923823	-0.007635482929419049	-0.015113615963913224	0.00758302761548462	0.00758304103713736	0.00758303024071029	-0.002704236870622372
0.00379151781946191	0.00758303563892382	0.9962084821805384	-0.00379151781946191	-0.0037915178194619097	0.0037915178194619092	0.007583035638923821	-0.0037915178194619097	-0.0037915178194619092	-0.0037915178194619105	0.003817741464709522	0.007556807981956612	-0.003791513807742309	-0.003791520518568679	-0.0037915151203551426	0.0013521184353111858
0.005687276729192868	0.011374553458385733	-0.005687276729192867	0.994312723270807	-0.005687276729192868	0.005687276729192869	0.011374553458385736	-0.0056872767291928665	-0.005687276729192866	-0.005687276729192869	0.005726612197064283	0.01133521197293492	-0.0056872707116134655	-0.005687280777853018	-0.005687272680532716	0.0020281776529667795
0.011374553458385736	0.022749106916771466	-0.011374553458385733	-0.011374553458385735	0.9886254465416148	0.011374553458385738	0.022749106916771473	-0.011374553458385733	-0.011374553458385733	-0.011374553458385736	0.011453224394128565	0.02267042394586985	-0.011374541423226931	-0.011374561555706037	-0.01137454536106543	0.004056355305933559
-0.0018957589097309561	-0.0037915178194619123	0.0018957589097309564	0.0018957589097309561	0.001895758909730956	0.9981042410902692	-0.003791517819461912	0.0018957589097309557	0.0018957589097309555	0.0018957589097309561	-0.001908870732354761	-0.003778403990978307	0.0018957569038711547	0.0018957602592843401	0.0018957575601775717	-0.000676059217655593
-0.007583035638923822	-0.015166071277847644	0.007583035638923823	0.007583035638923822	0.007583035638923822	-0.007583035638923823	0.9848339287221527	0.007583035638923823	0.00758303563892382	0.007583035638923823	-0.007635482929419048	-0.015113615963913224	0.00758302761548462	0.00758304103713736	0.007583030240710288	-0.0027042368706223724
0.0037915178194619114	0.007583035638923822	-0.0037915178194619114	-0.0037915178194619114	-0.003791517819461911	0.0037915178194619114	0.007583035638923823	0.9962084821805383	-0.00379151781946191	-0.0037915178194619114	0.003817741464709524	0.007556807981956614	-0.00379151380774231	-0.0037915205185686794	-0.0037915151203551435	0.0013521184353111858
0.005687276729192867	0.011374553458385731	-0.005687276729192866	-0.0056872767291928665	-0.005687276729192867	0.005687276729192868	0.011374553458385733	-0.0056872767291928665	0.9943127232708066	-0.005687276729192867	0.005726612197064283	0.011335211972934921	-0.0056872707116134655	-0.005687280777853018	-0.005687272680532718	0.0020281776529667795
0.011374553458385735	0.02274910691677146	-0.011374553458385731	-0.011374553458385733	-0.011374553458385735	0.011374553458385736	0.022749106916771466	-0.011374553458385733	-0.011374553458385733	0.988625446541615	0.011453224394128566	0.022670423945869843	-0.011374541423226928	-0.011374561555706037	-0.011374545361065434	0.004056355305933561
-0.0018882566279313482	-0.0037765132558626965	0.0018882566279313482	0.0018882566279313482	0.0018882566279313482	-0.0018882566279313487	-0.003776513255862697	0.0018882566279313485	0.0018882566279313485	0.0018882566279313485	0.961777219606266	0.032547143958122984	0.001899123179748092	0.0018879595153831292	0.0018885537404795681	-0.039494288333350856
-0.0070216621248050315	-0.014043324249610056	0.007021662124805028	0.007021662124805028	0.007021662124805028	-0.0070216621248050315	-0.01404332424961006	0.00702166212480503	0.007021662124805029	0.00702166212480503	0.08056015084042965	0.8983730913536259	0.007023433556334572	0.007021085578657342	0.007022238670952715	-0.0775923222945381
0.003791517712676563	0.007583035425353126	-0.003791517712676563	-0.003791517712676564	-0.003791517712676564	0.003791517712676565	0.00758303542535313	-0.003791517712676565	-0.003791517712676564	-0.0037915177126765644	0.0038396453805363143	0.0075553842660924485	0.996188005778724	-0.003791520563174786	-0.003791514862178342	0.0013330335273847255
0.005687316248097546	0.011374632496195095	-0.005687316248097546	-0.005687316248097547	-0.005687316248097547	0.005687316248097546	0.011374632496195093	-0.005687316248097546	-0.005687316248097546	-0.005687316248097546	0.005727335541400453	0.01133460701900508	-0.005687310064210443	0.9943059976260249	-0.005680630122219945	0.0020222163665016397
0.01137455334550092	0.022749106691001834	-0.011374553345500917	-0.011374553345500917	-0.01137455334550092	0.01137455334550092	0.022749106691001837	-0.011374553345500919	-0.011374553345500915	-0.011374553345500919	0.011454591719850348	0.022669055948902072	-0.011374540977750579	-0.011361197452863908	0.9886120907618624	0.0040444005313675525
-0.005642705099101534	-0.011285410198203063	0.005642705099101531	0.005642705099101531	0.005642705099101533	-0.005642705099101535	-0.011285410198203064	0.005642705099101532	0.005642705099101531	0.005642705099101533	-0.22348796753045685	0.20661753155669063	0.005585025775563192	0.00565428235411986	0.005631127844083205	0.7650486304878391