0.9976366482055877	-0.004726703588823527	0.0023633517944117643	0.0023633517944117643	0.0023633517944117647	-0.002363351794411764	-0.004726703588823526	0.0023633517944117643	0.002363351794411764	0.0023633517944117634	-0.0023805960131035573	-0.00470945808236402	0.002363350506644045	0.00236335423057319	0.00236334935825034	-0.0007892404911331943
-0.009453407177647057	0.9810931856447055	0.009453407177647056	0.009453407177647056	0.009453407177647059	-0.009453407177647054	-0.018906814355294104	0.009453407177647056	0.009453407177647054	0.009453407177647054	-0.009522384052414228	-0.018837832329456076	0.009453402026576182	0.009453416922292762	0.009453397433001356	-0.0031569619645327772
0.004726703588823528	0.009453407177647056	0.9952732964111763	-0.0047267035888235295	-0.00472670358882353	0.004726703588823529	0.009453407177647054	-0.0047267035888235295	-0.004726703588823528	-0.004726703588823527	0.004761192026207113	0.00941891616472804	-0.004726701013288091	-0.004726708461146381	-0.004726698716500679	0.0015784809822663884
0.007090055383235293	0.014180110766470582	-0.007090055383235294	0.9929099446167647	-0.007090055383235294	0.007090055383235292	0.014180110766470579	-0.007090055383235293	-0.007090055383235293	-0.007090055383235292	0.007141788039310673	0.01412837424709205	-0.00709005151993214	-0.007090062691719574	-0.007090048074751013	0.0023677214733995814
0.014180110766470584	0.02836022153294116	-0.014180110766470584	-0.014180110766470584	0.98581988923353	0.014180110766470586	0.02836022153294116	-0.014180110766470586	-0.014180110766470588	-0.014180110766470582	0.014283576078621343	0.0282567484941841	-0.014180103039864278	-0.01418012538343915	-0.014180096149502025	0.004735442946799163
-0.002363351794411764	-0.004726703588823528	0.0023633517944117634	0.0023633517944117634	0.0023633517944117643	0.9976366482055881	-0.004726703588823526	0.0023633517944117643	0.002363351794411764	0.002363351794411764	-0.0023805960131035573	-0.004709458082364019	0.002363350506644046	0.00236335423057319	0.002363349358250339	-0.0007892404911331939
-0.009453407177647056	-0.01890681435529411	0.009453407177647054	0.009453407177647054	0.009453407177647057	-0.009453407177647056	0.9810931856447054	0.009453407177647056	0.009453407177647056	0.009453407177647054	-0.009522384052414228	-0.01883783232945607	0.009453402026576184	0.009453416922292762	0.009453397433001358	-0.0031569619645327755
0.00472670358882353	0.00945340717764706	-0.0047267035888235295	-0.0047267035888235295	-0.004726703588823531	0.00472670358882353	0.009453407177647057	0.9952732964111765	-0.00472670358882353	-0.00472670358882353	0.004761192026207116	0.009418916164728041	-0.004726701013288093	-0.004726708461146382	-0.004726698716500679	0.0015784809822663884
0.007090055383235292	0.01418011076647058	-0.007090055383235292	-0.007090055383235293	-0.007090055383235293	0.007090055383235292	0.014180110766470582	-0.007090055383235292	0.9929099446167647	-0.00709005538323529	0.0071417880393106715	0.01412837424709205	-0.007090051519932139	-0.007090062691719573	-0.007090048074751013	0.0023677214733995814
0.014180110766470582	0.028360221532941158	-0.014180110766470582	-0.014180110766470582	-0.014180110766470582	0.014180110766470584	0.02836022153294116	-0.014180110766470584	-0.014180110766470584	0.9858198892335291	0.01428357607862134	0.028256748494184098	-0.014180103039864273	-0.014180125383439143	-0.014180096149502027	0.004735442946799161
-0.0023504490425185925	-0.004700898085037185	0.002350449042518591	0.0023504490425185916	0.0023504490425185925	-0.0023504490425185916	-0.004700898085037182	0.0023504490425185916	0.002350449042518591	0.002350449042518591	0.9556964018767823	0.0372399822285601	0.0023627178096204703	0.0023500151365660666	0.0023508829484711166	-0.04576723256414986
-0.008611982474898774	-0.017223964949797547	0.008611982474898772	0.008611982474898772	0.008611982474898774	-0.008611982474898772	-0.01722396494979754	0.008611982474898772	0.008611982474898772	0.008611982474898772	0.09346641548202239	0.8806958088208237	0.008613810747356265	0.008611143539921432	0.008612821409876112	-0.08970771276449024
0.004726703472232239	0.009453406944464478	-0.004726703472232237	-0.004726703472232238	-0.004726703472232239	0.004726703472232238	0.009453406944464475	-0.004726703472232238	-0.004726703472232238	-0.004726703472232238	0.004786095978495245	0.009417302410787826	0.9952500085551812	-0.004726708563255942	-0.004726698381208536	0.0015566524191558675
0.007090117386162185	0.014180234772324368	-0.0070901173861621855	-0.007090117386162185	-0.007090117386162185	0.007090117386162184	0.014180234772324368	-0.0070901173861621855	-0.007090117386162185	-0.007090117386162184	0.007142829685308508	0.014127518376980225	-0.007090113289964357	0.9929015497898734	-0.007081784562197865	0.002360424292542183
0.014180110537864032	0.028360221075728057	-0.01418011053786403	-0.01418011053786403	-0.014180110537864032	0.014180110537864032	0.028360221075728057	-0.014180110537864034	-0.014180110537864034	-0.014180110537864032	0.01428553483476015	0.028254788586427923	-0.014180102345459987	-0.014163474375848502	0.9858032533001204	0.004720799833309624
-0.007013297718319257	-0.01402659543663851	0.007013297718319257	0.007013297718319258	0.007013297718319255	-0.007013297718319257	-0.01402659543663851	0.007013297718319257	0.00701329771831926	0.007013297718319257	-0.2585406885191197	0.2375669231969392	0.006947169885541931	0.007027337736549767	0.0069992577000887474	0.7277476506266217