0.9976765519150923	-0.004646896169814534	0.002323448084907267	0.002323448084907266	0.0023234480849072666	-0.002323448084907266	-0.004646896169814532	0.002323448084907267	0.0023234480849072658	0.0023234480849072675	-0.0023403919320702407	-0.004629950918596782	0.0023234466808524914	0.0023234504126240477	0.0023234457571904843	-0.0007802957778667138
-0.009293792339629068	0.9814124153207417	0.009293792339629068	0.009293792339629067	0.009293792339629067	-0.009293792339629067	-0.01858758467925813	0.009293792339629068	0.009293792339629065	0.009293792339629068	-0.009361567728280966	-0.018519803674387127	0.009293786723409964	0.009293801650496192	0.009293783028761932	-0.0031211831114668553
0.004646896169814535	0.00929379233962907	0.9953531038301853	-0.004646896169814534	-0.004646896169814535	0.004646896169814534	0.009293792339629068	-0.004646896169814535	-0.004646896169814532	-0.004646896169814535	0.004680783864140484	0.009259901837193564	-0.004646893361704981	-0.0046469008252480945	-0.0046468915143809695	0.0015605915557334277
0.006970344254721799	0.013940688509443596	-0.006970344254721801	0.9930296557452782	-0.006970344254721799	0.006970344254721797	0.013940688509443593	-0.006970344254721799	-0.006970344254721798	-0.006970344254721801	0.007021175796210724	0.013889852755790345	-0.006970340042557473	-0.006970351237872145	-0.006970337271571454	0.002340887333600142
0.013940688509443596	0.027881377018887186	-0.013940688509443598	-0.013940688509443596	0.9860593114905565	0.013940688509443598	0.027881377018887193	-0.0139406885094436	-0.013940688509443598	-0.013940688509443603	0.014042351592421454	0.027779705511580686	-0.013940680085114949	-0.013940702475744296	-0.013940674543142906	0.004681774667200286
-0.002323448084907268	-0.004646896169814536	0.0023234480849072675	0.0023234480849072675	0.002323448084907268	0.9976765519150924	-0.004646896169814534	0.002323448084907268	0.002323448084907267	0.002323448084907268	-0.002340391932070242	-0.004629950918596784	0.0023234466808524914	0.0023234504126240477	0.0023234457571904847	-0.000780295777866714
-0.00929379233962907	-0.01858758467925814	0.009293792339629068	0.009293792339629068	0.00929379233962907	-0.009293792339629068	0.9814124153207415	0.009293792339629068	0.009293792339629065	0.009293792339629068	-0.009361567728280963	-0.018519803674387127	0.009293786723409962	0.009293801650496189	0.009293783028761934	-0.0031211831114668553
0.004646896169814536	0.009293792339629072	-0.004646896169814535	-0.004646896169814535	-0.004646896169814536	0.004646896169814535	0.00929379233962907	0.9953531038301856	-0.004646896169814534	-0.004646896169814537	0.004680783864140483	0.009259901837193562	-0.004646893361704982	-0.004646900825248095	-0.00464689151438097	0.001560591555733428
0.006970344254721797	0.013940688509443591	-0.006970344254721799	-0.006970344254721798	-0.006970344254721799	0.006970344254721798	0.013940688509443596	-0.0069703442547218	0.9930296557452778	-0.0069703442547218	0.007021175796210723	0.013889852755790348	-0.0069703400425574725	-0.006970351237872146	-0.006970337271571454	0.002340887333600143
0.013940688509443598	0.02788137701888719	-0.0139406885094436	-0.013940688509443598	-0.0139406885094436	0.013940688509443598	0.027881377018887196	-0.013940688509443602	-0.0139406885094436	0.9860593114905568	0.014042351592421448	0.02777970551158069	-0.013940680085114945	-0.013940702475744292	-0.013940674543142908	0.004681774667200286
-0.0023110743447321775	-0.004622148689464354	0.002311074344732177	0.002311074344732177	0.0023110743447321775	-0.0023110743447321775	-0.004622148689464355	0.002311074344732177	0.002311074344732176	0.0023110743447321775	0.9561987969953257	0.036855817820861295	0.0023232364943485523	0.002310652867586482	0.0023114958218778694	-0.045253114028661216
-0.008478285523064885	-0.01695657104612977	0.008478285523064885	0.008478285523064885	0.008478285523064885	-0.008478285523064885	-0.01695657104612977	0.008478285523064885	0.008478285523064883	0.008478285523064885	0.09241995786818157	0.8821433521816027	0.008480118904085766	0.008477470394326829	0.008479100651802934	-0.08871424188278304
0.0046468960512553855	0.009293792102510771	-0.0046468960512553855	-0.004646896051255386	-0.004646896051255386	0.004646896051255386	0.009293792102510773	-0.004646896051255386	-0.004646896051255385	-0.0046468960512553855	0.004705453669123369	0.009258300045322722	0.9953300383880652	-0.0046469009193032635	-0.0046468911832075075	0.0015389875798385748
0.006970404132926997	0.013940808265853992	-0.006970404132927	-0.006970404132926999	-0.0069704041329270005	0.006970404132927	0.013940808265853998	-0.006970404132927001	-0.0069704041329270005	-0.006970404132927003	0.007022188411832641	0.013889019547871449	-0.0069703996938500915	0.9930214035064447	-0.00696221177229906	0.0023337025292239416
0.013940688292934374	0.02788137658586875	-0.013940688292934376	-0.013940688292934376	-0.013940688292934378	0.013940688292934374	0.02788137658586875	-0.013940688292934378	-0.013940688292934374	-0.01394068829293438	0.014044256555097681	0.02777779944554825	-0.01394067941477718	-0.013924331748107463	0.9860429551622387	0.004667357834343824
-0.006896740627771268	-0.013793481255542535	0.00689674062777127	0.00689674062777127	0.006896740627771273	-0.00689674062777127	-0.01379348125554254	0.006896740627771273	0.00689674062777127	0.006896740627771273	-0.2556482828779444	0.23502349517186438	0.006831306450537413	0.006910575276798214	0.006882905978744329	0.7308057594615055