0.9978234167012106	-0.0043531665975788305	0.002176583298789416	0.0021765832987894152	0.0021765832987894152	-0.0021765832987894152	-0.004353166597578831	0.0021765832987894152	0.0021765832987894157	0.0021765832987894152	-0.002192329114724973	-0.00433741904432078	0.002176581561466924	0.002176585253365942	0.0021765813442128916	-0.0007462235928941606
-0.008706333195157661	0.9825873336096849	0.008706333195157663	0.008706333195157661	0.008706333195157661	-0.008706333195157661	-0.017412666390315322	0.00870633319515766	0.008706333195157661	0.00870633319515766	-0.008769316458899898	-0.017349676177283124	0.008706326245867696	0.008706341013463764	0.008706325376851563	-0.0029848943715766424
0.00435316659757883	0.008706333195157661	0.995646833402422	-0.0043531665975788305	-0.0043531665975788305	0.0043531665975788305	0.008706333195157663	-0.00435316659757883	-0.0043531665975788305	-0.00435316659757883	0.004384658229449949	0.008674838088641564	-0.004353163122933849	-0.004353170506731883	-0.004353162688425783	0.001492447185788321
0.006529749896368248	0.013059499792736498	-0.006529749896368249	0.9934702501036319	-0.006529749896368248	0.006529749896368249	0.013059499792736498	-0.006529749896368248	-0.006529749896368248	-0.006529749896368246	0.0065769873441749215	0.013012257132962342	-0.006529744684400769	-0.006529755760097823	-0.006529744032638669	0.002238670778682482
0.013059499792736497	0.026118999585473	-0.0130594997927365	-0.013059499792736497	0.9869405002072636	0.013059499792736495	0.026118999585472993	-0.013059499792736491	-0.013059499792736497	-0.013059499792736493	0.013153974688349841	0.026024514265924687	-0.01305948936880154	-0.013059511520195643	-0.013059488065277338	0.004477341557364964
-0.002176583298789415	-0.0043531665975788305	0.0021765832987894157	0.0021765832987894152	0.0021765832987894152	0.9978234167012109	-0.0043531665975788305	0.002176583298789415	0.0021765832987894152	0.002176583298789415	-0.0021923291147249746	-0.004337419044320781	0.002176581561466924	0.00217658525336594	0.0021765813442128903	-0.0007462235928941605
-0.00870633319515766	-0.01741266639031532	0.008706333195157661	0.00870633319515766	0.00870633319515766	-0.00870633319515766	0.9825873336096852	0.00870633319515766	0.008706333195157661	0.00870633319515766	-0.008769316458899896	-0.01734967617728312	0.008706326245867693	0.008706341013463762	0.008706325376851563	-0.002984894371576641
0.0043531665975788305	0.008706333195157661	-0.0043531665975788305	-0.0043531665975788305	-0.0043531665975788305	0.0043531665975788305	0.008706333195157661	0.9956468334024209	-0.0043531665975788305	-0.00435316659757883	0.004384658229449948	0.00867483808864156	-0.004353163122933848	-0.004353170506731882	-0.0043531626884257815	0.0014924471857883214
0.006529749896368248	0.013059499792736498	-0.006529749896368248	-0.006529749896368248	-0.006529749896368247	0.0065297498963682475	0.013059499792736497	-0.0065297498963682475	0.9934702501036322	-0.0065297498963682475	0.006576987344174923	0.013012257132962345	-0.00652974468440077	-0.006529755760097823	-0.00652974403263867	0.002238670778682482
0.013059499792736491	0.02611899958547299	-0.013059499792736493	-0.013059499792736491	-0.013059499792736488	0.01305949979273649	0.026118999585472986	-0.01305949979273649	-0.013059499792736491	0.9869405002072633	0.013153974688349841	0.026024514265924684	-0.013059489368801538	-0.013059511520195643	-0.013059488065277337	0.004477341557364964
-0.002166043900415101	-0.004332087800830202	0.0021660439004151013	0.0021660439004151013	0.002166043900415101	-0.0021660439004151013	-0.004332087800830203	0.002166043900415101	0.0021660439004151013	0.0021660439004151004	0.9580717436236146	0.03541837514249631	0.0021777934330593314	0.0021656669778078947	0.0021664208230223053	-0.043329753974722246
-0.007982972683677661	-0.01596594536735532	0.007982972683677661	0.007982972683677661	0.00798297268367766	-0.007982972683677661	-0.015965945367355322	0.007982972683677661	0.007982972683677661	0.007982972683677661	0.0884870189027847	0.8875622268362586	0.007984808893601416	0.007982242945080563	0.00798370242227476	-0.08499841265659708
0.004353166477045973	0.008706332954091947	-0.004353166477045974	-0.004353166477045973	-0.0043531664770459725	0.004353166477045973	0.008706332954091947	-0.0043531664770459725	-0.0043531664770459725	-0.004353166477045972	0.004408432974874132	0.00867328690061522	0.9956246130786026	-0.004353170576951437	-0.004353162377140508	0.0014716834417382407
0.006529802287463999	0.013059604574928002	-0.006529802287464002	-0.006529802287464	-0.006529802287463998	0.006529802287463999	0.013059604574928	-0.006529802287463997	-0.006529802287464	-0.006529802287463997	0.006577896127728413	0.013011505317315732	-0.0065297968701161545	0.9934625224342066	-0.006522127009135069	0.0022319021778043455
0.01305949961697287	0.02611899923394575	-0.013059499616972874	-0.01305949961697287	-0.013059499616972866	0.013059499616972867	0.026118999233945745	-0.013059499616972866	-0.013059499616972869	-0.013059499616972864	0.013155687026707037	0.026022800989526834	-0.01305948878228814	-0.0130441727301582	0.9869251734962121	0.004463762572622463
-0.006467081059889071	-0.012934162119778143	0.006467081059889073	0.006467081059889071	0.006467081059889071	-0.006467081059889071	-0.012934162119778145	0.006467081059889071	0.006467081059889072	0.00646708105988907	-0.24485991997150766	0.22552151917724703	0.006404238674482552	0.0064801522604785635	0.006454009859299578	0.7422445758725971