0.9979792614120443	-0.004041477175911702	0.00202073858795585	0.0020207385879558496	0.0020207385879558496	-0.0020207385879558496	-0.004041477175911699	0.00202073858795585	0.0020207385879558496	0.00202073858795585	-0.0020350709297194615	-0.004027142893043124	0.002020736646850886	0.002020740189741005	0.0020207369861706954	-0.000708096928702735
-0.008082954351823402	0.9838340912963537	0.008082954351823402	0.0080829543518234	0.008082954351823402	-0.008082954351823398	-0.016165908703646804	0.008082954351823407	0.0080829543518234	0.008082954351823404	-0.008140283718877851	-0.0161085715721725	0.008082946587403552	0.008082960758964022	0.00808294794468278	-0.002832387714810939
0.0040414771759117	0.008082954351823404	0.9959585228240884	-0.004041477175911699	-0.004041477175911699	0.004041477175911698	0.008082954351823398	-0.0040414771759117	-0.004041477175911698	-0.004041477175911699	0.004070141859438926	0.008054285786086248	-0.004041473293701774	-0.004041480379482009	-0.004041473972341389	0.00141619385740547
0.006062215763867549	0.012124431527735098	-0.006062215763867549	0.9939377842361324	-0.0060622157638675475	0.006062215763867548	0.012124431527735095	-0.00606221576386755	-0.006062215763867548	-0.00606221576386755	0.006105212789158389	0.012081428679129367	-0.006062209940552658	-0.006062220569223015	-0.006062210958512082	0.0021242907861082063
0.012124431527735095	0.024248863055470193	-0.012124431527735095	-0.012124431527735097	0.9878755684722647	0.012124431527735097	0.024248863055470186	-0.012124431527735098	-0.012124431527735095	-0.012124431527735097	0.012210425578316779	0.02416285735825873	-0.012124419881105316	-0.01212444113844603	-0.012124421917024165	0.004248581572216412
-0.00202073858795585	-0.004041477175911702	0.00202073858795585	0.0020207385879558496	0.00202073858795585	0.997979261412044	-0.004041477175911701	0.002020738587955851	0.0020207385879558496	0.0020207385879558505	-0.0020350709297194632	-0.004027142893043124	0.0020207366468508866	0.0020207401897410055	0.0020207369861706954	-0.0007080969287027354
-0.008082954351823402	-0.016165908703646807	0.008082954351823402	0.0080829543518234	0.008082954351823402	-0.008082954351823402	0.983834091296353	0.008082954351823404	0.008082954351823398	0.008082954351823402	-0.008140283718877853	-0.016108571572172495	0.008082946587403548	0.008082960758964019	0.00808294794468278	-0.00283238771481094
0.0040414771759117	0.008082954351823402	-0.0040414771759117	-0.004041477175911699	-0.0040414771759117	0.0040414771759117	0.0080829543518234	0.9959585228240886	-0.004041477175911699	-0.004041477175911701	0.004070141859438926	0.008054285786086248	-0.004041473293701773	-0.004041480379482008	-0.004041473972341392	0.0014161938574054705
0.006062215763867548	0.012124431527735097	-0.006062215763867548	-0.006062215763867549	-0.006062215763867548	0.00606221576386755	0.012124431527735098	-0.006062215763867551	0.9939377842361321	-0.00606221576386755	0.006105212789158389	0.012081428679129369	-0.006062209940552657	-0.006062220569223014	-0.006062210958512085	0.0021242907861082063
0.012124431527735095	0.024248863055470193	-0.012124431527735097	-0.012124431527735097	-0.012124431527735095	0.012124431527735097	0.024248863055470193	-0.012124431527735102	-0.012124431527735097	0.9878755684722651	0.012210425578316782	0.02416285735825874	-0.012124419881105316	-0.012124441138446034	-0.01212442191702417	0.004248581572216413
-0.0020119586743174143	-0.00402391734863483	0.0020119586743174147	0.002011958674317414	0.002011958674317414	-0.0020119586743174143	-0.004023917348634829	0.0020119586743174147	0.002011958674317414	0.0020119586743174147	0.9601056752921482	0.03384717331397127	0.0020232340452457434	0.0020116269355565327	0.002012290413078295	-0.04122927687578937
-0.007451796216888736	-0.014903592433777476	0.007451796216888736	0.007451796216888735	0.007451796216888736	-0.007451796216888734	-0.01490359243377747	0.007451796216888735	0.007451796216888734	0.007451796216888734	0.08415938019099457	0.8934834195357659	0.007453607839461878	0.007451153165492471	0.007452439268284998	-0.0809419374596173
0.004041477060732008	0.00808295412146402	-0.00404147706073201	-0.004041477060732008	-0.004041477060732009	0.004041477060732009	0.008082954121464017	-0.00404147706073201	-0.004041477060732008	-0.00404147706073201	0.004092905719361952	0.008052800189684638	0.9959372482124176	-0.0040414804328060645	-0.004041473688657954	0.0013963486355318038
0.006062260778704598	0.012124521557409194	-0.006062260778704597	-0.006062260778704598	-0.006062260778704596	0.006062260778704596	0.012124521557409193	-0.006062260778704597	-0.0060622607787045955	-0.006062260778704597	0.00610601654501482	0.012080759784426359	-0.006062254772031985	0.993930612814177	-0.006055134371586105	0.002117968333834229
0.012124431389155615	0.02424886277831123	-0.012124431389155615	-0.012124431389155615	-0.012124431389155614	0.012124431389155612	0.024248862778311227	-0.012124431389155615	-0.012124431389155614	-0.012124431389155615	0.012211942682217274	0.024161339471924472	-0.012124419375830513	-0.012110197982482071	0.987861335204171	0.00423590033820132
-0.0060100324489939985	-0.012020064897987999	0.0060100324489939985	0.006010032448993998	0.006010032448993997	-0.006010032448993998	-0.012020064897987995	0.006010032448993998	0.006010032448993997	0.006010032448993998	-0.23313382236437086	0.21516374006415606	0.005950017402226717	0.006022280216006119	0.005997784681981874	0.7547340180893212