0.998815268529234	-0.002369462941532827	0.0011847314707664133	0.0011847314707664131	0.0011847314707664133	-0.0011847314707664133	-0.0023694629415328267	0.001184731470766413	0.0011847314707664133	0.0011847314707664131	-0.0011904258499523754	-0.002363767300627582	0.0011847302090471315	0.0011847318483148394	0.001184731093217987	-0.000468592029757738
-0.004738925883065654	0.9905221482338687	0.004738925883065652	0.004738925883065652	0.0047389258830656525	-0.0047389258830656525	-0.009477851766131305	0.004738925883065652	0.0047389258830656525	0.0047389258830656525	-0.004761703399809503	-0.00945506920251033	0.004738920836188527	0.004738927393259358	0.004738924372871946	-0.001874368119030953
0.0023694629415328275	0.004738925883065655	0.9976305370584673	-0.0023694629415328262	-0.0023694629415328267	0.002369462941532827	0.004738925883065654	-0.0023694629415328267	-0.002369462941532827	-0.0023694629415328267	0.002380851699904752	0.004727534601255164	-0.0023694604180942627	-0.002369463696629679	-0.0023694621864359723	0.0009371840595154763
0.0035541944122992383	0.0071083888245984765	-0.0035541944122992383	0.9964458055877009	-0.0035541944122992387	0.0035541944122992387	0.0071083888245984765	-0.0035541944122992383	-0.003554194412299239	-0.003554194412299238	0.0035712775498571254	0.007091301901882744	-0.0035541906271413914	-0.003554195544944518	-0.00355419327965396	0.001405776089273214
0.007108388824598478	0.014216777649196956	-0.007108388824598478	-0.007108388824598477	0.9928916111754013	0.007108388824598477	0.014216777649196953	-0.007108388824598477	-0.007108388824598479	-0.007108388824598476	0.007142555099714251	0.014182603803765488	-0.007108381254282782	-0.007108391089889036	-0.007108386559307918	0.002811552178546428
-0.0011847314707664135	-0.002369462941532827	0.0011847314707664135	0.0011847314707664133	0.0011847314707664133	0.9988152685292335	-0.0023694629415328267	0.0011847314707664131	0.0011847314707664133	0.0011847314707664131	-0.001190425849952376	-0.002363767300627582	0.0011847302090471313	0.0011847318483148399	0.0011847310932179868	-0.0004685920297577381
-0.004738925883065652	-0.009477851766131303	0.004738925883065652	0.004738925883065651	0.004738925883065651	-0.004738925883065652	0.9905221482338685	0.004738925883065651	0.004738925883065652	0.004738925883065651	-0.004761703399809502	-0.009455069202510328	0.004738920836188524	0.004738927393259358	0.004738924372871946	-0.0018743681190309517
0.0023694629415328262	0.0047389258830656525	-0.0023694629415328262	-0.002369462941532826	-0.002369462941532826	0.0023694629415328267	0.0047389258830656525	0.997630537058467	-0.0023694629415328267	-0.002369462941532826	0.0023808516999047516	0.004727534601255165	-0.0023694604180942622	-0.0023694636966296785	-0.0023694621864359736	0.0009371840595154762
0.0035541944122992383	0.0071083888245984765	-0.003554194412299238	-0.0035541944122992374	-0.0035541944122992383	0.0035541944122992387	0.0071083888245984765	-0.003554194412299239	0.9964458055877012	-0.003554194412299238	0.003571277549857124	0.007091301901882743	-0.003554190627141391	-0.003554195544944518	-0.003554193279653959	0.001405776089273214
0.007108388824598476	0.014216777649196951	-0.007108388824598476	-0.007108388824598475	-0.0071083888245984765	0.007108388824598477	0.014216777649196953	-0.007108388824598478	-0.0071083888245984765	0.9928916111754008	0.007142555099714249	0.014182603803765485	-0.007108381254282782	-0.007108391089889036	-0.007108386559307916	0.0028115521785464274
-0.0011824227109283477	-0.0023648454218566945	0.0011824227109283473	0.001182422710928347	0.0011824227109283468	-0.0011824227109283473	-0.0023648454218566936	0.001182422710928347	0.0011824227109283468	0.0011824227109283466	0.9723158784582122	0.024128871347547154	0.0011904047723837305	0.0011822927739183295	0.0011825526479383645	-0.028430060467136864
-0.004502892788820842	-0.00900578557764168	0.004502892788820839	0.004502892788820839	0.00450289278882084	-0.004502892788820842	-0.009005785577641682	0.004502892788820841	0.00450289278882084	0.004502892788820839	0.05725706967517066	0.9292330319152222	0.004504112831965278	0.0045026386851242705	0.004503146892517409	-0.056215540169621506
0.0023694629046302975	0.004738925809260594	-0.002369462904630297	-0.0023694629046302966	-0.0023694629046302966	0.0023694629046302975	0.004738925809260593	-0.002369462904630297	-0.0023694629046302975	-0.0023694629046302957	0.0023968502054616016	0.004726621360459603	0.9976154542433393	-0.0023694637274013896	-0.0023694620818592044	0.0009230331653218057
0.003554209628349696	0.007108419256699392	-0.003554209628349696	-0.0035542096283496956	-0.003554209628349696	0.0035542096283496965	0.007108419256699392	-0.003554209628349697	-0.003554209628349696	-0.003554209628349696	0.00357160892227971	0.007091016097580432	-0.0035542057631607485	0.9964416105455743	-0.0035500298022742042	0.0014019299918230416
0.007108388800684571	0.014216777601369144	-0.007108388800684572	-0.007108388800684571	-0.007108388800684572	0.007108388800684573	0.014216777601369144	-0.007108388800684574	-0.007108388800684572	-0.007108388800684572	0.007143187323048965	0.014181971348640646	-0.007108381070320459	-0.007100033744971585	0.9928832561436025	0.00280384684512597
-0.003540530099142994	-0.0070810601982859885	0.0035405300991429942	0.0035405300991429934	0.003540530099142994	-0.0035405300991429947	-0.007081060198285988	0.0035405300991429947	0.003540530099142994	0.003540530099142994	-0.1624435900016005	0.1518646171791545	0.0034979126241600485	0.0035481066615330077	0.0035329535367529816	0.8308165045173833