0.9989255294538958	-0.0021489410922088735	0.0010744705461044374	0.001074470546104437	0.0010744705461044374	-0.001074470546104437	-0.002148941092208875	0.0010744705461044374	0.0010744705461044372	0.0010744705461044376	-0.0010791155731136829	-0.002144295002347039	0.0010744694832518476	0.0010744708348907764	0.0010744702573180986	-0.00043237993384797344
-0.004297882184417751	0.9914042356311644	0.004297882184417751	0.0042978821844177496	0.004297882184417751	-0.004297882184417749	-0.0085957643688355	0.0042978821844177496	0.0042978821844177496	0.00429788218441775	-0.004316462292454733	-0.008577180009388159	0.004297877933007392	0.004297883339563106	0.004297881029272395	-0.0017295197353918933
0.002148941092208875	0.004297882184417751	0.997851058907791	-0.0021489410922088743	-0.002148941092208875	0.0021489410922088743	0.00429788218441775	-0.0021489410922088748	-0.0021489410922088743	-0.002148941092208875	0.0021582311462273675	0.004288590004694079	-0.0021489389665036956	-0.0021489416697815524	-0.0021489405146361976	0.0008647598676959469
0.00322341163831331	0.00644682327662662	-0.0032234116383133104	0.9967765883616865	-0.00322341163831331	0.00322341163831331	0.006446823276626623	-0.0032234116383133096	-0.0032234116383133104	-0.0032234116383133113	0.0032373467193410493	0.006432885007041114	-0.003223408449755542	-0.003223412504672327	-0.0032234107719542955	0.00129713980154392
0.00644682327662662	0.012893646553253238	-0.006446823276626621	-0.006446823276626621	0.9935531767233735	0.00644682327662662	0.012893646553253243	-0.006446823276626621	-0.006446823276626622	-0.0064468232766266235	0.0064746934386821	0.01286577001408223	-0.006446816899511083	-0.006446825009344656	-0.006446821543908592	0.002594279603087841
-0.0010744705461044372	-0.0021489410922088748	0.0010744705461044374	0.0010744705461044374	0.0010744705461044376	0.9989255294538953	-0.0021489410922088748	0.0010744705461044372	0.0010744705461044372	0.0010744705461044376	-0.001079115573113683	-0.0021442950023470384	0.0010744694832518467	0.0010744708348907766	0.001074470257318098	-0.00043237993384797333
-0.004297882184417752	-0.008595764368835506	0.004297882184417753	0.004297882184417753	0.004297882184417754	-0.004297882184417752	0.9914042356311652	0.004297882184417752	0.004297882184417752	0.004297882184417754	-0.004316462292454738	-0.008577180009388159	0.00429787793300739	0.004297883339563108	0.004297881029272395	-0.001729519735391894
0.002148941092208875	0.004297882184417751	-0.0021489410922088757	-0.0021489410922088757	-0.002148941092208876	0.002148941092208875	0.004297882184417752	0.9978510589077911	-0.0021489410922088757	-0.002148941092208876	0.002158231146227368	0.00428859000469408	-0.002148938966503695	-0.0021489416697815537	-0.002148940514636198	0.0008647598676959473
0.003223411638313311	0.006446823276626621	-0.0032234116383133113	-0.0032234116383133113	-0.0032234116383133117	0.0032234116383133113	0.006446823276626625	-0.003223411638313312	0.9967765883616869	-0.0032234116383133113	0.0032373467193410493	0.006432885007041116	-0.003223408449755542	-0.003223412504672328	-0.003223410771954296	0.0012971398015439208
0.006446823276626623	0.012893646553253245	-0.0064468232766266235	-0.0064468232766266235	-0.006446823276626624	0.0064468232766266235	0.012893646553253252	-0.006446823276626625	-0.0064468232766266235	0.993553176723374	0.006474693438682102	0.012865770014082236	-0.0064468168995110865	-0.006446825009344659	-0.006446821543908594	0.002594279603087842
-0.0010726742009676935	-0.002145348401935387	0.0010726742009676935	0.0010726742009676932	0.0010726742009676935	-0.001072674200967693	-0.0021453484019353874	0.0010726742009676935	0.0010726742009676932	0.0010726742009676937	0.9741793063385741	0.02259523512830802	0.00108011013118278	0.0010725651617818634	0.001072783240153522	-0.02646521673954231
-0.0041010166309314415	-0.008202033261862881	0.0041010166309314415	0.00410101663093144	0.00410101663093144	-0.004101016630931439	-0.00820203326186288	0.004101016630931441	0.00410101663093144	0.0041010166309314415	0.053100695754410676	0.9345951610438409	0.004102109939885777	0.004100803073495577	0.004101230188367303	-0.05240650887101958
0.0021489410643796857	0.004297882128759372	-0.002148941064379686	-0.0021489410643796857	-0.002148941064379686	0.0021489410643796853	0.0042978821287593715	-0.0021489410643796857	-0.0021489410643796853	-0.002148941064379686	0.0021731279324173586	0.004287776958864014	0.9978369772374781	-0.0021489416989762026	-0.0021489404297831676	0.0008515092564158779
0.00322342412660799	0.006446848253215981	-0.003223424126607991	-0.003223424126607991	-0.003223424126607991	0.0032234241266079905	0.0064468482532159845	-0.003223424126607992	-0.0032234241266079914	-0.0032234241266079922	0.0032376277847105013	0.00643264133810281	-0.0032234208695973263	0.9967727848802551	-0.0032196331334710545	0.0012936318124334878
0.00644682325949456	0.012893646518989122	-0.006446823259494561	-0.006446823259494561	-0.006446823259494561	0.00644682325949456	0.012893646518989128	-0.006446823259494563	-0.006446823259494562	-0.006446823259494563	0.0064752305265187516	0.012865232737954412	-0.006446816745484035	-0.006439244793062612	0.9935455982740736	0.0025872527341148773
-0.003212790968996185	-0.006425581937992373	0.003212790968996187	0.003212790968996186	0.003212790968996186	-0.003212790968996186	-0.006425581937992374	0.0032127909689961863	0.0032127909689961863	0.003212790968996188	-0.15160290704028373	0.1420044195703241	0.0031729055319672243	0.0032197160635802882	0.0032058658744120844	0.8424977435584747