0.9998321643239626	-0.00033567135207498945	0.0001678356760374947	0.00016783567603749472	0.0001678356760374947	-0.0001678356760374947	-0.0003356713520749894	0.00016783567603749475	0.00016783567603749472	0.0001678356760374947	-0.00016787373021509049	-0.00033563328760317733	0.00016783566574327867	0.00016783567746874437	0.0001678356746062448	-0.0000803667055492908
-0.0006713427041499786	0.9986573145916998	0.000671342704149979	0.000671342704149979	0.0006713427041499789	-0.0006713427041499789	-0.0013426854082999574	0.000671342704149979	0.0006713427041499789	0.0006713427041499787	-0.0006714949208603623	-0.0013425331504127102	0.0006713426629731153	0.0006713427098749777	0.0006713426984249795	-0.0003214668221971629
0.00033567135207498966	0.0006713427041499792	0.9996643286479251	-0.00033567135207498945	-0.00033567135207498945	0.00033567135207498945	0.0006713427041499789	-0.00033567135207498956	-0.0003356713520749895	-0.0003356713520749895	0.00033574746043018097	0.000671266575206355	-0.00033567133148655734	-0.00033567135493748886	-0.0003356713492124896	0.00016073341109858148
0.0005035070281124836	0.001007014056224967	-0.0005035070281124836	0.9994964929718875	-0.0005035070281124837	0.0005035070281124837	0.0010070140562249673	-0.0005035070281124838	-0.0005035070281124836	-0.0005035070281124837	0.0005036211906452714	0.0010068998628095327	-0.000503506997229836	-0.0005035070324062333	-0.0005035070238187346	0.0002411001166478722
0.0010070140562249677	0.002014028112449935	-0.0010070140562249677	-0.0010070140562249677	0.998992985943775	0.0010070140562249673	0.0020140281124499345	-0.0010070140562249675	-0.0010070140562249673	-0.0010070140562249675	0.0010072423812905432	0.002013799725619066	-0.0010070139944596723	-0.001007014064812467	-0.0010070140476374694	0.00048220023329574455
-0.0001678356760374947	-0.00033567135207498934	0.0001678356760374947	0.0001678356760374947	0.00016783567603749472	0.9998321643239624	-0.00033567135207498934	0.00016783567603749475	0.00016783567603749472	0.00016783567603749472	-0.00016787373021509054	-0.0003356332876031774	0.0001678356657432787	0.00016783567746874437	0.00016783567460624486	-0.00008036670554929078
-0.0006713427041499788	-0.0013426854082999576	0.0006713427041499789	0.0006713427041499789	0.000671342704149979	-0.0006713427041499789	0.9986573145916997	0.0006713427041499791	0.000671342704149979	0.0006713427041499789	-0.0006714949208603622	-0.0013425331504127102	0.000671342662973115	0.0006713427098749779	0.0006713426984249793	-0.0003214668221971631
0.0003356713520749895	0.0006713427041499788	-0.0003356713520749895	-0.0003356713520749895	-0.00033567135207498956	0.0003356713520749895	0.0006713427041499791	0.9996643286479254	-0.0003356713520749896	-0.00033567135207498956	0.0003357474604301811	0.000671266575206355	-0.0003356713314865575	-0.000335671354937489	-0.0003356713492124898	0.0001607334110985816
0.0005035070281124837	0.0010070140562249673	-0.0005035070281124837	-0.0005035070281124837	-0.0005035070281124837	0.0005035070281124836	0.0010070140562249675	-0.0005035070281124837	0.9994964929718875	-0.0005035070281124838	0.0005036211906452714	0.0010068998628095325	-0.0005035069972298362	-0.0005035070324062333	-0.0005035070238187347	0.00024110011664787222
0.0010070140562249681	0.002014028112449936	-0.0010070140562249681	-0.0010070140562249681	-0.001007014056224968	0.001007014056224968	0.0020140281124499363	-0.0010070140562249681	-0.001007014056224968	0.9989929859437751	0.001007242381290543	0.002013799725619066	-0.0010070139944596723	-0.0010070140648124671	-0.0010070140476374696	0.0004822002332957446
-0.00016782477881188378	-0.00033564955762376757	0.0001678247788118838	0.00016782477881188378	0.0001678247788118838	-0.00016782477881188378	-0.00033564955762376757	0.00016782477881188384	0.00016782477881188384	0.00016782477881188384	0.9945185014280286	0.004976525356192168	0.0001693236581555224	0.00016782152598876003	0.00016782803163500762	-0.005452071903601833
-0.0006657614943909871	-0.0013315229887819742	0.0006657614943909871	0.0006657614943909871	0.0006657614943909872	-0.0006657614943909871	-0.0013315229887819742	0.0006657614943909873	0.0006657614943909873	0.0006657614943909873	0.010307113873000331	0.9876955464308115	0.0006658167074061471	0.000665755017053678	0.000665767971728296	-0.011001163964032433
0.0003356713520377619	0.0006713427040755237	-0.00033567135203776196	-0.00033567135203776196	-0.000335671352037762	0.00033567135203776185	0.0006713427040755237	-0.00033567135203776196	-0.000335671352037762	-0.000335671352037762	0.0003387453139462603	0.0006712269109879756	0.999661370479141	-0.00033567135667795996	-0.00033567134739756406	0.00015781517098379267
0.0005035073274262397	0.0010070146548524794	-0.0005035073274262397	-0.0005035073274262397	-0.0005035073274262397	0.0005035073274262397	0.0010070146548524796	-0.0005035073274262398	-0.0005035073274262397	-0.0005035073274262398	0.0005036308350728003	0.0010068911137796333	-0.0005035072939999543	0.9994959002608471	-0.0005029149156995533	0.0002405172719789751
0.0010070140562075274	0.002014028112415055	-0.0010070140562075274	-0.0010070140562075274	-0.0010070140562075274	0.0010070140562075274	0.002014028112415055	-0.0010070140562075274	-0.0010070140562075274	-0.0010070140562075277	0.0010072610714265337	0.0020137810303434973	-0.0010070139893549768	-0.0010058292513177626	0.9989918011389028	0.00048103425371541215
-0.0005034462365003991	-0.001006892473000798	0.0005034462365003991	0.0005034462365003991	0.000503446236500399	-0.000503446236500399	-0.001006892473000798	0.0005034462365003991	0.0005034462365003991	0.0005034462365003991	-0.03236765452643265	0.030866071718978042	0.000494690334453799	0.0005046115287256158	0.0005022809442751827	0.9675274525551387