0.9981603755661183	-0.003679248867763905	0.0018396244338819536	0.0018396244338819534	0.0018396244338819536	-0.0018396244338819536	-0.003679248867763906	0.0018396244338819534	0.0018396244338819534	0.0018396244338819536	-0.0018521678579357258	-0.003666703434264934	0.001839622424436753	0.0018396256787098174	0.0018396231890540897	-0.0006612458831131243
-0.007358497735527816	0.9852830045289434	0.0073584977355278134	0.007358497735527814	0.007358497735527815	-0.007358497735527816	-0.014716995471055625	0.007358497735527814	0.007358497735527814	0.007358497735527815	-0.007408671431742901	-0.014666813737059735	0.007358489697747011	0.007358502714839268	0.007358492756216358	-0.002644983532452496
0.0036792488677639067	0.007358497735527812	0.9963207511322363	-0.0036792488677639067	-0.0036792488677639067	0.003679248867763907	0.007358497735527813	-0.003679248867763907	-0.0036792488677639067	-0.003679248867763907	0.003704335715871451	0.00733340686852987	-0.0036792448488735057	-0.003679251357419634	-0.00367924637810818	0.0013224917662262479
0.005518873301645861	0.011037746603291721	-0.005518873301645859	0.9944811266983543	-0.005518873301645861	0.0055188733016458625	0.011037746603291721	-0.005518873301645859	-0.00551887330164586	-0.005518873301645861	0.005556503573807175	0.011000110302794805	-0.00551886727331026	-0.005518877036129449	-0.005518869567162271	0.001983737649339371
0.011037746603291721	0.02207549320658344	-0.011037746603291718	-0.011037746603291721	0.9889622533967085	0.011037746603291727	0.022075493206583443	-0.011037746603291721	-0.011037746603291721	-0.011037746603291721	0.011113007147614356	0.02200022060558961	-0.011037734546620517	-0.011037754072258902	-0.011037739134324539	0.003967475298678744
-0.0018396244338819534	-0.003679248867763906	0.0018396244338819534	0.0018396244338819534	0.001839624433881953	0.9981603755661185	-0.003679248867763906	0.0018396244338819534	0.0018396244338819534	0.0018396244338819534	-0.0018521678579357255	-0.0036667034342649342	0.0018396224244367535	0.0018396256787098174	0.0018396231890540904	-0.000661245883113124
-0.0073584977355278134	-0.014716995471055622	0.007358497735527813	0.0073584977355278134	0.007358497735527811	-0.007358497735527814	0.9852830045289439	0.007358497735527813	0.007358497735527812	0.007358497735527812	-0.0074086714317429	-0.014666813737059732	0.0073584896977470105	0.007358502714839267	0.007358492756216357	-0.002644983532452495
0.0036792488677639076	0.007358497735527813	-0.003679248867763907	-0.0036792488677639076	-0.0036792488677639067	0.0036792488677639085	0.007358497735527812	0.9963207511322363	-0.0036792488677639067	-0.0036792488677639067	0.0037043357158714507	0.007333406868529868	-0.003679244848873506	-0.0036792513574196344	-0.00367924637810818	0.0013224917662262477
0.005518873301645862	0.011037746603291721	-0.00551887330164586	-0.005518873301645862	-0.005518873301645861	0.005518873301645863	0.01103774660329172	-0.00551887330164586	0.9944811266983542	-0.0055188733016458625	0.005556503573807176	0.011000110302794805	-0.00551886727331026	-0.00551887703612945	-0.0055188695671622694	0.001983737649339371
0.011037746603291725	0.022075493206583446	-0.011037746603291721	-0.011037746603291725	-0.011037746603291723	0.01103774660329173	0.022075493206583443	-0.011037746603291721	-0.011037746603291725	0.9889622533967087	0.011113007147614354	0.022000220605589604	-0.011037734546620515	-0.0110377540722589	-0.011037739134324539	0.003967475298678743
-0.0018326585527662464	-0.003665317105532492	0.0018326585527662462	0.0018326585527662462	0.001832658552766246	-0.0018326585527662467	-0.003665317105532491	0.001832658552766246	0.0018326585527662464	0.0018326585527662462	0.9625412762784372	0.0319500737884378	0.0018433328275919098	0.0018323765137279583	0.0018329405918045337	-0.03869877240723478
-0.006827259969285022	-0.013654519938570042	0.006827259969285022	0.0068272599692850225	0.006827259969285021	-0.0068272599692850225	-0.013654519938570038	0.006827259969285022	0.006827259969285022	0.006827259969285021	0.07890288781051596	0.900613584776345	0.006829007474569051	0.006826712397032045	0.006827807541537999	-0.0760566873434488
0.0036792487656265665	0.007358497531253131	-0.0036792487656265656	-0.0036792487656265665	-0.003679248765626565	0.003679248765626567	0.007358497531253129	-0.0036792487656265656	-0.0036792487656265665	-0.003679248765626565	0.0037258381880942368	0.007332013702012939	0.9963006456411458	-0.003679251399205305	-0.0036792461320478242	0.001303756187038442
0.005518910472746422	0.011037820945492842	-0.00551891047274642	-0.005518910472746422	-0.005518910472746422	0.005518910472746423	0.011037820945492839	-0.00551891047274642	-0.005518910472746422	-0.005518910472746422	0.005557191905333892	0.010999533325742905	-0.005518904285583955	0.9944746011831861	-0.005512422128679128	0.001977939569534722
0.011037746500831884	0.022075493001663764	-0.011037746500831882	-0.011037746500831886	-0.011037746500831884	0.011037746500831887	0.022075493001663768	-0.011037746500831884	-0.011037746500831886	-0.011037746500831884	0.011114309166364815	0.021998917961830598	-0.01103773412653165	-0.011024784905793329	0.9889492919041297	0.003955848718694407
-0.005477496685151952	-0.010954993370303902	0.005477496685151951	0.005477496685151953	0.005477496685151952	-0.0054774966851519535	-0.010954993370303902	0.005477496685151951	0.005477496685151953	0.005477496685151952	-0.21907596701564663	0.2027000845137843	0.00542088913155834	0.005488769770098493	0.005466223600205409	0.769777649844903