0.9994620725288768	-0.0010758549422470972	0.0005379274711235484	0.0005379274711235484	0.0005379274711235485	-0.0005379274711235485	-0.0010758549422470972	0.0005379274711235485	0.0005379274711235484	0.0005379274711235485	-0.0005388352069168871	-0.0010749469737945784	0.0005379272384643691	0.0005379275128615878	0.0005379274293855091	-0.0002377327997236819
-0.0021517098844941935	0.9956965802310117	0.002151709884494193	0.002151709884494193	0.0021517098844941935	-0.002151709884494193	-0.004303419768988388	0.002151709884494193	0.002151709884494193	0.0021517098844941935	-0.002155340827667548	-0.0042997878951783145	0.002151708953857476	0.0021517100514463513	0.002151709717542037	-0.0009509311988947275
0.0010758549422470968	0.0021517098844941935	0.9989241450577528	-0.0010758549422470968	-0.001075854942247097	0.0010758549422470968	0.0021517098844941944	-0.0010758549422470968	-0.0010758549422470968	-0.0010758549422470968	0.0010776704138337747	0.0021498939475891577	-0.0010758544769287376	-0.001075855025723176	-0.001075854858771018	0.0004754655994473638
0.0016137824133706463	0.0032275648267412927	-0.0016137824133706468	0.9983862175866293	-0.0016137824133706461	0.0016137824133706461	0.003227564826741292	-0.0016137824133706461	-0.0016137824133706461	-0.0016137824133706461	0.001616505620750662	0.003224840921383736	-0.0016137817153931068	-0.0016137825385847636	-0.0016137822881565277	0.0007131983991710458
0.0032275648267412922	0.0064551296534825844	-0.0032275648267412927	-0.0032275648267412927	0.996772435173259	0.003227564826741293	0.006455129653482585	-0.003227564826741293	-0.0032275648267412927	-0.0032275648267412922	0.0032330112415013246	0.006449681842767474	-0.003227563430786215	-0.003227565077169529	-0.0032275645763130555	0.0014263967983420922
-0.0005379274711235485	-0.001075854942247097	0.0005379274711235485	0.0005379274711235484	0.0005379274711235485	0.9994620725288765	-0.001075854942247097	0.0005379274711235484	0.0005379274711235483	0.0005379274711235484	-0.0005388352069168871	-0.0010749469737945786	0.0005379272384643689	0.000537927512861588	0.0005379274293855091	-0.00023773279972368194
-0.002151709884494194	-0.004303419768988388	0.0021517098844941935	0.0021517098844941935	0.0021517098844941935	-0.0021517098844941944	0.9956965802310115	0.0021517098844941935	0.0021517098844941935	0.0021517098844941935	-0.002155340827667549	-0.0042997878951783145	0.002151708953857476	0.002151710051446352	0.0021517097175420374	-0.0009509311988947279
0.0010758549422470965	0.002151709884494193	-0.0010758549422470965	-0.0010758549422470963	-0.0010758549422470965	0.0010758549422470968	0.0021517098844941935	0.9989241450577528	-0.0010758549422470965	-0.0010758549422470965	0.0010776704138337745	0.0021498939475891564	-0.001075854476928738	-0.0010758550257231759	-0.001075854858771018	0.0004754655994473638
0.0016137824133706465	0.0032275648267412927	-0.0016137824133706468	-0.0016137824133706468	-0.0016137824133706468	0.0016137824133706468	0.003227564826741293	-0.0016137824133706465	0.9983862175866294	-0.0016137824133706461	0.001616505620750662	0.0032248409213837368	-0.0016137817153931073	-0.0016137825385847645	-0.0016137822881565273	0.0007131983991710458
0.0032275648267412922	0.0064551296534825844	-0.0032275648267412927	-0.0032275648267412927	-0.0032275648267412927	0.0032275648267412927	0.006455129653482585	-0.0032275648267412922	-0.0032275648267412922	0.9967724351732586	0.003233011241501324	0.006449681842767473	-0.0032275634307862146	-0.003227565077169529	-0.0032275645763130546	0.001426396798342092
-0.0005376422098848374	-0.0010752844197696749	0.0005376422098848374	0.0005376422098848374	0.0005376422098848376	-0.0005376422098848376	-0.001075284419769675	0.0005376422098848374	0.0005376422098848376	0.0005376422098848374	0.9847935328336872	0.013589252620855282	0.0005419301256878942	0.0005376117049052689	0.000537672714864406	-0.015363346931520064
-0.0020982576258314926	-0.004196515251662985	0.002098257625831493	0.0020982576258314926	0.0020982576258314926	-0.0020982576258314926	-0.004196515251662985	0.0020982576258314926	0.002098257625831493	0.0020982576258314926	0.029974753152790926	0.9637300563705261	0.0020986752250200767	0.0020981973522091243	0.0020983178994538635	-0.030711796389684944
0.001075854939380888	0.0021517098787617755	-0.0010758549393808877	-0.0010758549393808877	-0.001075854939380888	0.001075854939380888	0.002151709878761776	-0.0010758549393808877	-0.0010758549393808877	-0.0010758549393808875	0.00108624919664829	0.002149590396519217	0.9989158702855943	-0.0010758550391893166	-0.0010758548395724589	0.0004674998623545268
0.0016137855106057094	0.0032275710212114187	-0.0016137855106057094	-0.0016137855106057096	-0.0016137855106057094	0.0016137855106057094	0.0032275710212114187	-0.0016137855106057094	-0.0016137855106057094	-0.0016137855106057091	0.0016165899323756483	0.003224765879999547	-0.0016137847911637765	0.998384316113744	-0.001611887134955111	0.0007113844281453391
0.0032275648252837307	0.006455129650567461	-0.0032275648252837303	-0.0032275648252837307	-0.0032275648252837307	0.003227564825283731	0.006455129650567462	-0.003227564825283731	-0.0032275648252837307	-0.0032275648252837303	0.0032331736636700453	0.006449519373298586	-0.003227563386401169	-0.0032237685888096895	0.9967686389382422	0.001422766000693376
-0.0016121142226043674	-0.003224228445208734	0.001612114222604367	0.001612114222604367	0.001612114222604367	-0.0016121142226043674	-0.003224228445208735	0.0016121142226043674	0.0016121142226043674	0.001612114222604367	-0.08957289061184838	0.08476047172036291	0.0015881904462767642	0.0016157275538951684	0.001608500891313567	0.9085290946461638