0.9986489271438193	-0.002702145712361444	0.0013510728561807223	0.001351072856180722	0.001351072856180722	-0.001351072856180722	-0.0027021457123614433	0.0013510728561807218	0.0013510728561807216	0.0013510728561807216	-0.001358455624406201	-0.002694761399252512	0.0013510713112972704	0.0013510733965347778	0.001351072315826667	-0.0005210790720088388
-0.005404291424722887	0.9891914171505541	0.0054042914247228865	0.0054042914247228865	0.005404291424722887	-0.005404291424722887	-0.010808582849445773	0.005404291424722887	0.0054042914247228865	0.005404291424722887	-0.005433822497624806	-0.010779045597010052	0.005404285245189081	0.005404293586139108	0.005404289263306665	-0.0020843162880353552
0.0027021457123614433	0.005404291424722886	0.9972978542876386	-0.0027021457123614437	-0.0027021457123614437	0.0027021457123614437	0.005404291424722886	-0.0027021457123614433	-0.0027021457123614433	-0.0027021457123614437	0.0027169112488124036	0.005389522798505026	-0.0027021426225945417	-0.0027021467930695552	-0.0027021446316533326	0.0010421581440176776
0.004053218568542164	0.008106437137084328	-0.004053218568542164	0.9959467814314582	-0.004053218568542164	0.0040532185685421655	0.008106437137084328	-0.004053218568542165	-0.0040532185685421655	-0.004053218568542164	0.004075366873218601	0.008084284197757537	-0.004053213933891811	-0.004053220189604334	-0.004053216947479999	0.0015632372160265166
0.008106437137084328	0.016212874274168655	-0.008106437137084328	-0.00810643713708433	0.9918935628629154	0.008106437137084333	0.016212874274168662	-0.008106437137084331	-0.008106437137084333	-0.008106437137084331	0.008150733746437207	0.01616856839551508	-0.00810642786778362	-0.008106440379208667	-0.008106433894960002	0.003126474432053034
-0.0013510728561807225	-0.0027021457123614446	0.0013510728561807223	0.0013510728561807223	0.0013510728561807227	0.9986489271438194	-0.0027021457123614433	0.0013510728561807218	0.0013510728561807218	0.0013510728561807218	-0.0013584556244062018	-0.0026947613992525134	0.0013510713112972706	0.001351073396534778	0.0013510723158266667	-0.000521079072008839
-0.0054042914247228865	-0.01080858284944577	0.005404291424722885	0.005404291424722886	0.0054042914247228865	-0.005404291424722886	0.9891914171505538	0.005404291424722884	0.005404291424722883	0.005404291424722884	-0.005433822497624805	-0.010779045597010048	0.005404285245189079	0.005404293586139109	0.005404289263306664	-0.002084316288035355
0.002702145712361444	0.0054042914247228865	-0.0027021457123614437	-0.0027021457123614437	-0.002702145712361444	0.0027021457123614437	0.005404291424722886	0.9972978542876384	-0.002702145712361443	-0.0027021457123614433	0.0027169112488124028	0.005389522798505027	-0.0027021426225945413	-0.002702146793069555	-0.002702144631653333	0.0010421581440176778
0.004053218568542164	0.008106437137084328	-0.004053218568542164	-0.004053218568542165	-0.004053218568542165	0.004053218568542165	0.008106437137084328	-0.004053218568542165	0.995946781431458	-0.0040532185685421655	0.004075366873218603	0.008084284197757538	-0.004053213933891809	-0.004053220189604334	-0.004053216947479999	0.0015632372160265164
0.008106437137084326	0.01621287427416865	-0.008106437137084326	-0.008106437137084328	-0.008106437137084328	0.008106437137084328	0.01621287427416865	-0.008106437137084328	-0.008106437137084333	0.991893562862915	0.008150733746437207	0.016168568395515073	-0.008106427867783615	-0.008106440379208666	-0.00810643389496	0.003126474432053033
-0.0013478487123746504	-0.0026956974247493008	0.0013478487123746504	0.0013478487123746504	0.0013478487123746506	-0.0013478487123746504	-0.0026956974247493008	0.0013478487123746504	0.0013478487123746502	0.0013478487123746502	0.969647231601711	0.02630047115923882	0.0013565998143007176	0.0013476845293867378	0.0013480128953625636	-0.0312440648401319
-0.00510329171758853	-0.010206583435177058	0.005103291717588529	0.00510329171758853	0.005103291717588531	-0.00510329171758853	-0.010206583435177058	0.00510329171758853	0.0051032917175885305	0.0051032917175885305	0.0632150868049949	0.921473644436819	0.005104685323009056	0.00510297131690538	0.005103612118271685	-0.061660740555739744
0.0027021456597286636	0.005404291319457326	-0.002702145659728663	-0.0027021456597286636	-0.0027021456597286636	0.0027021456597286636	0.005404291319457326	-0.0027021456597286636	-0.0027021456597286636	-0.0027021456597286636	0.0027344668494232224	0.005388467437021225	0.997281357033013	-0.002702146825452626	-0.0027021444940047022	0.0010267329009904411
0.004053238422842805	0.008106476845685611	-0.004053238422842806	-0.004053238422842806	-0.004053238422842806	0.004053238422842806	0.00810647684568561	-0.004053238422842806	-0.0040532384228428074	-0.004053238422842806	0.004075779696617783	0.008083930838771885	-0.004053233689704057	0.9959419952280748	-0.00404847207375984	0.0015588865274193627
0.008106437099865443	0.016212874199730883	-0.008106437099865442	-0.008106437099865445	-0.008106437099865445	0.008106437099865442	0.016212874199730883	-0.008106437099865443	-0.008106437099865445	-0.008106437099865445	0.008151519552898502	0.016167782280438688	-0.008106427633606299	-0.008096910971059891	0.9918840367713289	0.0031177561555325766
-0.004034112931131484	-0.008068225862262966	0.004034112931131484	0.004034112931131484	0.004034112931131484	-0.004034112931131483	-0.008068225862262964	0.004034112931131483	0.004034112931131484	0.004034112931131483	-0.17794295943471444	0.1658871132828021	0.0039876202896494154	0.004042655577764933	0.004025570284498035	0.8140887363374641