0.9987682648170074	-0.0024634703659846204	0.0012317351829923098	0.0012317351829923098	0.0012317351829923098	-0.0012317351829923098	-0.002463470365984619	0.0012317351829923095	0.0012317351829923095	0.0012317351829923098	-0.001237895770697739	-0.002457308433597336	0.0012317338383104556	0.0012317356029269693	0.0012317347630576494	-0.00048368012957110206
-0.004926940731969239	0.9901461185360616	0.004926940731969239	0.00492694073196924	0.00492694073196924	-0.00492694073196924	-0.009853881463938478	0.00492694073196924	0.00492694073196924	0.004926940731969241	-0.004951583082790955	-0.009829233734389342	0.004926935353241822	0.004926942411707878	0.004926939052230596	-0.0019347205182844074
0.00246347036598462	0.00492694073196924	0.997536529634015	-0.00246347036598462	-0.00246347036598462	0.00246347036598462	0.00492694073196924	-0.00246347036598462	-0.0024634703659846195	-0.00246347036598462	0.0024757915413954773	0.004914616867194673	-0.002463467676620911	-0.0024634712058539394	-0.002463469526115299	0.0009673602591422037
0.00369520554897693	0.00739041109795386	-0.003695205548976929	0.9963047944510228	-0.003695205548976929	0.003695205548976928	0.007390411097953856	-0.0036952055489769286	-0.0036952055489769277	-0.0036952055489769295	0.0037136873120932187	0.007371925300792004	-0.003695201514931367	-0.0036952068087809068	-0.003695204289172949	0.001451040388713307
0.007390411097953858	0.014780822195907716	-0.007390411097953856	-0.007390411097953856	0.9926095889020462	0.007390411097953856	0.014780822195907713	-0.007390411097953857	-0.007390411097953855	-0.007390411097953857	0.0074273746241864365	0.01474385060158401	-0.007390403029862733	-0.0073904136175618135	-0.007390408578345899	0.002902080777426614
-0.0012317351829923098	-0.002463470365984619	0.0012317351829923095	0.0012317351829923098	0.0012317351829923098	0.9987682648170073	-0.002463470365984619	0.0012317351829923098	0.0012317351829923095	0.00123173518299231	-0.0012378957706977393	-0.0024573084335973356	0.0012317338383104554	0.0012317356029269697	0.0012317347630576496	-0.0004836801295711018
-0.004926940731969241	-0.00985388146393848	0.00492694073196924	0.004926940731969241	0.004926940731969241	-0.00492694073196924	0.9901461185360613	0.004926940731969239	0.004926940731969239	0.00492694073196924	-0.004951583082790956	-0.009829233734389342	0.0049269353532418216	0.004926942411707878	0.004926939052230597	-0.0019347205182844076
0.002463470365984619	0.004926940731969237	-0.0024634703659846186	-0.0024634703659846186	-0.0024634703659846186	0.002463470365984618	0.004926940731969238	0.9975365296340153	-0.002463470365984619	-0.0024634703659846195	0.002475791541395478	0.00491461686719467	-0.0024634676766209108	-0.002463471205853939	-0.002463469526115299	0.0009673602591422039
0.0036952055489769286	0.007390411097953857	-0.0036952055489769277	-0.0036952055489769273	-0.0036952055489769286	0.0036952055489769277	0.007390411097953856	-0.0036952055489769286	0.9963047944510226	-0.0036952055489769286	0.003713687312093218	0.0073719253007920055	-0.003695201514931367	-0.0036952068087809068	-0.0036952042891729505	0.001451040388713307
0.007390411097953858	0.014780822195907718	-0.007390411097953856	-0.007390411097953856	-0.007390411097953858	0.007390411097953856	0.014780822195907714	-0.007390411097953858	-0.007390411097953856	0.9926095889020465	0.007427374624186436	0.01474385060158401	-0.007390403029862734	-0.0073904136175618135	-0.007390408578345901	0.0029020807774266127
-0.0012291853487662438	-0.0024583706975324876	0.0012291853487662438	0.001229185348766244	0.0012291853487662442	-0.0012291853487662438	-0.002458370697532488	0.0012291853487662438	0.0012291853487662438	0.0012291853487662438	0.9715455425285425	0.024758695556511025	0.0012373912174139883	0.0012290460594382544	0.0012293246380942337	-0.02924253179181563
-0.004673259714088387	-0.009346519428176776	0.004673259714088387	0.004673259714088388	0.00467325971408839	-0.004673259714088388	-0.009346519428176778	0.004673259714088389	0.004673259714088389	0.004673259714088389	0.05897727937715711	0.9270016700835007	0.0046745311111651994	0.004672987488297859	0.004673531939878916	-0.05778877325952017
0.0024634703248593475	0.004926940649718695	-0.002463470324859347	-0.0024634703248593475	-0.0024634703248593483	0.0024634703248593475	0.004926940649718697	-0.002463470324859348	-0.0024634703248593475	-0.0024634703248593475	0.002492242415072398	0.004913662274305435	0.9975210359603405	-0.00246347123715163	-0.0024634694125670645	0.0009528397005911229
0.0036952220116995772	0.007390444023399156	-0.0036952220116995772	-0.003695222011699577	-0.0036952220116995777	0.0036952220116995764	0.0073904440233991545	-0.0036952220116995777	-0.0036952220116995764	-0.0036952220116995772	0.0037140410351972834	0.007371620880726125	-0.003695217892524255	0.9963004324165508	-0.0036908764399499676	0.0014470510548701488
0.00739041107067259	0.014780822141345181	-0.00739041107067259	-0.00739041107067259	-0.007390411070672592	0.00739041107067259	0.014780822141345185	-0.007390411070672592	-0.0073904110706725906	-0.007390411070672592	0.007428049044484323	0.014743175929197877	-0.007390402832337026	-0.007381725037446737	0.9926009028961011	0.002894087953260534
-0.003680108658533645	-0.00736021731706729	0.003680108658533645	0.0036801086585336444	0.0036801086585336457	-0.0036801086585336444	-0.007360217317067291	0.0036801086585336457	0.003680108658533645	0.003680108658533645	-0.1669207508867655	0.15592416550796445	0.0036363680617336764	0.003687960211311854	0.0036722571057554343	0.8259865979278489