0.9992019887141438	-0.001596022571713203	0.0007980112858566018	0.0007980112858566019	0.0007980112858566014	-0.0007980112858566018	-0.001596022571713203	0.0007980112858566017	0.0007980112858566019	0.0007980112858566016	-0.0008003967776805019	-0.001593636497007824	0.0007980107029751227	0.0007980114125480367	0.0007980111591651666	-0.0003362017393773318
-0.003192045143426408	0.9936159097131473	0.0031920451434264067	0.003192045143426407	0.0031920451434264054	-0.003192045143426407	-0.006384090286852813	0.003192045143426407	0.003192045143426408	0.003192045143426407	-0.003201587110722007	-0.006374545988031299	0.0031920428119004913	0.0031920456501921468	0.0031920446366606662	-0.0013448069575093266
0.0015960225717132036	0.003192045143426406	0.9984039774282868	-0.001596022571713204	-0.0015960225717132027	0.0015960225717132036	0.0031920451434264063	-0.0015960225717132036	-0.0015960225717132038	-0.0015960225717132031	0.0016007935553610036	0.003187272994015649	-0.0015960214059502456	-0.0015960228250960736	-0.0015960223183303331	0.0006724034787546639
0.002394033857569804	0.004788067715139607	-0.0023940338575698045	0.9976059661424305	-0.0023940338575698036	0.002394033857569804	0.0047880677151396055	-0.002394033857569804	-0.0023940338575698054	-0.002394033857569805	0.0024011903330415064	0.004780909491023474	-0.002394032108925367	-0.002394034237644112	-0.0023940334774955	0.0010086052181319956
0.004788067715139609	0.009576135430279216	-0.00478806771513961	-0.004788067715139609	0.9952119322848598	0.004788067715139608	0.009576135430279211	-0.004788067715139608	-0.004788067715139611	-0.00478806771513961	0.004802380666083012	0.009561818982046949	-0.004788064217850733	-0.0047880684752882215	-0.004788066954990998	0.002017210436263991
-0.0007980112858566018	-0.0015960225717132031	0.0007980112858566017	0.0007980112858566018	0.0007980112858566015	0.9992019887141431	-0.001596022571713203	0.0007980112858566017	0.0007980112858566018	0.0007980112858566016	-0.0008003967776805021	-0.0015936364970078247	0.0007980107029751227	0.000798011412548037	0.0007980111591651667	-0.00033620173937733193
-0.003192045143426407	-0.006384090286852813	0.0031920451434264067	0.003192045143426407	0.003192045143426406	-0.0031920451434264067	0.9936159097131472	0.0031920451434264063	0.003192045143426407	0.0031920451434264063	-0.003201587110722008	-0.006374545988031297	0.0031920428119004913	0.0031920456501921468	0.0031920446366606662	-0.001344806957509327
0.0015960225717132031	0.0031920451434264054	-0.001596022571713203	-0.0015960225717132031	-0.0015960225717132025	0.001596022571713203	0.003192045143426405	0.9984039774282866	-0.0015960225717132034	-0.001596022571713203	0.0016007935553610038	0.0031872729940156472	-0.0015960214059502452	-0.0015960228250960732	-0.001596022318330333	0.0006724034787546638
0.0023940338575698062	0.004788067715139612	-0.0023940338575698067	-0.0023940338575698062	-0.002394033857569806	0.0023940338575698067	0.004788067715139611	-0.002394033857569806	0.9976059661424305	-0.0023940338575698062	0.002401190333041507	0.0047809094910234735	-0.0023940321089253682	-0.0023940342376441107	-0.0023940334774955	0.0010086052181319956
0.00478806771513961	0.009576135430279218	-0.004788067715139611	-0.00478806771513961	-0.004788067715139609	0.004788067715139611	0.009576135430279216	-0.004788067715139609	-0.004788067715139611	0.9952119322848604	0.004802380666083012	0.009561818982046947	-0.0047880642178507364	-0.0047880684752882215	-0.004788066954990999	0.0020172104362639917
-0.0007971863462020625	-0.0015943726924041249	0.0007971863462020624	0.0007971863462020625	0.0007971863462020622	-0.0007971863462020625	-0.0015943726924041249	0.0007971863462020624	0.0007971863462020625	0.0007971863462020623	0.9792716156937612	0.01833090079054433	0.0008031108232906408	0.0007971228727006626	0.000797249819703462	-0.021112180251746503
-0.00307919340542046	-0.006158386810840919	0.0030791934054204594	0.00307919340542046	0.003079193405420459	-0.0030791934054204594	-0.006158386810840917	0.0030791934054204585	0.00307919340542046	0.003079193405420459	0.04184675859143627	0.948914913183282	0.003079941414440649	0.0030790685656019094	0.003079318245239011	-0.04198825855410541
0.0015960225607268331	0.0031920451214536654	-0.0015960225607268327	-0.001596022560726833	-0.0015960225607268327	0.0015960225607268331	0.003192045121453665	-0.0015960225607268323	-0.001596022560726833	-0.0015960225607268323	0.0016126521836643355	0.003186724034268961	0.9983926689035204	-0.0015960228476820288	-0.0015960222737716385	0.0006616561539821426
0.002394040708739419	0.0047880814174788375	-0.002394040708739419	-0.002394040708739419	-0.0023940407087394188	0.0023940407087394196	0.004788081417478837	-0.0023940407087394188	-0.002394040708739419	-0.0023940407087394188	0.002401359255203121	0.004780761080313392	-0.002394038918037673	0.9976031433868338	-0.0023912248043125427	0.0010059590715256073
0.004788067709077002	0.009576135418154	-0.004788067709077002	-0.004788067709077001	-0.004788067709077001	0.004788067709077003	0.009576135418154	-0.004788067709077001	-0.004788067709077004	-0.004788067709077003	0.004802704782579089	0.009561494763253072	-0.004788064127678152	-0.0047824374508865656	0.9952063020327324	0.00201191200577621
-0.0023891750867030452	-0.00477835017340609	0.0023891750867030452	0.0023891750867030452	0.002389175086703045	-0.0023891750867030457	-0.00477835017340609	0.0023891750867030452	0.0023891750867030457	0.0023891750867030452	-0.12190168189705186	0.11476646714457912	0.002356864579066718	0.002394424882489049	0.002383925290917041	0.8743295096888586