0.9978814153259665	-0.0042371693480668	0.0021185846740333987	0.002118584674033399	0.0021185846740333987	-0.0021185846740333987	-0.004237169348066799	0.0021185846740333983	0.002118584674033398	0.0021185846740333983	-0.002133820216813513	-0.004221931975065689	0.002118582843812405	0.0021185864922341154	0.0021185828558326824	-0.000732271120207062
-0.008474338696133597	0.983051322607733	0.008474338696133597	0.0084743386961336	0.008474338696133597	-0.008474338696133595	-0.0169486773922672	0.008474338696133597	0.008474338696133597	0.008474338696133597	-0.008535280867254054	-0.01688772790026276	0.00847433137524962	0.00847434596893646	0.008474331423330735	-0.0029290844808282476
0.004237169348066797	0.008474338696133595	0.9957628306519328	-0.004237169348066798	-0.004237169348066797	0.004237169348066797	0.008474338696133598	-0.004237169348066796	-0.004237169348066796	-0.004237169348066796	0.004267640433627025	0.008443863950131381	-0.004237165687624809	-0.004237172984468232	-0.004237165711665367	0.0014645422404141234
0.006355754022100197	0.012711508044200397	-0.006355754022100196	0.9936442459778998	-0.006355754022100196	0.006355754022100197	0.012711508044200404	-0.006355754022100195	-0.006355754022100195	-0.006355754022100195	0.006401460650440542	0.01266579592519708	-0.006355748531437212	-0.006355759476702345	-0.006355748567498048	0.0021968133606211854
0.012711508044200393	0.02542301608840079	-0.012711508044200395	-0.012711508044200391	0.9872884919557993	0.01271150804420039	0.025423016088400797	-0.012711508044200386	-0.012711508044200388	-0.012711508044200388	0.012802921300881079	0.025331591850394145	-0.012711497062874425	-0.012711518953404688	-0.012711497134996096	0.004393626721242371
-0.002118584674033399	-0.0042371693480668	0.0021185846740333987	0.002118584674033399	0.0021185846740333983	0.997881415325966	-0.004237169348066799	0.0021185846740333983	0.0021185846740333983	0.002118584674033398	-0.0021338202168135127	-0.0042219319750656905	0.0021185828438124036	0.0021185864922341154	0.002118582855832683	-0.000732271120207062
-0.0084743386961336	-0.016948677392267204	0.0084743386961336	0.0084743386961336	0.008474338696133598	-0.008474338696133598	0.9830513226077333	0.008474338696133597	0.008474338696133595	0.008474338696133595	-0.008535280867254058	-0.016887727900262765	0.008474331375249623	0.008474345968936467	0.008474331423330735	-0.0029290844808282485
0.0042371693480667974	0.008474338696133598	-0.004237169348066797	-0.0042371693480667974	-0.004237169348066796	0.004237169348066796	0.008474338696133595	0.9957628306519326	-0.004237169348066795	-0.004237169348066795	0.004267640433627025	0.008443863950131377	-0.004237165687624807	-0.004237172984468232	-0.004237165711665365	0.0014645422404141236
0.006355754022100197	0.012711508044200397	-0.006355754022100197	-0.006355754022100196	-0.006355754022100195	0.006355754022100195	0.0127115080442004	-0.006355754022100197	0.9936442459778991	-0.006355754022100197	0.00640146065044054	0.012665795925197074	-0.006355748531437212	-0.006355759476702346	-0.006355748567498048	0.0021968133606211854
0.012711508044200391	0.02542301608840079	-0.012711508044200391	-0.01271150804420039	-0.012711508044200388	0.012711508044200388	0.025423016088400797	-0.012711508044200391	-0.012711508044200388	0.9872884919557994	0.012802921300881075	0.025331591850394148	-0.012711497062874423	-0.012711518953404692	-0.012711497134996096	0.0043936267212423726
-0.0021087221117089008	-0.004217444223417802	0.0021087221117089	0.0021087221117089008	0.0021087221117089003	-0.0021087221117089	-0.004217444223417802	0.0021087221117088994	0.0021087221117089	0.0021087221117089	0.9588226750163958	0.03483958109399791	0.0021202996661888744	0.002108362260295638	0.0021090819631221637	-0.04255566143375386
-0.007785963152945203	-0.01557192630589041	0.007785963152945201	0.007785963152945203	0.007785963152945201	-0.007785963152945203	-0.015571926305890415	0.007785963152945201	0.007785963152945199	0.007785963152945199	0.08689605947012351	0.8897442206903319	0.007787793533654264	0.007785266154535968	0.007786660151354436	-0.08350329176686319
0.004237169228744251	0.008474338457488503	-0.004237169228744249	-0.00423716922874425	-0.004237169228744248	0.004237169228744248	0.008474338457488502	-0.004237169228744247	-0.004237169228744247	-0.004237169228744247	0.004291046607221085	0.008442335704014318	0.9957409561462528	-0.00423717304750214	-0.004237165409986362	0.001444116826193241
0.00635580359994766	0.012711607199895322	-0.00635580359994766	-0.006355803599947659	-0.006355803599947658	0.0063558035999476585	0.012711607199895326	-0.00635580359994766	-0.0063558035999476585	-0.0063558035999476585	0.006402329729179552	0.012665075382914911	-0.006355797912199148	0.993636725368138	-0.006348332568032987	0.0021902102540795184
0.012711507882972711	0.02542301576594543	-0.01271150788297271	-0.01271150788297271	-0.012711507882972707	0.01271150788297271	0.02542301576594544	-0.012711507882972711	-0.01271150788297271	-0.012711507882972707	0.012804559881788415	0.02532995239164772	-0.012711496507490712	-0.012696587841536825	0.9872735720755911	0.004380380793843815
-0.006297119126644374	-0.01259423825328875	0.006297119126644374	0.006297119126644374	0.0062971191266443715	-0.006297119126644372	-0.012594238253288753	0.006297119126644374	0.006297119126644371	0.006297119126644372	-0.24053195160995386	0.22170239447137347	0.0062353188852917185	0.006309885500586581	0.006284352752702165	0.7468476268014989