0.9975350454941705	-0.004929909011658201	0.002464954505829099	0.002464954505829101	0.002464954505829101	-0.0024649545058291005	-0.004929909011658203	0.0024649545058290996	0.002464954505829102	0.0024649545058291014	-0.002482911517827505	-0.004911951060785246	0.0024649535669545464	0.0024649572321270505	0.0024649517795311496	-0.0008114088970263512
-0.009859818023316404	0.9802803639533677	0.009859818023316395	0.009859818023316402	0.009859818023316402	-0.0098598180233164	-0.019719636046632807	0.009859818023316397	0.009859818023316405	0.009859818023316404	-0.009931646071310024	-0.01964780424314098	0.009859814267818187	0.009859828928508209	0.009859807118124602	-0.003245635588105405
0.0049299090116582	0.009859818023316404	0.9950700909883414	-0.0049299090116582	-0.004929909011658199	0.004929909011658199	0.009859818023316404	-0.004929909011658198	-0.004929909011658202	-0.004929909011658201	0.004965823035655012	0.009823902121570492	-0.004929907133909094	-0.004929914464254103	-0.004929903559062299	0.0016228177940527016
0.007394863517487302	0.014789727034974606	-0.007394863517487302	0.9926051364825134	-0.007394863517487302	0.007394863517487301	0.014789727034974606	-0.0073948635174873	-0.007394863517487303	-0.007394863517487302	0.007448734553482518	0.014735853182355737	-0.007394860700863647	-0.007394871696381157	-0.007394855338593451	0.0024342266910790545
0.014789727034974593	0.029579454069949194	-0.014789727034974595	-0.014789727034974602	0.9852102729650257	0.014789727034974602	0.02957945406994921	-0.014789727034974597	-0.014789727034974604	-0.014789727034974602	0.014897469106965032	0.029471706364711463	-0.01478972140172729	-0.01478974339276231	-0.0147897106771869	0.004868453382158107
-0.0024649545058291	-0.004929909011658201	0.0024649545058291	0.002464954505829101	0.0024649545058291014	0.9975350454941708	-0.004929909011658202	0.002464954505829099	0.0024649545058291014	0.0024649545058291005	-0.002482911517827506	-0.004911951060785246	0.0024649535669545477	0.002464957232127052	0.002464951779531151	-0.0008114088970263514
-0.0098598180233164	-0.019719636046632804	0.0098598180233164	0.009859818023316404	0.009859818023316404	-0.009859818023316404	0.9802803639533677	0.009859818023316397	0.009859818023316405	0.009859818023316404	-0.009931646071310024	-0.019647804243140984	0.00985981426781819	0.009859828928508205	0.0098598071181246	-0.0032456355881054044
0.004929909011658197	0.009859818023316397	-0.004929909011658197	-0.004929909011658199	-0.0049299090116582	0.004929909011658199	0.009859818023316402	0.9950700909883413	-0.004929909011658201	-0.0049299090116582	0.004965823035655011	0.00982390212157049	-0.004929907133909096	-0.0049299144642541036	-0.004929903559062299	0.001622817794052702
0.007394863517487298	0.014789727034974599	-0.0073948635174872985	-0.007394863517487301	-0.007394863517487302	0.0073948635174873	0.014789727034974604	-0.0073948635174873	0.9926051364825133	-0.007394863517487302	0.007448734553482518	0.014735853182355735	-0.007394860700863645	-0.007394871696381156	-0.007394855338593449	0.0024342266910790536
0.014789727034974592	0.029579454069949187	-0.014789727034974592	-0.014789727034974597	-0.014789727034974599	0.014789727034974595	0.029579454069949197	-0.014789727034974595	-0.0147897270349746	0.9852102729650254	0.014897469106965029	0.029471706364711456	-0.014789721401727287	-0.014789743392762306	-0.014789710677186896	0.004868453382158106
-0.0024506438404267856	-0.004901287680853572	0.0024506438404267856	0.0024506438404267856	0.0024506438404267865	-0.0024506438404267856	-0.004901287680853573	0.0024506438404267856	0.002450643840426787	0.0024506438404267865	0.9544285488141413	0.03820698965013103	0.002463173854874052	0.0024501776764037225	0.00245111000444985	-0.047061300705762296
-0.008950698783268585	-0.017901397566537178	0.008950698783268585	0.00895069878326859	0.00895069878326859	-0.00895069878326859	-0.01790139756653718	0.008950698783268587	0.00895069878326859	0.008950698783268589	0.09609161007441233	0.8770544866168319	0.008952505742218323	0.008949798086483989	0.008951599480053186	-0.09220869389070718
0.004929908903264049	0.009859817806528098	-0.004929908903264048	-0.004929908903264051	-0.0049299089032640514	0.004929908903264051	0.009859817806528101	-0.004929908903264049	-0.0049299089032640514	-0.0049299089032640514	0.004991306659884743	0.00982226118520616	0.9950462499614369	-0.004929914590336053	-0.004929903216192053	0.0016004237628800605
0.0073949311058527055	0.014789862211705416	-0.007394931105852707	-0.00739493110585271	-0.007394931105852711	0.00739493110585271	0.014789862211705418	-0.007394931105852707	-0.00739493110585271	-0.007394931105852708	0.007449851705694163	0.014734938546857304	-0.007394928040846053	0.9925963784849812	-0.007386240696686218	0.0024266447412646525
0.014789726773460049	0.029579453546920105	-0.014789726773460049	-0.014789726773460054	-0.014789726773460056	0.014789726773460054	0.02957945354692011	-0.014789726773460049	-0.014789726773460056	-0.014789726773460054	0.014899567659429229	0.029469606530914055	-0.014789720643423187	-0.014772378943991596	0.9851929253970718	0.004853236748094996
-0.007309710677302835	-0.01461942135460567	0.007309710677302835	0.007309710677302838	0.007309710677302838	-0.007309710677302838	-0.014619421354605675	0.007309710677302835	0.007309710677302838	0.0073097106773028385	-0.26583748972835475	0.2439762337006811	0.007241834673067945	0.007324269683763991	0.007295151670841686	0.720049167196723