0.9981314041193755	-0.0037371917612499133	0.0018685958806249567	0.001868595880624957	0.001868595880624957	-0.0018685958806249567	-0.003737191761249912	0.0018685958806249562	0.0018685958806249567	0.0018685958806249567	-0.001881434034027377	-0.0037243515983899516	0.0018685938711674149	0.0018685971788510104	0.0018685945823989042	-0.0006689239879570537
-0.007474383522499826	0.9850512329550007	0.007474383522499824	0.007474383522499827	0.0074743835224998275	-0.007474383522499826	-0.014948767044999648	0.007474383522499825	0.007474383522499826	0.007474383522499827	-0.007525736136109501	-0.014897406393559801	0.007474375484669658	0.00747438871540404	0.007474378329595612	-0.0026756959518282127
0.0037371917612499138	0.0074743835224998275	0.9962628082387501	-0.003737191761249915	-0.0037371917612499146	0.0037371917612499146	0.007474383522499827	-0.0037371917612499138	-0.0037371917612499146	-0.003737191761249915	0.003762868068054754	0.007448703196779904	-0.00373718774233483	-0.003737194357702021	-0.0037371891647978075	0.0013378479759141068
0.005605787641874869	0.011211575283749739	-0.005605787641874871	0.9943942123581254	-0.00560578764187487	0.005605787641874871	0.011211575283749739	-0.00560578764187487	-0.005605787641874871	-0.00560578764187487	0.005644302102082133	0.011173054795169859	-0.005605781613502244	-0.005605791536553033	-0.005605783747196711	0.002006771963871161
0.01121157528374974	0.022423150567499484	-0.011211575283749744	-0.011211575283749746	0.9887884247162505	0.011211575283749742	0.02242315056749948	-0.011211575283749742	-0.011211575283749742	-0.011211575283749742	0.011288604204164263	0.022346109590339707	-0.011211563227004489	-0.011211583073106064	-0.01121156749439342	0.004013543927742323
-0.0018685958806249562	-0.0037371917612499116	0.0018685958806249564	0.0018685958806249567	0.0018685958806249564	0.9981314041193755	-0.0037371917612499124	0.0018685958806249564	0.0018685958806249567	0.0018685958806249569	-0.0018814340340273766	-0.003724351598389951	0.001868593871167414	0.00186859717885101	0.001868594582398903	-0.0006689239879570533
-0.007474383522499826	-0.014948767044999652	0.007474383522499826	0.0074743835224998275	0.007474383522499827	-0.0074743835224998275	0.9850512329550002	0.007474383522499825	0.007474383522499826	0.007474383522499827	-0.007525736136109505	-0.014897406393559805	0.007474375484669657	0.007474388715404041	0.007474378329595613	-0.0026756959518282135
0.003737191761249913	0.007474383522499826	-0.0037371917612499133	-0.0037371917612499138	-0.0037371917612499133	0.0037371917612499138	0.007474383522499826	0.9962628082387499	-0.003737191761249914	-0.003737191761249915	0.003762868068054753	0.007448703196779904	-0.003737187742334829	-0.0037371943577020205	-0.0037371891647978083	0.0013378479759141068
0.005605787641874869	0.01121157528374974	-0.005605787641874871	-0.005605787641874872	-0.005605787641874871	0.005605787641874871	0.011211575283749744	-0.005605787641874871	0.9943942123581253	-0.00560578764187487	0.00564430210208213	0.011173054795169857	-0.005605781613502244	-0.00560579153655303	-0.005605783747196709	0.002006771963871161
0.01121157528374974	0.022423150567499484	-0.011211575283749744	-0.011211575283749746	-0.011211575283749744	0.011211575283749744	0.02242315056749949	-0.011211575283749744	-0.011211575283749747	0.9887884247162505	0.011288604204164259	0.022346109590339707	-0.01121156322700449	-0.011211583073106065	-0.01121156749439342	0.004013543927742323
-0.0018613560181631851	-0.00372271203632637	0.0018613560181631854	0.0018613560181631854	0.0018613560181631851	-0.0018613560181631858	-0.00372271203632637	0.001861356018163185	0.001861356018163186	0.0018613560181631856	0.9621458515518228	0.032259306199089316	0.0018721302127614426	0.0018610662371050168	0.0018616457992213533	-0.039110663383285664
-0.006927686140138626	-0.01385537228027725	0.006927686140138629	0.006927686140138628	0.006927686140138628	-0.006927686140138629	-0.01385537228027725	0.006927686140138627	0.006927686140138632	0.006927686140138632	0.07976148661395738	0.8994536946601782	0.006929446445587378	0.006927123684546592	0.006928248595730667	-0.0768517750219922
0.003737191656656129	0.0074743833133122575	-0.0037371916566561296	-0.00373719165665613	-0.003737191656656129	0.00373719165665613	0.0074743833133122575	-0.003737191656656129	-0.003737191656656131	-0.0037371916566561305	0.003784578939090544	0.00744729404860899	0.996242510325613	-0.0037371944008687034	-0.0037371889124435567	0.0013189314619664215
0.005605826015382473	0.011211652030764945	-0.0056058260153824735	-0.0056058260153824735	-0.0056058260153824735	0.0056058260153824735	0.011211652030764947	-0.0056058260153824735	-0.005605826015382475	-0.0056058260153824735	0.0056450084185149865	0.011172463436585765	-0.005605819824335805	0.9943875835615701	-0.005599235592335402	0.0020008895747332237
0.011211575175993214	0.02242315035198643	-0.011211575175993216	-0.011211575175993216	-0.011211575175993216	0.011211575175993216	0.022423150351986432	-0.011211575175993216	-0.01121157517599322	-0.011211575175993218	0.01128993977608883	0.02234477336982182	-0.011211562793924212	-0.011198410068549198	0.9887752597165632	0.0040017478154542535
-0.005562779138708725	-0.01112555827741745	0.005562779138708727	0.005562779138708727	0.005562779138708727	-0.005562779138708727	-0.01112555827741745	0.005562779138708727	0.005562779138708728	0.005562779138708728	-0.22135955983169303	0.2047283849840813	0.005505616570194333	0.005574209443804993	0.0055513488336124605	0.7673291499993885