0.9982436547844566	-0.0035126904310861335	0.0017563452155430668	0.0017563452155430672	0.0017563452155430668	-0.0017563452155430668	-0.0035126904310861335	0.0017563452155430668	0.001756345215543067	0.0017563452155430668	-0.0017680273018019167	-0.003501006356310409	0.0017563432270261917	0.0017563463144904484	0.0017563441165956849	-0.0006387843214572953
-0.007025380862172268	0.9859492382756553	0.007025380862172267	0.007025380862172268	0.007025380862172267	-0.007025380862172268	-0.014050761724344532	0.007025380862172267	0.007025380862172268	0.007025380862172268	-0.007072109207207665	-0.014004025425241639	0.007025372908104769	0.007025385257961793	0.00702537646638274	-0.002555137285829181
0.003512690431086134	0.007025380862172268	0.9964873095689142	-0.0035126904310861353	-0.003512690431086134	0.003512690431086135	0.007025380862172268	-0.0035126904310861344	-0.003512690431086135	-0.0035126904310861344	0.003536054603603834	0.00700201271262082	-0.0035126864540523843	-0.0035126926289808973	-0.00351268823319137	0.0012775686429145911
0.0052690356466292	0.010538071293258398	-0.005269035646629201	0.9947309643533712	-0.005269035646629203	0.005269035646629204	0.010538071293258403	-0.005269035646629202	-0.005269035646629201	-0.005269035646629202	0.00530408190540575	0.010503019068931231	-0.005269029681078576	-0.005269038943471349	-0.0052690323497870594	0.001916352964371887
0.010538071293258405	0.021076142586516806	-0.010538071293258405	-0.010538071293258405	0.9894619287067415	0.010538071293258407	0.021076142586516806	-0.010538071293258401	-0.010538071293258401	-0.010538071293258401	0.0106081638108115	0.021006038137862462	-0.010538059362157156	-0.010538077886942694	-0.010538064699574117	0.003832705928743773
-0.001756345215543067	-0.003512690431086134	0.001756345215543067	0.0017563452155430672	0.001756345215543067	0.998243654784457	-0.003512690431086133	0.0017563452155430668	0.0017563452155430668	0.0017563452155430666	-0.0017680273018019163	-0.0035010063563104096	0.001756343227026192	0.0017563463144904476	0.0017563441165956849	-0.0006387843214572952
-0.007025380862172268	-0.014050761724344536	0.007025380862172268	0.007025380862172269	0.007025380862172268	-0.007025380862172268	0.9859492382756552	0.007025380862172268	0.007025380862172269	0.007025380862172268	-0.007072109207207665	-0.014004025425241639	0.007025372908104766	0.007025385257961795	0.0070253764663827396	-0.0025551372858291814
0.0035126904310861335	0.007025380862172267	-0.003512690431086134	-0.003512690431086135	-0.0035126904310861335	0.003512690431086134	0.007025380862172266	0.996487309568914	-0.003512690431086135	-0.0035126904310861344	0.0035360546036038317	0.007002012712620818	-0.003512686454052384	-0.003512692628980897	-0.00351268823319137	0.0012775686429145907
0.005269035646629204	0.010538071293258407	-0.005269035646629204	-0.005269035646629204	-0.005269035646629203	0.005269035646629203	0.010538071293258405	-0.0052690356466292025	0.9947309643533707	-0.005269035646629202	0.005304081905405751	0.010503019068931233	-0.005269029681078576	-0.005269038943471347	-0.005269032349787058	0.0019163529643718873
0.010538071293258403	0.021076142586516806	-0.010538071293258405	-0.010538071293258405	-0.010538071293258403	0.010538071293258403	0.0210761425865168	-0.0105380712932584	-0.0105380712932584	0.9894619287067414	0.010608163810811498	0.021006038137862455	-0.010538059362157152	-0.010538077886942694	-0.010538064699574115	0.003832705928743775
-0.0017501333419371605	-0.0035002666838743206	0.0017501333419371605	0.0017501333419371612	0.0017501333419371605	-0.0017501333419371605	-0.00350026668387432	0.00175013334193716	0.001750133341937161	0.00175013334193716	0.9636915938190432	0.031047627389288585	0.0017605121077936428	0.0017498731061518498	0.0017503935777224715	-0.03749839693936465
-0.006537466844279858	-0.013074933688559713	0.0065374668442798566	0.006537466844279861	0.0065374668442798566	-0.0065374668442798566	-0.013074933688559713	0.0065374668442798566	0.006537466844279862	0.0065374668442798566	0.07639454948481003	0.9039913445914434	0.00653917223518671	0.0065369612089226726	0.006537972479637044	-0.0737396367030102
0.0035126903365860066	0.007025380673172012	-0.003512690336586007	-0.003512690336586008	-0.003512690336586007	0.003512690336586007	0.007025380673172013	-0.003512690336586007	-0.003512690336586008	-0.003512690336586007	0.0035569432617523974	0.007000668047434121	0.9964677693639858	-0.0035126926675783507	-0.003512688005593664	0.0012593612448328073
0.005269069471699013	0.010538138943398025	-0.005269069471699013	-0.005269069471699013	-0.005269069471699012	0.005269069471699012	0.010538138943398022	-0.005269069471699012	-0.005269069471699012	-0.005269069471699012	0.005304719555465302	0.010502482746149157	-0.005269063358216442	0.9947247356384594	-0.005262874581857625	0.001910798156236924
0.010538071205057176	0.02107614241011435	-0.010538071205057177	-0.010538071205057176	-0.010538071205057174	0.010538071205057174	0.021076142410114348	-0.010538071205057174	-0.010538071205057176	-0.010538071205057174	0.010609371191806376	0.021004830196425132	-0.010538058978117161	-0.010525694754560245	0.9894495523444456	0.0038215684502572295
-0.005232149417179061	-0.01046429883435812	0.00523214941717906	0.005232149417179061	0.00523214941717906	-0.00523214941717906	-0.010464298834358118	0.005232149417179059	0.00523214941717906	0.005232149417179059	-0.21242987847276762	0.1967884189057742	0.005177160732635493	0.005242967740396427	0.005221331093961694	0.7769130656272517