0.9992272792196778	-0.0015454415606447522	0.0007727207803223757	0.000772720780322376	0.0007727207803223758	-0.0007727207803223758	-0.001545441560644752	0.0007727207803223758	0.0007727207803223758	0.0007727207803223757	-0.000774932258550964	-0.001543229539264446	0.0007727202371706588	0.0007727208961194706	0.0007727206645252805	-0.000326989912441784
-0.0030908831212895036	0.9938182337574214	0.003090883121289504	0.003090883121289505	0.003090883121289504	-0.003090883121289504	-0.006181766242579009	0.003090883121289504	0.0030908831212895036	0.0030908831212895036	-0.003099729034203856	-0.0061729181570577855	0.0030908809486826353	0.0030908835844778823	0.0030908826581011227	-0.0013079596497671366
0.0015454415606447512	0.0030908831212895027	0.9984545584393549	-0.0015454415606447518	-0.0015454415606447512	0.0015454415606447514	0.0030908831212895036	-0.0015454415606447514	-0.0015454415606447512	-0.0015454415606447512	0.0015498645171019274	0.0030864590785288915	-0.001545440474341317	-0.001545441792238941	-0.001545441329050561	0.0006539798248835677
0.0023181623409671255	0.004636324681934253	-0.0023181623409671255	0.9976818376590335	-0.002318162340967126	0.002318162340967127	0.0046363246819342546	-0.002318162340967127	-0.002318162340967127	-0.0023181623409671264	0.002324796775652893	0.004629688617793338	-0.002318160711511976	-0.002318162688358413	-0.002318161993575842	0.0009809697373253522
0.004636324681934251	0.009272649363868507	-0.004636324681934251	-0.004636324681934254	0.995363675318066	0.004636324681934254	0.00927264936386851	-0.004636324681934254	-0.004636324681934254	-0.004636324681934253	0.004649593551305786	0.00925937723558668	-0.004636321423023952	-0.004636325376716825	-0.004636323987151685	0.001961939474650704
-0.0007727207803223758	-0.001545441560644752	0.0007727207803223757	0.0007727207803223758	0.0007727207803223757	0.9992272792196778	-0.0015454415606447525	0.000772720780322376	0.0007727207803223761	0.0007727207803223759	-0.0007749322585509644	-0.0015432295392644462	0.0007727202371706588	0.0007727208961194707	0.0007727206645252806	-0.000326989912441784
-0.0030908831212895027	-0.006181766242579007	0.0030908831212895027	0.0030908831212895027	0.0030908831212895023	-0.0030908831212895027	0.9938182337574216	0.003090883121289503	0.0030908831212895036	0.0030908831212895027	-0.003099729034203856	-0.006172918157057784	0.0030908809486826358	0.0030908835844778823	0.0030908826581011223	-0.001307959649767136
0.001545441560644751	0.0030908831212895027	-0.001545441560644751	-0.001545441560644751	-0.0015454415606447507	0.001545441560644751	0.0030908831212895023	0.9984545584393555	-0.001545441560644751	-0.0015454415606447507	0.0015498645171019277	0.003086459078528891	-0.0015454404743413174	-0.001545441792238941	-0.001545441329050561	0.000653979824883568
0.002318162340967126	0.004636324681934254	-0.002318162340967126	-0.002318162340967127	-0.0023181623409671264	0.0023181623409671264	0.0046363246819342546	-0.0023181623409671264	0.9976818376590332	-0.002318162340967126	0.0023247967756528914	0.004629688617793337	-0.0023181607115119757	-0.002318162688358411	-0.002318161993575842	0.000980969737325352
0.004636324681934253	0.009272649363868509	-0.004636324681934253	-0.0046363246819342546	-0.004636324681934254	0.004636324681934254	0.00927264936386851	-0.004636324681934254	-0.004636324681934254	0.9953636753180658	0.004649593551305784	0.009259377235586678	-0.004636321423023953	-0.004636325376716823	-0.0046363239871516845	0.001961939474650704
-0.0007719634310786811	-0.0015439268621573624	0.000771963431078681	0.000771963431078681	0.0007719634310786809	-0.000771963431078681	-0.0015439268621573624	0.000771963431078681	0.0007719634310786809	0.0007719634310786807	0.9797732432027716	0.017905091369724558	0.0007777385653465645	0.0007719036064136835	0.0007720232557436787	-0.02058705852602654
-0.002984668630975334	-0.0059693372619506685	0.002984668630975334	0.002984668630975334	0.002984668630975333	-0.0029846686309753334	-0.005969337261950668	0.002984668630975333	0.0029846686309753334	0.0029846686309753325	0.040751349425918404	0.9502939292885039	0.002985384023627635	0.002984550918446273	0.0029847863435043935	-0.040962368039684144
0.0015454415507601162	0.003090883101520233	-0.001545441550760116	-0.0015454415507601164	-0.0015454415507601162	0.0015454415507601162	0.0030908831015202328	-0.001545441550760116	-0.001545441550760116	-0.0015454415507601157	0.0015614235432828594	0.0030859345954089667	0.9984435249628282	-0.001545441814031982	-0.0015454412874882503	0.0006434823979280898
0.0023181687615696817	0.004636337523139365	-0.0023181687615696812	-0.0023181687615696825	-0.002318168761569682	0.0023181687615696817	0.004636337523139365	-0.002318168761569682	-0.002318168761569682	-0.0023181687615696817	0.002324956517086562	0.004629548098312395	-0.002318167092259589	0.9976791045460517	-0.002315442069190469	0.0009784035310387875
0.0046363246765273175	0.009272649353054638	-0.0046363246765273175	-0.004636324676527319	-0.004636324676527319	0.004636324676527319	0.009272649353054638	-0.004636324676527319	-0.004636324676527319	-0.004636324676527319	0.004649900170068714	0.009259070520897278	-0.0046363213379113435	-0.0046308727098385355	0.9953582233567838	0.0019568012953756573
-0.002313703828636484	-0.00462740765727297	0.0023137038286364844	0.002313703828636485	0.002313703828636485	-0.002313703828636485	-0.0046274076572729705	0.002313703828636485	0.002313703828636485	0.002313703828636485	-0.11896994404841427	0.1120603884372748	0.00228214795386647	0.002318797193373085	0.002308610463899885	0.8774527973725361