0.9980879421892583	-0.003824115621483	0.0019120578107415002	0.0019120578107415	0.0019120578107415	-0.0019120578107414993	-0.003824115621482999	0.0019120578107415004	0.0019120578107415	0.0019120578107415004	-0.001925332525268143	-0.0038108389049801676	0.0019120558087653092	0.0019120591916846656	0.0019120564297983365	-0.0006803111115036295
-0.007648231242966001	0.9847035375140677	0.007648231242966001	0.007648231242966001	0.007648231242966001	-0.007648231242965998	-0.015296462485932	0.007648231242966003	0.007648231242966001	0.0076482312429660025	-0.007701330101072577	-0.015243355619920667	0.007648223235061243	0.007648236766738662	0.007648225719193349	-0.0027212444460145186
0.003824115621483001	0.007648231242966003	0.9961758843785168	-0.0038241156214830012	-0.003824115621483001	0.003824115621483	0.007648231242966001	-0.0038241156214830025	-0.0038241156214830012	-0.003824115621483002	0.0038506650505362883	0.007621677809960337	-0.0038241116175306207	-0.0038241183833693303	-0.0038241128595966735	0.0013606222230072593
0.005736173432224503	0.011472346864449007	-0.005736173432224503	0.9942638265677755	-0.005736173432224503	0.005736173432224503	0.011472346864449003	-0.005736173432224504	-0.005736173432224504	-0.005736173432224504	0.005775997575804433	0.011432516714940506	-0.005736167426295932	-0.005736177575053995	-0.0057361692893950125	0.002040933334510889
0.011472346864449003	0.022944693728898007	-0.011472346864449003	-0.011472346864449007	0.9885276531355507	0.011472346864449003	0.022944693728898003	-0.011472346864449005	-0.011472346864449005	-0.011472346864449007	0.011551995151608867	0.022865033429881006	-0.011472334852591862	-0.011472355150107992	-0.01147233857879002	0.004081866669021777
-0.0019120578107415004	-0.0038241156214830017	0.0019120578107415008	0.0019120578107415008	0.0019120578107415004	0.9980879421892582	-0.0038241156214830004	0.001912057810741501	0.0019120578107415004	0.001912057810741501	-0.0019253325252681435	-0.0038108389049801685	0.00191205580876531	0.0019120591916846653	0.001912056429798337	-0.0006803111115036295
-0.007648231242966001	-0.015296462485932005	0.0076482312429660025	0.0076482312429660025	0.007648231242966	-0.007648231242965998	0.9847035375140674	0.0076482312429660025	0.007648231242966	0.007648231242966002	-0.007701330101072572	-0.01524335561992067	0.0076482232350612404	0.0076482367667386605	0.0076482257191933445	-0.002721244446014518
0.003824115621483001	0.007648231242966003	-0.0038241156214830017	-0.0038241156214830017	-0.003824115621483001	0.003824115621483	0.007648231242966002	0.9961758843785172	-0.003824115621483001	-0.0038241156214830017	0.0038506650505362883	0.007621677809960336	-0.0038241116175306207	-0.0038241183833693307	-0.0038241128595966735	0.0013606222230072595
0.005736173432224502	0.011472346864449003	-0.005736173432224502	-0.005736173432224503	-0.005736173432224501	0.005736173432224502	0.011472346864449	-0.005736173432224501	0.9942638265677752	-0.005736173432224503	0.005775997575804433	0.011432516714940501	-0.005736167426295931	-0.005736177575053995	-0.005736169289395011	0.002040933334510889
0.011472346864449007	0.022944693728898014	-0.011472346864449007	-0.01147234686444901	-0.011472346864449005	0.011472346864449007	0.02294469372889801	-0.011472346864449005	-0.011472346864449007	0.9885276531355512	0.011551995151608868	0.02286503342988101	-0.011472334852591866	-0.011472355150107994	-0.011472338578790023	0.004081866669021779
-0.0019043954766066558	-0.003808790953213312	0.001904395476606656	0.0019043954766066566	0.001904395476606656	-0.0019043954766066553	-0.003808790953213312	0.0019043954766066558	0.0019043954766066562	0.0019043954766066566	0.9615569790639379	0.03271891314606588	0.0019153168367828715	0.0019040939312906565	0.0019046970219226554	-0.03972331839499053
-0.0070779672223366735	-0.01415593444467335	0.0070779672223366735	0.007077967222336673	0.0070779672223366735	-0.007077967222336672	-0.014155934444673347	0.0070779672223366735	0.007077967222336673	0.007077967222336676	0.0810364896353721	0.8977278309980392	0.007079744921914794	0.007077382158390781	0.007078552286282568	-0.07803445310450503
0.0038241155134388152	0.007648231026877634	-0.003824115513438816	-0.003824115513438817	-0.003824115513438817	0.0038241155134388152	0.007648231026877631	-0.003824115513438816	-0.0038241155134388157	-0.003824115513438817	0.0038726837260184555	0.007620245545787166	0.9961553017550722	-0.0038241184289105955	-0.003824112597967033	0.0013414368347993786
0.005736213646808703	0.011472427293617407	-0.005736213646808703	-0.005736213646808706	-0.005736213646808703	0.005736213646808703	0.011472427293617405	-0.005736213646808703	-0.0057362136468087025	-0.005736213646808705	0.0057767312144819645	0.011431903551515183	-0.00573620747237974	0.9942570428038408	-0.0057294700974585	0.002034924775661885
0.01147234674841052	0.02294469349682104	-0.011472346748410522	-0.011472346748410524	-0.011472346748410522	0.011472346748410524	0.022944693496821045	-0.011472346748410522	-0.011472346748410524	-0.011472346748410524	0.011553381667867854	0.022863646228529308	-0.011472334399576128	-0.011458876388258845	0.9885141828914379	0.004069816823984484
-0.005690648385562248	-0.011381296771124493	0.005690648385562247	0.005690648385562248	0.0056906483855622475	-0.005690648385562249	-0.011381296771124495	0.005690648385562248	0.005690648385562249	0.005690648385562249	-0.22475938602064738	0.2077454286302125	0.005632660619310667	0.005702313605469342	0.005678983165655159	0.763687100982008