0.998171239215412	-0.0036575215691773623	0.0018287607845886807	0.0018287607845886807	0.001828760784588681	-0.0018287607845886812	-0.0036575215691773614	0.0018287607845886807	0.0018287607845886816	0.0018287607845886807	-0.0018411929839618811	-0.0036450873613606462	0.001828758776145166	0.0018287620097488914	0.0018287595594284692	-0.0006583486994863764
-0.007315043138354722	0.9853699137232912	0.007315043138354722	0.007315043138354723	0.007315043138354723	-0.007315043138354723	-0.014630086276709442	0.007315043138354721	0.007315043138354725	0.00731504313835472	-0.007364771935847525	-0.014580349445442583	0.007315035104580664	0.007315048038995568	0.007315038237713875	-0.002633394797945505
0.003657521569177361	0.007315043138354723	0.9963424784308221	-0.0036575215691773606	-0.003657521569177361	0.0036575215691773614	0.007315043138354722	-0.003657521569177361	-0.0036575215691773623	-0.0036575215691773606	0.003682385967923762	0.007290174722721292	-0.0036575175522903305	-0.003657524019497783	-0.003657519118856937	0.001316697398972752
0.005486282353766043	0.010972564707532086	-0.005486282353766042	0.9945137176462336	-0.005486282353766041	0.005486282353766042	0.010972564707532082	-0.005486282353766042	-0.005486282353766044	-0.005486282353766041	0.0055235789518856436	0.010935262084081932	-0.005486276328435496	-0.005486286029246675	-0.005486278678285407	0.0019750460984591283
0.010972564707532082	0.021945129415064164	-0.01097256470753208	-0.01097256470753208	0.9890274352924681	0.010972564707532082	0.021945129415064157	-0.010972564707532079	-0.010972564707532084	-0.010972564707532077	0.011047157903771287	0.021870524168163853	-0.010972552656870988	-0.010972572058493347	-0.010972557356570814	0.003950092196918256
-0.001828760784588681	-0.0036575215691773623	0.001828760784588681	0.001828760784588681	0.0018287607845886805	0.9981712392154116	-0.0036575215691773614	0.0018287607845886805	0.0018287607845886812	0.0018287607845886803	-0.001841192983961882	-0.0036450873613606467	0.001828758776145166	0.0018287620097488923	0.0018287595594284694	-0.0006583486994863763
-0.007315043138354722	-0.014630086276709444	0.00731504313835472	0.007315043138354721	0.0073150431383547185	-0.007315043138354721	0.9853699137232905	0.00731504313835472	0.007315043138354723	0.007315043138354719	-0.007364771935847526	-0.014580349445442583	0.00731503510458066	0.007315048038995569	0.007315038237713875	-0.002633394797945505
0.003657521569177361	0.007315043138354721	-0.00365752156917736	-0.0036575215691773606	-0.0036575215691773593	0.00365752156917736	0.007315043138354719	0.9963424784308221	-0.0036575215691773614	-0.003657521569177359	0.0036823859679237627	0.007290174722721289	-0.0036575175522903297	-0.0036575240194977837	-0.0036575191188569383	0.0013166973989727523
0.00548628235376604	0.01097256470753208	-0.005486282353766039	-0.005486282353766039	-0.005486282353766038	0.005486282353766041	0.01097256470753208	-0.005486282353766041	0.9945137176462344	-0.00548628235376604	0.005523578951885644	0.010935262084081937	-0.005486276328435493	-0.005486286029246677	-0.005486278678285408	0.0019750460984591287
0.01097256470753208	0.02194512941506416	-0.010972564707532079	-0.010972564707532079	-0.010972564707532075	0.010972564707532082	0.02194512941506416	-0.010972564707532082	-0.010972564707532086	0.9890274352924675	0.01104715790377129	0.021870524168163867	-0.010972552656870988	-0.010972572058493354	-0.010972557356570819	0.0039500921969182565
-0.001821896077189342	-0.0036437921543786846	0.0018218960771893414	0.001821896077189342	0.0018218960771893412	-0.001821896077189342	-0.003643792154378684	0.0018218960771893419	0.001821896077189342	0.0018218960771893412	0.9626901663180384	0.0318335090229817	0.0018325325046017	0.001821616920474061	0.0018221752339046223	-0.03854358152682878
-0.006789550815851535	-0.013579101631703071	0.006789550815851531	0.006789550815851535	0.006789550815851532	-0.006789550815851536	-0.013579101631703071	0.006789550815851533	0.006789550815851537	0.006789550815851532	0.07857910201383746	0.9010505030805369	0.006791293273922531	0.006789008785625156	0.006790092846077912	-0.07575712203202747
0.0036575214679903587	0.007315042935980719	-0.0036575214679903582	-0.003657521467990359	-0.0036575214679903582	0.0036575214679903595	0.00731504293598072	-0.003657521467990359	-0.00365752146799036	-0.0036575214679903587	0.0037038096210198204	0.007288787667395302	0.996322445647566	-0.003657524060804279	-0.0036575188751764394	0.0012980300296219283
0.005486319079105214	0.010972638158210427	-0.005486319079105213	-0.0054863190791052145	-0.005486319079105214	0.005486319079105215	0.010972638158210429	-0.005486319079105214	-0.005486319079105215	-0.005486319079105213	0.005524260586500428	0.01093469046809284	-0.005486312896382835	0.9945072308553785	-0.005479869013588902	0.0019692796753101576
0.010972564607012968	0.021945129214025933	-0.010972564607012965	-0.010972564607012967	-0.010972564607012963	0.010972564607012968	0.021945129214025933	-0.010972564607012967	-0.010972564607012968	-0.010972564607012965	0.01104844742461598	0.021869234031002972	-0.010972552241593018	-0.010959679331291456	0.9890145501172656	0.003938529269699419
-0.005445508318174529	-0.010891016636349057	0.0054455083181745275	0.005445508318174528	0.005445508318174527	-0.00544550831817453	-0.010891016636349058	0.005445508318174529	0.00544550831817453	0.005445508318174529	-0.2182159884016583	0.20193586182808437	0.005389109937224999	0.00545672231886256	0.005434294317486496	0.7707001744827929