0.9990719066878324	-0.001856186624334695	0.0009280933121673474	0.0009280933121673477	0.0009280933121673478	-0.0009280933121673476	-0.0018561866243346952	0.0009280933121673476	0.0009280933121673476	0.0009280933121673477	-0.0009314658657585202	-0.001852813269896114	0.0009280925113199385	0.0009280935049413828	0.0009280931193933124	-0.0003824566687388794
-0.0037123732486693903	0.9925752535026612	0.003712373248669389	0.0037123732486693903	0.003712373248669391	-0.0037123732486693908	-0.007424746497338781	0.0037123732486693903	0.0037123732486693908	0.003712373248669391	-0.0037258634630340805	-0.007411253079584454	0.003712370045279754	0.0037123740197655295	0.0037123724775732494	-0.0015298266749555177
0.0018561866243346947	0.003712373248669389	0.9981438133756647	-0.001856186624334695	-0.001856186624334695	0.001856186624334695	0.0037123732486693895	-0.0018561866243346947	-0.001856186624334695	-0.001856186624334695	0.0018629317315170405	0.0037056265397922266	-0.0018561850226398772	-0.0018561870098827652	-0.0018561862387866243	0.0007649133374777586
0.002784279936502044	0.005568559873004087	-0.002784279936502044	0.9972157200634979	-0.0027842799365020436	0.002784279936502044	0.005568559873004086	-0.0027842799365020436	-0.002784279936502044	-0.002784279936502044	0.002794397597275561	0.005558439809688341	-0.002784277533959815	-0.002784280514824149	-0.0027842793581799364	0.0011473700062166385
0.005568559873004086	0.011137119746008171	-0.005568559873004086	-0.005568559873004085	0.9944314401269965	0.005568559873004087	0.011137119746008171	-0.005568559873004087	-0.005568559873004087	-0.005568559873004087	0.0055887951945511214	0.01111687961937668	-0.005568555067919633	-0.005568561029648298	-0.0055685587163598746	0.0022947400124332766
-0.0009280933121673476	-0.001856186624334695	0.0009280933121673477	0.0009280933121673476	0.0009280933121673477	0.9990719066878326	-0.001856186624334695	0.0009280933121673475	0.0009280933121673476	0.0009280933121673478	-0.0009314658657585203	-0.0018528132698961137	0.0009280925113199386	0.0009280935049413828	0.0009280931193933126	-0.0003824566687388796
-0.0037123732486693895	-0.007424746497338778	0.00371237324866939	0.0037123732486693895	0.00371237324866939	-0.00371237324866939	0.9925752535026612	0.0037123732486693895	0.00371237324866939	0.0037123732486693903	-0.0037258634630340805	-0.007411253079584454	0.0037123700452797535	0.0037123740197655304	0.0037123724775732494	-0.001529826674955518
0.0018561866243346947	0.0037123732486693895	-0.001856186624334695	-0.0018561866243346947	-0.001856186624334695	0.001856186624334695	0.0037123732486693903	0.9981438133756649	-0.0018561866243346947	-0.0018561866243346947	0.00186293173151704	0.0037056265397922266	-0.0018561850226398772	-0.0018561870098827652	-0.0018561862387866245	0.0007649133374777587
0.0027842799365020436	0.005568559873004086	-0.0027842799365020436	-0.0027842799365020428	-0.0027842799365020428	0.002784279936502043	0.0055685598730040855	-0.002784279936502043	0.997215720063498	-0.002784279936502043	0.0027943975972755616	0.00555843980968834	-0.0027842775339598155	-0.0027842805148241487	-0.0027842793581799364	0.0011473700062166379
0.005568559873004088	0.011137119746008175	-0.005568559873004088	-0.005568559873004086	-0.005568559873004086	0.005568559873004087	0.011137119746008173	-0.005568559873004087	-0.005568559873004087	0.9944314401269962	0.005588795194551123	0.01111687961937668	-0.005568555067919634	-0.005568561029648297	-0.0055685587163598746	0.0022947400124332775
-0.0009268655036547052	-0.00185373100730941	0.0009268655036547051	0.000926865503654705	0.0009268655036547051	-0.0009268655036547052	-0.0018537310073094104	0.0009268655036547052	0.0009268655036547051	0.0009268655036547055	0.9767922217020011	0.020420519443159393	0.000933527847529852	0.0009267818543235342	0.0009269491529858772	-0.023714234899701446
-0.0035625698301679897	-0.007125139660335977	0.0035625698301679897	0.0035625698301679893	0.0035625698301679893	-0.0035625698301679897	-0.007125139660335979	0.0035625698301679897	0.0035625698301679897	0.0035625698301679906	0.04730001769707465	0.9420113587751274	0.00356348386746163	0.0035624056473847836	0.0035627340129511967	-0.04706088282126789
0.0018561866065205867	0.0037123732130411734	-0.0018561866065205867	-0.0018561866065205867	-0.0018561866065205867	0.001856186606520587	0.003712373213041174	-0.001856186606520587	-0.0018561866065205867	-0.0018561866065205871	0.0018762719631061926	0.0037049518811735557	0.9981311493687612	-0.0018561870360689517	-0.0018561861769722224	0.0007529394421736542
0.002784289227073294	0.005568578454146586	-0.002784289227073294	-0.002784289227073294	-0.0027842892270732934	0.002784289227073294	0.005568578454146587	-0.002784289227073294	-0.002784289227073294	-0.0027842892270732934	0.0027946166812890987	0.005558248543415103	-0.002784286770557615	0.9972124360336724	-0.00278101448781817	0.0011443156931524342
0.005568559862687385	0.011137119725374768	-0.005568559862687387	-0.005568559862687385	-0.005568559862687385	0.005568559862687387	0.011137119725374772	-0.005568559862687386	-0.005568559862687386	-0.005568559862687386	0.005589214739691435	0.011116459935346606	-0.005568554949663269	-0.00556201273830481	0.9944248930129298	0.002288623171504353
-0.00277703328899996	-0.00555406657799992	0.0027770332889999606	0.00277703328899996	0.00277703328899996	-0.00277703328899996	-0.00555406657799992	0.00277703328899996	0.0027770332889999597	0.00277703328899996	-0.13637678761677294	0.12808170612968967	0.002741014909083384	0.002783079093562147	0.0027709874844377745	0.8588549603791087