0.9995884663349424	-0.0008230673301154872	0.0004115336650577435	0.0004115336650577435	0.0004115336650577435	-0.0004115336650577435	-0.0008230673301154871	0.00041153366505774353	0.0004115336650577434	0.0004115336650577435	-0.0004119863988384556	-0.0008226144779697591	0.0004115335466927277	0.00041153368448695654	0.0004115336456285307	-0.00018656849174966553
-0.0016461346602309737	0.9967077306795383	0.0016461346602309735	0.0016461346602309737	0.0016461346602309737	-0.0016461346602309735	-0.0032922693204619474	0.0016461346602309737	0.0016461346602309735	0.0016461346602309737	-0.0016479455953538223	-0.0032904579118790364	0.0016461341867709104	0.0016461347379478262	0.0016461345825141225	-0.0007462739669986623
0.0008230673301154873	0.0016461346602309748	0.9991769326698844	-0.0008230673301154871	-0.0008230673301154871	0.0008230673301154868	0.0016461346602309743	-0.0008230673301154873	-0.0008230673301154868	-0.0008230673301154871	0.0008239727976769111	0.0016452289559395186	-0.0008230670933854555	-0.0008230673689739132	-0.0008230672912570614	0.0003731369834993311
0.0012346009951732303	0.00246920199034646	-0.00123460099517323	0.9987653990048266	-0.00123460099517323	0.0012346009951732303	0.0024692019903464596	-0.00123460099517323	-0.00123460099517323	-0.0012346009951732303	0.001235959196515366	0.0024678434339092765	-0.001234600640078183	-0.001234601053460869	-0.001234600936885591	0.0005597054752489964
0.0024692019903464605	0.00493840398069292	-0.00246920199034646	-0.00246920199034646	0.9975307980096537	0.0024692019903464605	0.00493840398069292	-0.0024692019903464605	-0.0024692019903464605	-0.0024692019903464605	0.0024719183930307334	0.004935686867818555	-0.0024692012801563654	-0.0024692021069217395	-0.002469201873771184	0.0011194109504979936
-0.0004115336650577434	-0.000823067330115487	0.0004115336650577435	0.00041153366505774337	0.0004115336650577434	0.9995884663349421	-0.000823067330115487	0.00041153366505774353	0.0004115336650577434	0.0004115336650577435	-0.0004119863988384555	-0.0008226144779697589	0.00041153354669272766	0.0004115336844869563	0.0004115336456285307	-0.0001865684917496655
-0.0016461346602309741	-0.0032922693204619487	0.0016461346602309743	0.0016461346602309737	0.0016461346602309741	-0.0016461346602309737	0.996707730679538	0.0016461346602309737	0.0016461346602309732	0.0016461346602309735	-0.0016479455953538218	-0.0032904579118790346	0.0016461341867709104	0.0016461347379478262	0.0016461345825141218	-0.0007462739669986619
0.0008230673301154872	0.0016461346602309745	-0.0008230673301154873	-0.000823067330115487	-0.0008230673301154872	0.000823067330115487	0.001646134660230974	0.9991769326698847	-0.000823067330115487	-0.000823067330115487	0.0008239727976769112	0.0016452289559395188	-0.0008230670933854555	-0.0008230673689739133	-0.0008230672912570614	0.0003731369834993311
0.0012346009951732303	0.00246920199034646	-0.00123460099517323	-0.00123460099517323	-0.0012346009951732303	0.0012346009951732303	0.0024692019903464596	-0.0012346009951732303	0.9987653990048267	-0.00123460099517323	0.0012359591965153663	0.002467843433909277	-0.001234600640078183	-0.001234601053460869	-0.0012346009368855917	0.0005597054752489966
0.0024692019903464596	0.004938403980692918	-0.002469201990346459	-0.002469201990346459	-0.0024692019903464596	0.0024692019903464596	0.0049384039806929176	-0.0024692019903464596	-0.0024692019903464596	0.9975307980096537	0.002471918393030733	0.004935686867818556	-0.002469201280156366	-0.0024692021069217386	-0.002469201873771183	0.0011194109504979934
-0.00041139720576067215	-0.0008227944115213444	0.0004113972057606722	0.00041139720576067204	0.0004113972057606722	-0.00041139720576067215	-0.0008227944115213443	0.0004113972057606722	0.0004113972057606721	0.00041139720576067215	0.9878211876339653	0.010941217136590875	0.00041480081792257304	0.0004113788179819143	0.00041141559353942984	-0.012245967483531284
-0.001614143564332828	-0.0032282871286656565	0.0016141435643328285	0.0016141435643328276	0.0016141435643328283	-0.001614143564332828	-0.003228287128665656	0.0016141435643328283	0.001614143564332828	0.0016141435643328283	0.023667703620146224	0.9714895949456204	0.001614414305567526	0.001614107142329516	0.0016141799863361398	-0.02455118391143932
0.0008230673290186385	0.0016461346580372773	-0.0008230673290186386	-0.0008230673290186384	-0.0008230673290186386	0.0008230673290186386	0.0016461346580372773	-0.0008230673290186387	-0.0008230673290186386	-0.0008230673290186387	0.0008307813733549271	0.0016450329604329663	0.9991703203242494	-0.0008230673777865137	-0.0008230672802507638	0.0003667235322649021
0.0012346028034225444	0.0024692056068450884	-0.0012346028034225444	-0.0012346028034225444	-0.0012346028034225446	0.0012346028034225449	0.002469205606845089	-0.0012346028034225449	-0.001234602803422545	-0.0012346028034225449	0.001236011126180609	0.002467796915618542	-0.001234602434954061	0.9987639447852497	-0.001233150392095031	0.0005583049148015409
0.002469201989806843	0.004938403979613685	-0.0024692019898068436	-0.0024692019898068436	-0.002469201989806844	0.002469201989806845	0.004938403979613687	-0.002469201989806844	-0.002469201989806845	-0.002469201989806845	0.0024720186333171577	0.0049355865991669275	-0.0024692012528703977	-0.0024662974085335717	0.9975278934289199	0.0011166081360000984
-0.0012338083120196487	-0.0024676166240392974	0.0012338083120196487	0.0012338083120196485	0.001233808312019649	-0.001233808312019649	-0.0024676166240392974	0.0012338083120196491	0.0012338083120196487	0.001233808312019649	-0.0717974001655622	0.06811522904913173	0.001214554492391187	0.0012366026246579407	0.0012310139993813563	0.9270808466178421