0.9999476680219239	-0.00010466395615200418	0.0000523319780760021	0.00005233197807600209	0.00005233197807600208	-0.000052331978076002084	-0.00010466395615200418	0.000052331978076002084	0.000052331978076002084	0.000052331978076002084	-0.000052333260127439766	-0.0001046626737485428	0.000052331977723978444	0.0000523319781213013	0.00005233197803070289	-0.000025800624125113475
-0.00020932791230400847	0.9995813441753919	0.00020932791230400842	0.00020932791230400842	0.00020932791230400836	-0.00020932791230400836	-0.00041865582460801683	0.00020932791230400842	0.0002093279123040084	0.00020932791230400842	-0.000209333040509759	-0.0004186506949941712	0.0002093279108959138	0.0002093279124852052	0.00020932791212281156	-0.00010320249650045394
0.00010466395615200429	0.00020932791230400855	0.9998953360438478	-0.00010466395615200425	-0.00010466395615200424	0.00010466395615200424	0.0002093279123040085	-0.00010466395615200425	-0.00010466395615200425	-0.00010466395615200426	0.00010466652025487956	0.0002093253474970857	-0.00010466395544795691	-0.00010466395624260261	-0.00010466395606140582	0.00005160124825022696
0.00015699593422800629	0.00031399186845601257	-0.00015699593422800629	0.9998430040657721	-0.00015699593422800626	0.00015699593422800629	0.00031399186845601257	-0.0001569959342280063	-0.0001569959342280063	-0.0001569959342280063	0.0001569997803823192	0.00031398802124562854	-0.0001569959331719354	-0.00015699593436390387	-0.00015699593409210864	0.00007740187237534045
0.0003139918684560126	0.0006279837369120253	-0.0003139918684560126	-0.00031399186845601257	0.9996860081315437	0.0003139918684560124	0.0006279837369120249	-0.0003139918684560125	-0.0003139918684560125	-0.00031399186845601257	0.00031399956076463853	0.000627976042491257	-0.0003139918663438708	-0.0003139918687278078	-0.0003139918681842173	0.00015480374475068085
-0.0000523319780760021	-0.00010466395615200418	0.00005233197807600209	0.0000523319780760021	0.00005233197807600209	0.9999476680219236	-0.0001046639561520042	0.0000523319780760021	0.0000523319780760021	0.000052331978076002104	-0.000052333260127439786	-0.00010466267374854283	0.00005233197772397845	0.00005233197812130127	0.00005233197803070289	-0.000025800624125113475
-0.00020932791230400855	-0.00041865582460801705	0.00020932791230400853	0.00020932791230400853	0.00020932791230400853	-0.00020932791230400853	0.999581344175392	0.00020932791230400847	0.00020932791230400847	0.00020932791230400853	-0.00020933304050975917	-0.0004186506949941715	0.00020932791089591386	0.00020932791248520522	0.00020932791212281164	-0.00010320249650045394
0.00010466395615200425	0.00020932791230400847	-0.00010466395615200424	-0.00010466395615200424	-0.00010466395615200424	0.00010466395615200424	0.0002093279123040085	0.999895336043848	-0.00010466395615200424	-0.00010466395615200425	0.00010466652025487957	0.00020932534749708572	-0.00010466395544795689	-0.00010466395624260258	-0.00010466395606140581	0.000051601248250226964
0.00015699593422800629	0.00031399186845601257	-0.00015699593422800629	-0.00015699593422800626	-0.00015699593422800626	0.00015699593422800626	0.0003139918684560125	-0.00015699593422800629	0.9998430040657721	-0.00015699593422800626	0.0001569997803823193	0.00031398802124562854	-0.00015699593317193536	-0.00015699593436390393	-0.00015699593409210873	0.00007740187237534041
0.00031399186845601257	0.0006279837369120251	-0.00031399186845601257	-0.0003139918684560125	-0.0003139918684560125	0.0003139918684560125	0.000627983736912025	-0.00031399186845601257	-0.00031399186845601257	0.9996860081315444	0.00031399956076463874	0.0006279760424912572	-0.0003139918663438708	-0.0003139918687278079	-0.0003139918681842174	0.0001548037447506809
-0.00005233157448264053	-0.00010466314896528107	0.00005233157448264053	0.00005233157448264053	0.000052331574482640526	-0.00005233157448264053	-0.00010466314896528107	0.000052331574482640526	0.00005233157448264052	0.00005233157448264052	0.9981992565917422	0.0016432623809353696	0.00005281787835694004	0.00005233124801875325	0.000052331900946527754	-0.001780379021970046
-0.00020877148814316717	-0.00041754297628633435	0.00020877148814316717	0.00020877148814316717	0.00020877148814316715	-0.00020877148814316715	-0.0004175429762863344	0.00020877148814316717	0.00020877148814316715	0.00020877148814316717	0.003324112696949061	0.9960495669015083	0.00020877742525611369	0.00020877083625317952	0.00020877214003315464	-0.003604949899589125
0.00010466395615163116	0.00020932791230326232	-0.00010466395615163116	-0.00010466395615163116	-0.00010466395615163115	0.00010466395615163116	0.00020932791230326238	-0.00010466395615163118	-0.00010466395615163115	-0.00010466395615163115	0.00010563912940441322	0.00020932109879107284	0.9998943676841074	-0.00010466395642196488	-0.00010466395588129733	0.00005063714621651862
0.00015699596326113234	0.0003139919265222647	-0.00015699596326113237	-0.00015699596326113237	-0.00015699596326113234	0.00015699596326113234	0.0003139919265222647	-0.00015699596326113237	-0.00015699596326113234	-0.00015699596326113234	0.00015700077468452244	0.00031398711377732475	-0.0001569959619395824	0.9998428193073647	-0.00015681123388699885	0.00007721812558123411
0.0003139918684558364	0.0006279837369116728	-0.00031399186845583644	-0.0003139918684558364	-0.00031399186845583633	0.00031399186845583644	0.0006279837369116728	-0.0003139918684558364	-0.00031399186845583644	-0.0003139918684558364	0.0003140014913016715	0.0006279741114227383	-0.0003139918658127368	-0.00031362241038717953	0.9996856386734755	0.0001544362224669083
-0.00015699397278750056	-0.0003139879455750011	0.00015699397278750056	0.00015699397278750053	0.00015699397278750053	-0.00015699397278750053	-0.00031398794557500106	0.00015699397278750053	0.00015699397278750053	0.00015699397278750053	-0.010641654126128308	0.010173564554010979	0.00015410162654232518	0.0001573614722080959	0.00015662647336690507	0.9893947548813179