0.9993194003989684	-0.0013611992020642397	0.0006805996010321198	0.0006805996010321198	0.0006805996010321196	-0.0006805996010321197	-0.0013611992020642397	0.0006805996010321197	0.0006805996010321197	0.0006805996010321195	-0.0006822306596064681	-0.0013595677357092968	0.0006805991932515249	0.0006805996821651458	0.0006805995198990929	-0.0002927983466534426
-0.002722398404128478	0.9945552031917428	0.0027223984041284794	0.0027223984041284794	0.002722398404128478	-0.002722398404128478	-0.005444796808256957	0.002722398404128478	0.002722398404128478	0.0027223984041284776	-0.002728922638425872	-0.005438270942837186	0.0027223967730061	0.0027223987286605833	0.0027223980795963733	-0.0011711933866137706
0.0013611992020642393	0.0027223984041284785	0.9986388007979358	-0.0013611992020642395	-0.0013611992020642393	0.0013611992020642393	0.0027223984041284785	-0.0013611992020642393	-0.0013611992020642393	-0.001361199202064239	0.0013644613192129356	0.002719135471418593	-0.0013611983865030501	-0.0013611993643302916	-0.001361199039798186	0.0005855966933068852
0.0020417988030963586	0.004083597606192717	-0.002041798803096359	0.9979582011969043	-0.0020417988030963586	0.0020417988030963577	0.004083597606192715	-0.002041798803096359	-0.0020417988030963586	-0.0020417988030963586	0.002046691978819403	0.004078703207127888	-0.0020417975797545744	-0.0020417990464954372	-0.002041798559697281	0.0008783950399603278
0.004083597606192718	0.008167195212385434	-0.004083597606192718	-0.004083597606192718	0.9959164023938073	0.004083597606192717	0.008167195212385434	-0.004083597606192719	-0.004083597606192719	-0.004083597606192718	0.004093383957638807	0.008157406414255776	-0.004083595159509148	-0.004083598092990875	-0.004083597119394562	0.0017567900799206563
-0.0006805996010321196	-0.0013611992020642393	0.0006805996010321195	0.0006805996010321195	0.0006805996010321195	0.999319400398968	-0.0013611992020642393	0.0006805996010321195	0.0006805996010321195	0.0006805996010321194	-0.0006822306596064679	-0.0013595677357092961	0.0006805991932515249	0.0006805996821651457	0.0006805995198990931	-0.00029279834665344253
-0.0027223984041284803	-0.0054447968082569605	0.00272239840412848	0.00272239840412848	0.00272239840412848	-0.0027223984041284794	0.9945552031917428	0.002722398404128478	0.0027223984041284785	0.002722398404128478	-0.0027289226384258716	-0.005438270942837185	0.0027223967730061003	0.0027223987286605837	0.002722398079596373	-0.0011711933866137708
0.0013611992020642395	0.002722398404128479	-0.0013611992020642393	-0.0013611992020642393	-0.0013611992020642395	0.001361199202064239	0.002722398404128478	0.9986388007979358	-0.0013611992020642393	-0.001361199202064239	0.0013644613192129358	0.0027191354714185927	-0.0013611983865030501	-0.0013611993643302916	-0.0013611990397981867	0.0005855966933068851
0.002041798803096358	0.004083597606192716	-0.0020417988030963586	-0.0020417988030963586	-0.0020417988030963586	0.0020417988030963586	0.004083597606192717	-0.0020417988030963586	0.9979582011969039	-0.0020417988030963586	0.0020466919788194034	0.004078703207127888	-0.0020417975797545744	-0.0020417990464954377	-0.0020417985596972808	0.0008783950399603281
0.004083597606192715	0.008167195212385429	-0.004083597606192715	-0.004083597606192715	-0.004083597606192717	0.004083597606192715	0.00816719521238543	-0.004083597606192715	-0.004083597606192716	0.9959164023938073	0.004093383957638805	0.008157406414255775	-0.004083595159509148	-0.0040835980929908745	-0.004083597119394561	0.0017567900799206559
-0.0006800600981954133	-0.0013601201963908268	0.0006800600981954132	0.0006800600981954133	0.0006800600981954134	-0.0006800600981954132	-0.0013601201963908268	0.0006800600981954132	0.0006800600981954133	0.0006800600981954133	0.981660583489736	0.01629402225311157	0.0006852740607618296	0.0006800127785593429	0.0006801074178314845	-0.01861607218075321
-0.0026388167852504293	-0.0052776335705008596	0.0026388167852504293	0.0026388167852504298	0.0026388167852504298	-0.002638816785250429	-0.005277633570500858	0.002638816785250428	0.002638816785250429	0.002638816785250429	0.036657964126856	0.9554249887857691	0.002639413516874051	0.0026387235311941624	0.0026389100393066967	-0.03710468266154589
0.0013611991955970492	0.002722398391194099	-0.001361199195597049	-0.0013611991955970492	-0.0013611991955970492	0.0013611991955970488	0.002722398391194098	-0.0013611991955970488	-0.001361199195597049	-0.001361199195597049	0.0013748951897712448	0.0027186995334734496	0.9986288036679494	-0.0013611993830242748	-0.0013611990081698222	0.0005760445881969726
0.0020418037750548237	0.004083607550109647	-0.0020418037750548233	-0.0020418037750548237	-0.0020418037750548237	0.0020418037750548237	0.004083607550109647	-0.0020418037750548237	-0.002041803775054824	-0.0020418037750548237	0.002046819948070236	0.004078590121576007	-0.002041802519536597	0.9979557945043243	-0.0020394020544337766	0.0008761217318105757
0.004083597602761156	0.008167195205522311	-0.004083597602761156	-0.004083597602761156	-0.0040835976027611565	0.004083597602761156	0.008167195205522311	-0.004083597602761156	-0.0040835976027611565	-0.0040835976027611565	0.004093629937296627	0.008157160359953213	-0.004083595091727527	-0.0040787951573234725	0.9959115999518018	0.0017522389537623158
-0.0020386293121878586	-0.004077258624375716	0.0020386293121878586	0.0020386293121878586	0.0020386293121878586	-0.0020386293121878586	-0.004077258624375717	0.0020386293121878586	0.002038629312187859	0.002038629312187859	-0.10793016330102974	0.10184297881660662	0.0020099258600473945	0.0020431480822354184	0.0020341105421403027	0.8891768452052321