0.999718448435778	-0.0005631031284439058	0.0002815515642219529	0.00028155156422195285	0.00028155156422195285	-0.0002815515642219529	-0.000563103128443906	0.0002815515642219529	0.0002815515642219529	0.0002815515642219529	-0.0002817139084646803	-0.0005629407409539335	0.00028155152097470766	0.0002815515707149014	0.0002815515577290042	-0.00013128533799924822
-0.0011262062568878118	0.9977475874862242	0.001126206256887812	0.001126206256887812	0.001126206256887812	-0.001126206256887812	-0.0022524125137756246	0.0011262062568878123	0.0011262062568878123	0.0011262062568878123	-0.0011268556338587211	-0.002251762963815733	0.0011262060838988304	0.0011262062828596056	0.001126206230916017	-0.0005251413519969929
0.0005631031284439059	0.001126206256887812	0.9994368968715558	-0.0005631031284439059	-0.0005631031284439059	0.000563103128443906	0.0011262062568878125	-0.000563103128443906	-0.000563103128443906	-0.000563103128443906	0.0005634278169293608	0.001125881481907867	-0.0005631030419494155	-0.0005631031414298029	-0.0005631031154580087	0.00026257067599849644
0.000844654692665859	0.001689309385331718	-0.000844654692665859	0.9991553453073341	-0.0008446546926658588	0.0008446546926658589	0.0016893093853317177	-0.0008446546926658589	-0.0008446546926658588	-0.0008446546926658588	0.0008451417253940408	0.001688822222861799	-0.0008446545629241228	-0.0008446547121447043	-0.0008446546731870131	0.00039385601399774447
0.0016893093853317174	0.003378618770663435	-0.0016893093853317174	-0.0016893093853317172	0.9983106906146685	0.0016893093853317179	0.003378618770663435	-0.0016893093853317174	-0.0016893093853317174	-0.0016893093853317172	0.0016902834507880814	0.0033776444457235995	-0.0016893091258482454	-0.0016893094242894091	-0.0016893093463740262	0.000787712027995489
-0.0002815515642219529	-0.0005631031284439059	0.00028155156422195296	0.0002815515642219529	0.00028155156422195285	0.9997184484357783	-0.000563103128443906	0.000281551564221953	0.000281551564221953	0.000281551564221953	-0.00028171390846468033	-0.0005629407409539335	0.00028155152097470766	0.0002815515707149014	0.0002815515577290043	-0.0001312853379992482
-0.0011262062568878123	-0.002252412513775625	0.0011262062568878125	0.0011262062568878123	0.0011262062568878118	-0.0011262062568878123	0.9977475874862244	0.001126206256887812	0.001126206256887812	0.001126206256887812	-0.0011268556338587211	-0.002251762963815734	0.0011262060838988304	0.0011262062828596056	0.001126206230916017	-0.0005251413519969928
0.0005631031284439059	0.001126206256887812	-0.000563103128443906	-0.0005631031284439059	-0.0005631031284439058	0.0005631031284439059	0.0011262062568878118	0.9994368968715561	-0.0005631031284439059	-0.0005631031284439059	0.0005634278169293606	0.0011258814819078667	-0.0005631030419494153	-0.0005631031414298028	-0.0005631031154580083	0.00026257067599849644
0.0008446546926658588	0.0016893093853317177	-0.0008446546926658588	-0.0008446546926658587	-0.0008446546926658587	0.0008446546926658588	0.0016893093853317177	-0.0008446546926658588	0.9991553453073341	-0.0008446546926658585	0.0008451417253940407	0.001688822222861799	-0.0008446545629241225	-0.0008446547121447046	-0.000844654673187013	0.00039385601399774447
0.0016893093853317174	0.003378618770663435	-0.0016893093853317174	-0.0016893093853317172	-0.0016893093853317172	0.0016893093853317174	0.003378618770663435	-0.0016893093853317174	-0.001689309385331717	0.9983106906146685	0.0016902834507880814	0.0033776444457235995	-0.0016893091258482452	-0.0016893094242894087	-0.001689309346374026	0.0007877120279954892
-0.0002815043642515443	-0.0005630087285030888	0.00028150436425154437	0.0002815043642515443	0.0002815043642515443	-0.0002815043642515443	-0.0005630087285030888	0.0002815043642515444	0.00028150436425154437	0.00028150436425154437	0.9912338640082794	0.007919199517999818	0.0002839277452178657	0.00028149547748091905	0.0002815132510221697	-0.008765983559805585
-0.0011108587267968518	-0.0022217174535937045	0.0011108587267968518	0.0011108587267968516	0.0011108587267968516	-0.0011108587267968518	-0.0022217174535937045	0.0011108587267968525	0.0011108587267968518	0.0011108587267968518	0.016754881587405224	0.979912401132599	0.0011109998264023206	0.0011108410758577031	0.0011108763777360011	-0.017632310328408413
0.0005631031281752386	0.0011262062563504773	-0.0005631031281752387	-0.0005631031281752386	-0.0005631031281752386	0.0005631031281752387	0.0011262062563504776	-0.0005631031281752388	-0.0005631031281752386	-0.0005631031281752386	0.0005682750266768406	0.0011257797521700462	0.9994321514775039	-0.0005631031459850562	-0.000563103110365421	0.00025792810302070036
0.0008446555368771204	0.0016893110737542408	-0.0008446555368771204	-0.0008446555368771203	-0.0008446555368771203	0.0008446555368771203	0.0016893110737542403	-0.0008446555368771202	-0.0008446555368771201	-0.00084465553687712	0.0008451674505035087	0.0016887990236784316	-0.0008446554004277001	0.9991543507281601	-0.0008436618019145575	0.00039288788207201
0.0016893093852033535	0.0033786187704067075	-0.0016893093852033538	-0.0016893093852033535	-0.0016893093852033533	0.0016893093852033538	0.003378618770406707	-0.0016893093852033535	-0.0016893093852033533	-0.0016893093852033533	0.001690333211949859	0.003377594670761497	-0.0016893091123046486	-0.0016873219970746228	0.9983087032266679	0.000785774959337372
-0.0008443840614821936	-0.0016887681229643871	0.0008443840614821936	0.0008443840614821935	0.0008443840614821936	-0.0008443840614821936	-0.0016887681229643871	0.0008443840614821936	0.0008443840614821936	0.0008443840614821936	-0.051723286030259025	0.04920406649850666	0.0008304514087879706	0.0008463181483796966	0.0008424499745846902	0.9477958881200891