0.9995288834812895	-0.0009422330374209418	0.00047111651871047105	0.000471116518710471	0.000471116518710471	-0.000471116518710471	-0.000942233037420942	0.000471116518710471	0.000471116518710471	0.0004711165187104711	-0.00047176191848896925	-0.000941587470439605	0.00047111635150763284	0.0004711165473215888	0.00047111649009935275	-0.000210985234707714
-0.0018844660748418842	0.996231067850316	0.0018844660748418844	0.001884466074841884	0.0018844660748418842	-0.0018844660748418842	-0.003768932149683769	0.0018844660748418844	0.0018844660748418844	0.0018844660748418846	-0.0018870476739558766	-0.0037663498817584198	0.0018844654060305313	0.001884466189286356	0.0018844659603974112	-0.0008439409388308561
0.000942233037420942	0.0018844660748418836	0.9990577669625794	-0.0009422330374209419	-0.000942233037420942	0.000942233037420942	0.001884466074841884	-0.000942233037420942	-0.000942233037420942	-0.0009422330374209422	0.0009435238369779386	0.0018831749408792099	-0.0009422327030152657	-0.000942233094643178	-0.0009422329801987056	0.00042197046941542783
0.0014133495561314128	0.0028266991122628247	-0.0014133495561314123	0.9985866504438685	-0.0014133495561314126	0.0014133495561314126	0.0028266991122628243	-0.0014133495561314126	-0.0014133495561314121	-0.0014133495561314126	0.0014152857554669076	0.0028247624113188143	-0.001413349054522898	-0.0014133496419647664	-0.001413349470298059	0.0006329557041231419
0.002826699112262826	0.00565339822452565	-0.002826699112262825	-0.0028266991122628247	0.9971733008877371	0.002826699112262825	0.0056533982245256485	-0.0028266991122628247	-0.0028266991122628243	-0.002826699112262825	0.0028305715109338153	0.005649524822637629	-0.0028266981090457966	-0.0028266992839295325	-0.0028266989405961182	0.0012659114082462838
-0.000471116518710471	-0.0009422330374209418	0.00047111651871047105	0.00047111651871047095	0.000471116518710471	0.9995288834812895	-0.000942233037420942	0.000471116518710471	0.000471116518710471	0.00047111651871047105	-0.0004717619184889693	-0.000941587470439605	0.00047111635150763284	0.00047111654732158887	0.0004711164900993528	-0.000210985234707714
-0.0018844660748418844	-0.003768932149683768	0.0018844660748418846	0.0018844660748418842	0.0018844660748418844	-0.0018844660748418842	0.9962310678503163	0.0018844660748418846	0.0018844660748418846	0.0018844660748418846	-0.001887047673955877	-0.003766349881758421	0.0018844654060305316	0.0018844661892863561	0.0018844659603974117	-0.000843940938830856
0.000942233037420942	0.0018844660748418833	-0.000942233037420942	-0.0009422330374209418	-0.000942233037420942	0.0009422330374209418	0.0018844660748418836	0.9990577669625791	-0.0009422330374209419	-0.0009422330374209421	0.0009435238369779386	0.00188317494087921	-0.0009422327030152656	-0.000942233094643178	-0.0009422329801987056	0.000421970469415428
0.0014133495561314134	0.002826699112262826	-0.001413349556131413	-0.0014133495561314126	-0.0014133495561314126	0.0014133495561314126	0.002826699112262825	-0.001413349556131413	0.9985866504438687	-0.0014133495561314126	0.0014152857554669074	0.002824762411318815	-0.0014133490545228979	-0.0014133496419647669	-0.001413349470298059	0.0006329557041231419
0.002826699112262827	0.005653398224525652	-0.002826699112262826	-0.002826699112262825	-0.002826699112262825	0.002826699112262825	0.00565339822452565	-0.002826699112262826	-0.0028266991122628247	0.9971733008877376	0.002830571510933815	0.00564952482263763	-0.0028266981090457966	-0.0028266992839295338	-0.0028266989405961182	0.001265911408246284
-0.00047091823102012845	-0.0009418364620402569	0.00047091823102012845	0.0004709182310201284	0.00047091823102012845	-0.00047091823102012845	-0.0009418364620402569	0.00047091823102012856	0.00047091823102012845	0.00047091823102012845	0.9863614221590973	0.012221994717875162	0.0004747466609871782	0.00047089447036917305	0.0004709419916710838	-0.01374560506292207
-0.0018429878884453116	-0.0036859757768906228	0.0018429878884453118	0.0018429878884453116	0.0018429878884453118	-0.0018429878884453116	-0.0036859757768906236	0.001842987888445312	0.001842987888445312	0.0018429878884453123	0.026688923566275648	0.9677817747395859	0.0018433259172478244	0.0018429408800527283	0.0018430348968378955	-0.027519073742216776
0.0009422330356325694	0.0018844660712651388	-0.0009422330356325696	-0.0009422330356325693	-0.0009422330356325694	0.0009422330356325694	0.0018844660712651388	-0.0009422330356325694	-0.0009422330356325694	-0.0009422330356325695	0.0009511826989460214	0.001882929767853151	0.9990503536044661	-0.0009422331056196233	-0.0009422329656455158	0.00041480631086746104
0.0014133519286691999	0.0028267038573383993	-0.0014133519286691999	-0.0014133519286691995	-0.0014133519286691997	0.0014133519286691997	0.0028267038573383993	-0.0014133519286691997	-0.0014133519286691995	-0.0014133519286691995	0.0014153521610302353	0.0028247031063609973	-0.0014133514100528343	0.9985849854236569	-0.0014116892809949793	0.0006313594474679518
0.002826699111369637	0.005653398222739273	-0.002826699111369637	-0.002826699111369636	-0.0028266991113696364	0.0028266991113696355	0.005653398222739271	-0.002826699111369636	-0.002826699111369635	-0.0028266991113696355	0.0028306995728505525	0.005649396724026452	-0.002826698074137736	-0.0028233741701075396	0.9971699759473678	0.0012627166895993846
-0.0014121935646552075	-0.002824387129310414	0.001412193564655207	0.001412193564655207	0.0014121935646552073	-0.001412193564655207	-0.0028243871293104146	0.0014121935646552073	0.001412193564655207	0.001412193564655207	-0.08037189856087562	0.0761568293814952	0.001390682050070006	0.0014153760274822438	0.00140901110182817	0.9181558155179126