0.9994548493413951	-0.0010903013172096306	0.000545150658604815	0.0005451506586048153	0.0005451506586048153	-0.0005451506586048153	-0.0010903013172096309	0.0005451506586048152	0.0005451506586048153	0.0005451506586048152	-0.0005460897007096481	-0.0010893620347081745	0.0005451504182081926	0.0005451507019536581	0.0005451506152559724	-0.00024058633072811483
-0.002180602634419262	0.9956387947311611	0.002180602634419261	0.0021806026344192617	0.0021806026344192617	-0.002180602634419262	-0.004361205268838525	0.0021806026344192617	0.002180602634419262	0.0021806026344192617	-0.002184358802838592	-0.0043574481388326996	0.00218060167283277	0.002180602807814632	0.002180602461023891	-0.0009623453229124596
0.0010903013172096298	0.00218060263441926	0.9989096986827902	-0.0010903013172096302	-0.0010903013172096304	0.0010903013172096304	0.0021806026344192613	-0.0010903013172096304	-0.0010903013172096306	-0.0010903013172096304	0.0010921794014192962	0.002178724069416349	-0.001090300836416385	-0.001090301403907315	-0.0010903012305119458	0.0004811726614562294
0.0016354519758144466	0.0032709039516288932	-0.0016354519758144464	0.9983645480241853	-0.0016354519758144462	0.0016354519758144466	0.0032709039516288937	-0.0016354519758144468	-0.0016354519758144468	-0.0016354519758144468	0.0016382691021289445	0.003268086104124525	-0.001635451254624578	-0.0016354521058609746	-0.0016354518457679184	0.0007217589921843446
0.0032709039516288915	0.006541807903257784	-0.003270903951628891	-0.0032709039516288924	0.996729096048371	0.0032709039516288915	0.006541807903257784	-0.0032709039516288924	-0.0032709039516288924	-0.0032709039516288924	0.003276538204257889	0.006536172208249049	-0.003270902509249154	-0.0032709042117219475	-0.003270903691535836	0.0014435179843686888
-0.0005451506586048154	-0.001090301317209631	0.0005451506586048154	0.0005451506586048155	0.0005451506586048152	0.9994548493413953	-0.0010903013172096304	0.0005451506586048151	0.0005451506586048154	0.0005451506586048152	-0.0005460897007096484	-0.0010893620347081747	0.0005451504182081924	0.0005451507019536581	0.0005451506152559727	-0.00024058633072811473
-0.0021806026344192613	-0.0043612052688385234	0.0021806026344192613	0.0021806026344192617	0.002180602634419261	-0.0021806026344192613	0.9956387947311613	0.002180602634419261	0.0021806026344192617	0.0021806026344192617	-0.002184358802838593	-0.0043574481388326996	0.0021806016728327694	0.002180602807814632	0.0021806024610238903	-0.0009623453229124589
0.0010903013172096306	0.0021806026344192617	-0.0010903013172096306	-0.0010903013172096309	-0.0010903013172096304	0.0010903013172096309	0.0021806026344192617	0.9989096986827904	-0.0010903013172096309	-0.0010903013172096306	0.0010921794014192967	0.0021787240694163498	-0.001090300836416385	-0.0010903014039073157	-0.0010903012305119454	0.00048117266145622934
0.0016354519758144457	0.0032709039516288915	-0.0016354519758144455	-0.0016354519758144464	-0.0016354519758144457	0.001635451975814446	0.003270903951628892	-0.001635451975814446	0.9983645480241855	-0.0016354519758144464	0.0016382691021289443	0.0032680861041245253	-0.0016354512546245773	-0.0016354521058609742	-0.0016354518457679182	0.0007217589921843444
0.003270903951628892	0.006541807903257785	-0.0032709039516288915	-0.003270903951628893	-0.003270903951628892	0.0032709039516288924	0.006541807903257785	-0.0032709039516288924	-0.0032709039516288932	0.9967290960483711	0.0032765382042578895	0.0065361722082490515	-0.0032709025092491546	-0.003270904211721949	-0.0032709036915358363	0.001443517984368689
-0.0005448548193485979	-0.0010897096386971955	0.0005448548193485978	0.0005448548193485979	0.0005448548193485978	-0.0005448548193485979	-0.0010897096386971957	0.000544854819348598	0.000544854819348598	0.000544854819348598	0.9846281185800736	0.013732980394857184	0.0005491913863715325	0.0005448235408870928	0.0005448860978101031	-0.015534430394051661
-0.00212577278396101	-0.00425154556792202	0.0021257727839610096	0.0021257727839610104	0.00212577278396101	-0.0021257727839610104	-0.004251545567922021	0.0021257727839610104	0.002125772783961011	0.002125772783961011	0.030323795738161165	0.9632984594979962	0.002126199195920493	0.0021257109904942706	0.0021258345774277485	-0.031048913393890425
0.001090301314205589	0.0021806026284111775	-0.0010903013142055887	-0.001090301314205589	-0.001090301314205589	0.0010903013142055892	0.0021806026284111784	-0.001090301314205589	-0.0010903013142055892	-0.0010903013142055892	0.001100855604786119	0.0021784140373668414	0.9989013329862586	-0.0010903014176437051	-0.0010903012107674741	0.000473122649261579
0.0016354551572376097	0.0032709103144752194	-0.0016354551572376095	-0.0016354551572376102	-0.0016354551572376097	0.00163545515723761	0.00327091031447522	-0.00163545515723761	-0.00163545515723761	-0.00163545515723761	0.0016383554508544403	0.0032680092776996364	-0.0016354544140788582	0.9983626209824349	-0.001633531296910262	0.0007199215874485836
0.0032709039500981463	0.006541807900196292	-0.003270903950098146	-0.003270903950098147	-0.0032709039500981463	0.0032709039500981468	0.0065418079001962936	-0.0032709039500981468	-0.0032709039500981476	-0.0032709039500981476	0.003276704531934439	0.006536005832043864	-0.003270902463782009	-0.003267056763972698	0.9967252488637762	0.0014398402442022406
-0.0016337214244160985	-0.003267442848832197	0.0016337214244160983	0.0016337214244160987	0.0016337214244160983	-0.0016337214244160987	-0.0032674428488321974	0.0016337214244160985	0.001633721424416099	0.001633721424416099	-0.0905430719810134	0.08566608520410818	0.0016095439280730272	0.0016373810692800561	0.001630061779552141	0.9075110990306925