0.999304950887867	-0.001390098224265404	0.0006950491121327023	0.0006950491121327021	0.0006950491121327022	-0.0006950491121327021	-0.0013900982242654038	0.0006950491121327022	0.0006950491121327021	0.0006950491121327023	-0.000696765511696742	-0.0013883813967379792	0.0006950486841693161	0.0006950491981982418	0.0006950490260671633	-0.0002982292153269246
-0.0027801964485308084	0.9944396071029384	0.00278019644853081	0.0027801964485308093	0.0027801964485308093	-0.002780196448530809	-0.005560392897061616	0.0027801964485308097	0.0027801964485308093	0.00278019644853081	-0.0027870620467869665	-0.005553525586951913	0.002780194736677263	0.002780196792792966	0.0027801961042686523	-0.0011929168613076988
0.0013900982242654046	0.002780196448530809	0.9986099017757356	-0.0013900982242654044	-0.0013900982242654046	0.0013900982242654044	0.002780196448530808	-0.0013900982242654046	-0.0013900982242654046	-0.0013900982242654053	0.0013935310233934835	0.002776762793475958	-0.0013900973683386322	-0.0013900983963964833	-0.0013900980521343272	0.0005964584306538494
0.0020851473363981085	0.004170294672796216	-0.0020851473363981085	0.9979148526636025	-0.0020851473363981085	0.0020851473363981085	0.004170294672796215	-0.0020851473363981085	-0.0020851473363981076	-0.002085147336398108	0.0020902965350902253	0.004165144190213938	-0.0020851460525079485	-0.0020851475945947245	-0.0020851470782014894	0.0008946876459807731
0.004170294672796218	0.008340589345592434	-0.004170294672796218	-0.004170294672796215	0.9958297053272044	0.004170294672796216	0.008340589345592429	-0.004170294672796216	-0.004170294672796214	-0.004170294672796215	0.00418059307018045	0.008330288380427875	-0.004170292105015896	-0.004170295189189451	-0.004170294156402978	0.0017893752919615471
-0.0006950491121327021	-0.001390098224265404	0.0006950491121327022	0.0006950491121327022	0.0006950491121327023	0.9993049508878672	-0.001390098224265404	0.0006950491121327022	0.0006950491121327022	0.0006950491121327024	-0.0006967655116967419	-0.0013883813967379788	0.0006950486841693159	0.0006950491981982414	0.0006950490260671632	-0.0002982292153269246
-0.002780196448530807	-0.005560392897061613	0.0027801964485308084	0.0027801964485308075	0.0027801964485308084	-0.0027801964485308075	0.994439607102938	0.0027801964485308084	0.002780196448530808	0.002780196448530809	-0.0027870620467869665	-0.005553525586951913	0.0027801947366772623	0.002780196792792965	0.002780196104268653	-0.0011929168613076982
0.0013900982242654042	0.002780196448530808	-0.0013900982242654046	-0.0013900982242654044	-0.0013900982242654048	0.0013900982242654044	0.002780196448530808	0.9986099017757352	-0.0013900982242654046	-0.001390098224265405	0.0013935310233934837	0.0027767627934759576	-0.0013900973683386318	-0.0013900983963964833	-0.0013900980521343268	0.0005964584306538494
0.0020851473363981085	0.004170294672796216	-0.0020851473363981085	-0.002085147336398107	-0.002085147336398108	0.002085147336398107	0.0041702946727962134	-0.0020851473363981076	0.9979148526636021	-0.002085147336398107	0.0020902965350902253	0.0041651441902139374	-0.0020851460525079476	-0.002085147594594724	-0.0020851470782014894	0.0008946876459807733
0.004170294672796217	0.008340589345592432	-0.004170294672796217	-0.004170294672796214	-0.004170294672796216	0.004170294672796214	0.008340589345592427	-0.004170294672796215	-0.0041702946727962134	0.9958297053272043	0.00418059307018045	0.008330288380427873	-0.004170292105015895	-0.004170295189189449	-0.004170294156402979	0.0017893752919615471
-0.0006944783241339878	-0.001388956648267975	0.0006944783241339876	0.0006944783241339877	0.0006944783241339879	-0.0006944783241339879	-0.0013889566482679753	0.0006944783241339879	0.0006944783241339878	0.000694478324133988	0.98135801207229	0.01655324914151872	0.0006997821379233817	0.0006944291260904817	0.0006945275221774944	-0.018931516910780866
-0.0026932267300108065	-0.005386453460021611	0.002693226730010807	0.0026932267300108065	0.002693226730010807	-0.0026932267300108074	-0.005386453460021614	0.0026932267300108074	0.0026932267300108074	0.0026932267300108083	0.03731104559173866	0.9546086589407893	0.002693842007450152	0.0026931297985901908	0.002693323661431424	-0.03772286241898914
0.001390098217322302	0.0027801964346446033	-0.0013900982173223023	-0.0013900982173223018	-0.0013900982173223025	0.0013900982173223025	0.0027801964346446037	-0.0013900982173223025	-0.0013900982173223023	-0.0013900982173223027	0.001404144986653972	0.0027763130651948307	0.9985997383827961	-0.0013900984155958591	-0.001390098019048745	0.0005867542400230347
0.0020851525231852055	0.00417030504637041	-0.002085152523185206	-0.002085152523185205	-0.002085152523185205	0.002085152523185205	0.004170305046370409	-0.002085152523185205	-0.0020851525231852046	-0.002085152523185205	0.0020904293101174603	0.004165026942204223	-0.002085151205951273	0.9979123947817385	-0.002082699828108748	0.0008923682129611217
0.004170294669095096	0.008340589338190192	-0.004170294669095098	-0.004170294669095096	-0.004170294669095097	0.004170294669095095	0.00834058933819019	-0.004170294669095097	-0.004170294669095095	-0.004170294669095096	0.004180848230628592	0.008330033142191847	-0.00417029203463025	-0.0041653903348739104	0.995824800996684	0.0017847317286258748
-0.002081792841727409	-0.004163585683454817	0.0020817928417274094	0.0020817928417274077	0.0020817928417274085	-0.0020817928417274072	-0.0041635856834548145	0.0020817928417274077	0.0020817928417274077	0.0020817928417274077	-0.10970099948144052	0.10348478308464541	0.0020526307133402685	0.0020864022448563216	0.002077183438598495	0.8873003587502365