0.9976729245690683	-0.0046541508618627905	0.0023270754309313957	0.0023270754309313952	0.0023270754309313965	-0.002327075430931396	-0.004654150861862791	0.002327075430931397	0.0023270754309313965	0.0023270754309313965	-0.00234404704448455	-0.004637177854355871	0.00232707403697763	0.002327077768379515	0.0023270730934832748	-0.0007811144116000898
-0.00930830172372558	0.9813833965525487	0.009308301723725584	0.009308301723725584	0.009308301723725588	-0.009308301723725584	-0.018616603447451165	0.009308301723725586	0.009308301723725586	0.009308301723725584	-0.0093761881779382	-0.01854871141742349	0.009308296147910525	0.009308311073518061	0.009308292373933099	-0.00312445764640036
0.004654150861862792	0.009308301723725588	0.9953458491381372	-0.004654150861862791	-0.004654150861862793	0.004654150861862791	0.009308301723725581	-0.004654150861862792	-0.004654150861862793	-0.004654150861862791	0.0046880940889691015	0.00927435570871174	-0.004654148073955261	-0.0046541555367590305	-0.0046541461869665495	0.0015622288232001794
0.00698122629279418	0.013962452585588361	-0.0069812262927941805	0.9930187737072056	-0.006981226292794182	0.006981226292794181	0.013962452585588361	-0.006981226292794183	-0.006981226292794184	-0.006981226292794181	0.007032141133453647	0.013911533563067615	-0.006981222110932891	-0.006981233305138546	-0.006981219280449822	0.002343343234800269
0.013962452585588361	0.02792490517117673	-0.013962452585588364	-0.013962452585588364	0.9860375474144116	0.013962452585588364	0.027924905171176732	-0.01396245258558837	-0.013962452585588373	-0.013962452585588368	0.014064282266907296	0.02782306712613523	-0.013962444221865785	-0.013962466610277094	-0.013962438560899647	0.004686686469600538
-0.002327075430931395	-0.004654150861862791	0.0023270754309313952	0.0023270754309313952	0.0023270754309313957	0.9976729245690689	-0.00465415086186279	0.0023270754309313957	0.0023270754309313957	0.0023270754309313952	-0.00234404704448455	-0.004637177854355871	0.00232707403697763	0.0023270777683795157	0.002327073093483274	-0.0007811144116000898
-0.009308301723725581	-0.01861660344745117	0.009308301723725581	0.009308301723725583	0.009308301723725584	-0.009308301723725583	0.9813833965525487	0.009308301723725584	0.009308301723725583	0.009308301723725581	-0.009376188177938206	-0.018548711417423487	0.009308296147910523	0.009308311073518063	0.0093082923739331	-0.0031244576464003588
0.004654150861862791	0.009308301723725584	-0.004654150861862791	-0.004654150861862792	-0.004654150861862792	0.004654150861862792	0.009308301723725583	0.9953458491381376	-0.004654150861862793	-0.004654150861862793	0.0046880940889691015	0.00927435570871174	-0.004654148073955262	-0.0046541555367590305	-0.0046541461869665495	0.0015622288232001798
0.0069812262927941805	0.013962452585588366	-0.006981226292794183	-0.006981226292794182	-0.006981226292794185	0.006981226292794183	0.01396245258558837	-0.006981226292794185	0.9930187737072064	-0.006981226292794184	0.007032141133453648	0.013911533563067615	-0.0069812221109328935	-0.006981233305138549	-0.006981219280449825	0.0023433432348002694
0.013962452585588361	0.02792490517117673	-0.013962452585588364	-0.013962452585588364	-0.013962452585588368	0.013962452585588364	0.027924905171176736	-0.013962452585588368	-0.013962452585588371	0.9860375474144113	0.014064282266907296	0.027823067126135234	-0.013962444221865785	-0.013962466610277098	-0.013962438560899647	0.004686686469600539
-0.0023146541515923244	-0.004629308303184649	0.002314654151592324	0.002314654151592324	0.002314654151592325	-0.002314654151592325	-0.004629308303184649	0.002314654151592324	0.0023146541515923244	0.0023146541515923244	0.9561530193267301	0.03689084628193045	0.002326826088154548	0.0023142315502865597	0.0023150767528980895	-0.04529999145385581
-0.008490454476769743	-0.016980908953539486	0.008490454476769741	0.008490454476769741	0.008490454476769743	-0.008490454476769743	-0.016980908953539486	0.008490454476769741	0.008490454476769745	0.008490454476769745	0.0925154577159457	0.8820113458607461	0.008492287469768663	0.00848963719456944	0.008491271758970045	-0.0888048230980158
0.004654150743455233	0.009308301486910467	-0.004654150743455233	-0.004654150743455234	-0.004654150743455235	0.004654150743455235	0.009308301486910468	-0.004654150743455233	-0.004654150743455235	-0.004654150743455235	0.004712785333664256	0.009272752798696741	0.99532276335455	-0.004654155631516506	-0.00465414585539396	0.0015406043701778822
0.00698128636254017	0.013962572725080344	-0.006981286362540171	-0.006981286362540171	-0.006981286362540171	0.00698128636254017	0.013962572725080342	-0.006981286362540172	-0.006981286362540173	-0.006981286362540173	0.007033156373508215	0.013910698304796963	-0.006981281953224844	0.9930105085078184	-0.006973081232898689	0.0023361482026413617
0.013962452367998172	0.02792490473599635	-0.013962452367998176	-0.013962452367998176	-0.013962452367998177	0.013962452367998176	0.027924904735996355	-0.013962452367998176	-0.013962452367998177	-0.013962452367998177	0.014066192093744165	0.027821156191615886	-0.013962443549363707	-0.013946070402655754	0.9860211656666594	0.0046722490431696795
-0.0069073392399838715	-0.013814678479967746	0.006907339239983873	0.006907339239983873	0.006907339239983873	-0.006907339239983872	-0.013814678479967746	0.006907339239983873	0.006907339239983876	0.006907339239983875	-0.25591185988201903	0.2352553395689091	0.006841841833142291	0.006921192593716403	0.006893485886251341	0.7305269296494529