0.999377195278432	-0.0012456094431356173	0.0006228047215678082	0.0006228047215678086	0.0006228047215678085	-0.0006228047215678086	-0.0012456094431356178	0.0006228047215678085	0.0006228047215678089	0.0006228047215678088	-0.0006241163608878767	-0.0012442974724536009	0.0006228043902058607	0.0006228047847591303	0.0006228046583764872	-0.0002708138332535827
-0.002491218886271235	0.995017562227458	0.002491218886271234	0.002491218886271235	0.0024912188862712347	-0.0024912188862712347	-0.004982437772542473	0.0024912188862712347	0.0024912188862712364	0.002491218886271235	-0.0024964654435515083	-0.004977189889814406	0.002491217560823442	0.002491219139036522	0.0024912186335059503	-0.0010832553330143312
0.001245609443135617	0.0024912188862712343	0.998754390556864	-0.0012456094431356176	-0.0012456094431356171	0.0012456094431356171	0.002491218886271235	-0.0012456094431356167	-0.0012456094431356173	-0.001245609443135617	0.001248232721775753	0.002488594944907202	-0.0012456087804117212	-0.0012456095695182615	-0.001245609316752974	0.0005416276665071653
0.0018684141647034268	0.0037368283294068544	-0.0018684141647034266	0.9981315858352968	-0.0018684141647034266	0.0018684141647034268	0.003736828329406855	-0.0018684141647034266	-0.0018684141647034276	-0.0018684141647034272	0.0018723490826636309	0.0037328924173608037	-0.0018684131706175819	-0.001868414354277393	-0.0018684139751294624	0.0008124414997607481
0.003736828329406854	0.007473656658813709	-0.0037368283294068536	-0.003736828329406855	0.996263171670593	0.003736828329406853	0.007473656658813709	-0.003736828329406853	-0.003736828329406855	-0.0037368283294068536	0.003744698165327261	0.007465784834721608	-0.003736826341235163	-0.0037368287085547854	-0.003736827950258923	0.001624882999521496
-0.0006228047215678087	-0.0012456094431356176	0.0006228047215678086	0.0006228047215678087	0.0006228047215678087	0.9993771952784316	-0.001245609443135618	0.0006228047215678086	0.000622804721567809	0.0006228047215678088	-0.0006241163608878768	-0.001244297472453601	0.0006228043902058603	0.0006228047847591304	0.0006228046583764874	-0.00027081383325358273
-0.002491218886271236	-0.004982437772542473	0.0024912188862712356	0.002491218886271236	0.002491218886271236	-0.0024912188862712356	0.9950175622274579	0.0024912188862712347	0.002491218886271236	0.002491218886271235	-0.002496465443551508	-0.004977189889814405	0.002491217560823441	0.002491219139036522	0.0024912186335059486	-0.0010832553330143312
0.0012456094431356173	0.002491218886271235	-0.0012456094431356171	-0.0012456094431356171	-0.0012456094431356173	0.0012456094431356171	0.002491218886271235	0.9987543905568641	-0.0012456094431356176	-0.0012456094431356171	0.0012482327217757537	0.002488594944907202	-0.0012456087804117205	-0.001245609569518261	-0.0012456093167529743	0.0005416276665071655
0.0018684141647034268	0.0037368283294068536	-0.0018684141647034266	-0.001868414164703427	-0.0018684141647034268	0.0018684141647034268	0.003736828329406854	-0.0018684141647034266	0.9981315858352969	-0.0018684141647034274	0.0018723490826636313	0.0037328924173608037	-0.0018684131706175819	-0.0018684143542773925	-0.0018684139751294615	0.0008124414997607483
0.003736828329406854	0.00747365665881371	-0.0037368283294068536	-0.0037368283294068553	-0.003736828329406855	0.0037368283294068544	0.007473656658813711	-0.003736828329406854	-0.0037368283294068557	0.9962631716705931	0.0037446981653272617	0.0074657848347216066	-0.0037368263412351633	-0.0037368287085547845	-0.003736827950258923	0.0016248829995214962
-0.0006223799571643137	-0.0012447599143286278	0.0006223799571643138	0.0006223799571643139	0.0006223799571643141	-0.0006223799571643139	-0.0012447599143286282	0.0006223799571643138	0.0006223799571643139	0.0006223799571643138	0.982896825223724	0.015231187401327397	0.0006272274606201429	0.0006223398332491018	0.000622420081079526	-0.01732953206116684
-0.0024205761302859693	-0.0048411522605719395	0.002420576130285969	0.00242057613028597	0.0024205761302859698	-0.0024205761302859698	-0.004841152260571941	0.0024205761302859693	0.002420576130285971	0.0024205761302859706	0.034003082902447204	0.9587346656035729	0.002421099233407822	0.0024204969755669795	0.0024206552850049635	-0.03458022714885216
0.0012456094383595572	0.0024912188767191147	-0.001245609438359557	-0.0012456094383595576	-0.0012456094383595576	0.0012456094383595574	0.002491218876719115	-0.0012456094383595572	-0.0012456094383595574	-0.0012456094383595574	0.0012579322831857756	0.0024882135934198336	0.9987450730001133	-0.0012456095861354522	-0.0012456092905836623	0.0005326990292266403
0.0018684183233759614	0.0037368366467519227	-0.0018684183233759612	-0.001868418323375962	-0.0018684183233759614	0.0018684183233759614	0.003736836646751923	-0.001868418323375961	-0.0018684183233759616	-0.0018684183233759612	0.001872458518850658	0.0037327954295377536	-0.00186841730163649	0.9981293838484901	-0.0018662204952421954	0.0008103533904092505
0.003736828326917529	0.007473656653835058	-0.0037368283269175284	-0.0037368283269175293	-0.0037368283269175284	0.0037368283269175284	0.007473656653835058	-0.0037368283269175275	-0.0037368283269175293	-0.0037368283269175293	0.0037449087093443683	0.007465574227931391	-0.003736826283440704	-0.0037324334475941495	0.9962587767937594	0.0016207029842625273
-0.0018659227510176679	-0.0037318455020353357	0.0018659227510176677	0.0018659227510176683	0.0018659227510176679	-0.001865922751017668	-0.003731845502035336	0.0018659227510176677	0.0018659227510176685	0.001865922751017668	-0.1006910938196523	0.09512014955018383	0.0018390987674331038	0.0018700770756541125	0.0018617684263812228	0.8968305755447761