0.9992760509018238	-0.0014478981963524191	0.0007239490981762097	0.0007239490981762096	0.0007239490981762096	-0.0007239490981762099	-0.0014478981963524193	0.0007239490981762098	0.00072394909817621	0.0007239490981762098	-0.000725842625478157	-0.001446004199506119	0.0007239486286318557	0.0007239491946618022	0.0007239490016906169	-0.000309014700250095
-0.0028957963927048387	0.9942084072145896	0.0028957963927048395	0.002895796392704839	0.002895796392704839	-0.0028957963927048404	-0.005791592785409678	0.002895796392704839	0.0028957963927048404	0.00289579639270484	-0.0029033705019126275	-0.005784016798024474	0.002895794514527422	0.0028957967786472074	0.002895796006762468	-0.0012360588010003797
0.0014478981963524193	0.0028957963927048387	0.9985521018036474	-0.0014478981963524195	-0.0014478981963524193	0.00144789819635242	0.0028957963927048387	-0.0014478981963524195	-0.00144789819635242	-0.0014478981963524195	0.0014516852509563146	0.002892008399012238	-0.0014478972572637117	-0.001447898389323604	-0.0014478980033812339	0.00061802940050019
0.002171847294528628	0.004343694589057255	-0.002171847294528628	0.9978281527054709	-0.0021718472945286274	0.0021718472945286282	0.004343694589057255	-0.0021718472945286282	-0.0021718472945286282	-0.0021718472945286287	0.0021775278764344696	0.004338012598518355	-0.0021718458858955665	-0.002171847583985405	-0.002171847005071851	0.0009270441007502841
0.004343694589057256	0.00868738917811451	-0.0043436945890572565	-0.004343694589057256	0.9956563054109424	0.0043436945890572565	0.00868738917811451	-0.0043436945890572565	-0.004343694589057257	-0.004343694589057257	0.004355055752868941	0.008676025197036709	-0.004343691771791131	-0.0043436951679708125	-0.004343694010143701	0.0018540882015005689
-0.0007239490981762097	-0.0014478981963524193	0.0007239490981762098	0.0007239490981762096	0.0007239490981762098	0.9992760509018241	-0.0014478981963524195	0.0007239490981762099	0.00072394909817621	0.0007239490981762098	-0.0007258426254781571	-0.0014460041995061192	0.000723948628631856	0.0007239491946618021	0.000723949001690617	-0.0003090147002500948
-0.0028957963927048374	-0.005791592785409675	0.002895796392704838	0.002895796392704837	0.002895796392704838	-0.002895796392704838	0.9942084072145899	0.0028957963927048382	0.0028957963927048387	0.0028957963927048387	-0.002903370501912628	-0.005784016798024475	0.0028957945145274234	0.0028957967786472087	0.0028957960067624673	-0.0012360588010003795
0.0014478981963524191	0.0028957963927048382	-0.0014478981963524193	-0.001447898196352419	-0.0014478981963524191	0.0014478981963524195	0.0028957963927048387	0.9985521018036475	-0.0014478981963524191	-0.001447898196352419	0.001451685250956314	0.002892008399012237	-0.0014478972572637113	-0.0014478983893236044	-0.0014478980033812336	0.0006180294005001895
0.0021718472945286282	0.004343694589057256	-0.0021718472945286287	-0.0021718472945286282	-0.0021718472945286282	0.0021718472945286287	0.004343694589057257	-0.002171847294528629	0.9978281527054718	-0.002171847294528629	0.0021775278764344704	0.004338012598518355	-0.002171845885895566	-0.0021718475839854067	-0.002171847005071851	0.0009270441007502844
0.0043436945890572565	0.008687389178114513	-0.004343694589057257	-0.0043436945890572565	-0.0043436945890572565	0.004343694589057257	0.008687389178114515	-0.004343694589057258	-0.004343694589057258	0.9956563054109431	0.004355055752868942	0.008676025197036712	-0.004343691771791134	-0.0043436951679708125	-0.0043436940101437005	0.0018540882015005687
-0.0007233125489286463	-0.0014466250978572924	0.0007233125489286464	0.0007233125489286461	0.0007233125489286462	-0.0007233125489286464	-0.0014466250978572926	0.0007233125489286464	0.0007233125489286465	0.0007233125489286462	0.9807603048602795	0.017064276038087	0.0007287940037759329	0.0007232595004336246	0.0007233655974236685	-0.019555272566004436
-0.002801868509301396	-0.005603737018602791	0.002801868509301396	0.0028018685093013957	0.002801868509301396	-0.0028018685093013965	-0.005603737018602793	0.0028018685093013965	0.002801868509301398	0.0028018685093013965	0.038604789449668345	0.9529889525496232	0.0028025209821057966	0.002801764043718622	0.0028019729748841693	-0.03894435422948421
0.0014478981883913257	0.0028957963767826515	-0.001447898188391326	-0.0014478981883913257	-0.0014478981883913257	0.001447898188391326	0.0028957963767826515	-0.0014478981883913257	-0.0014478981883913262	-0.001447898188391326	0.001462655331699772	0.002891530960333247	0.998541610084749	-0.0014478984095137313	-0.0014478979672689208	0.0006080253728521097
0.002171852924811243	0.004343705849622486	-0.0021718529248112434	-0.0021718529248112434	-0.002171852924811244	0.002171852924811244	0.004343705849622488	-0.0021718529248112447	-0.0021718529248112447	-0.0021718529248112442	0.0021776704643480214	0.004337886865731989	-0.00217185148045752	0.9978255924295452	-0.0021692982791681375	0.0009246326217264936
0.0043436945847733915	0.00868738916954678	-0.004343694584773391	-0.00434369458477339	-0.004343694584773391	0.0043436945847733915	0.008687389169546781	-0.0043436945847733915	-0.0043436945847733915	-0.004343694584773391	0.004355329649729239	0.008675751215886922	-0.004343691696069374	-0.004338586476390352	0.995651197306844	0.0018492601604090748
-0.002168103787491812	-0.004336207574983623	0.0021681037874918116	0.0021681037874918116	0.002168103787491812	-0.002168103787491812	-0.004336207574983623	0.0021681037874918124	0.0021681037874918124	0.002168103787491812	-0.11319806098279764	0.1067238162809751	0.0021380371268389722	0.002172893893218338	0.0021633136817652853	0.88358996008941