0.9981658074343077	-0.003668385131383851	0.001834192565691926	0.0018341925656919257	0.0018341925656919246	-0.0018341925656919257	-0.003668385131383851	0.0018341925656919257	0.0018341925656919257	0.0018341925656919248	-0.0018466804235049334	-0.0036558952645594734	0.0018341905566805537	0.0018341938006617442	0.001834191330722106	-0.0006597985118582321
-0.0073367702627677	0.985326459474465	0.007336770262767702	0.007336770262767701	0.007336770262767698	-0.007336770262767702	-0.014673540525535402	0.007336770262767702	0.007336770262767703	0.0073367702627677	-0.007386721694019733	-0.014623581058237885	0.007336762226722214	0.007336775202646977	0.007336765322888425	-0.002639194047432928
0.003668385131383851	0.007336770262767702	0.9963316148686162	-0.003668385131383852	-0.00366838513138385	0.003668385131383852	0.007336770262767702	-0.0036683851313838514	-0.0036683851313838523	-0.0036683851313838505	0.0036933608470098678	0.007311790529118944	-0.003668381113361108	-0.0036683876013234905	-0.003668382661444212	0.0013195970237164648
0.00550257769707578	0.01100515539415156	-0.005502577697075779	0.9944974223029245	-0.005502577697075777	0.005502577697075779	0.011005155394151558	-0.00550257769707578	-0.00550257769707578	-0.005502577697075778	0.005540041270514802	0.010967685793678418	-0.005502571670041664	-0.0055025814019852345	-0.005502573992166319	0.0019793955355746967
0.011005155394151554	0.02201031078830311	-0.011005155394151553	-0.011005155394151554	0.9889948446058481	0.011005155394151554	0.022010310788303112	-0.011005155394151558	-0.011005155394151556	-0.01100515539415155	0.011080082541029601	0.02193537158735683	-0.011005143340083323	-0.011005162803970465	-0.011005147984332633	0.003958791071149392
-0.0018341925656919248	-0.0036683851313838497	0.0018341925656919248	0.0018341925656919253	0.0018341925656919246	0.998165807434308	-0.0036683851313838505	0.0018341925656919253	0.0018341925656919255	0.0018341925656919246	-0.001846680423504934	-0.003655895264559473	0.0018341905566805537	0.0018341938006617448	0.0018341913307221053	-0.0006597985118582319
-0.0073367702627676985	-0.014673540525535397	0.0073367702627676985	0.0073367702627677	0.007336770262767698	-0.007336770262767701	0.9853264594744646	0.007336770262767701	0.007336770262767701	0.007336770262767698	-0.007386721694019732	-0.01462358105823789	0.007336762226722214	0.0073367752026469776	0.007336765322888422	-0.0026391940474329275
0.0036683851313838505	0.007336770262767702	-0.003668385131383851	-0.0036683851313838514	-0.00366838513138385	0.0036683851313838523	0.007336770262767703	0.9963316148686161	-0.0036683851313838527	-0.0036683851313838505	0.0036933608470098686	0.007311790529118947	-0.0036683811133611088	-0.003668387601323491	-0.0036683826614442123	0.0013195970237164642
0.005502577697075778	0.011005155394151556	-0.005502577697075778	-0.005502577697075779	-0.005502577697075775	0.005502577697075777	0.011005155394151553	-0.005502577697075778	0.9944974223029247	-0.005502577697075775	0.005540041270514802	0.010967685793678414	-0.005502571670041662	-0.005502581401985234	-0.005502573992166319	0.0019793955355746963
0.011005155394151556	0.022010310788303112	-0.011005155394151556	-0.011005155394151556	-0.01100515539415155	0.011005155394151554	0.022010310788303105	-0.011005155394151556	-0.011005155394151554	0.9889948446058483	0.0110800825410296	0.021935371587356832	-0.011005143340083326	-0.011005162803970469	-0.011005147984332638	0.003958791071149393
-0.0018272773781008397	-0.00365455475620168	0.00182727737810084	0.0018272773781008401	0.0018272773781008392	-0.0018272773781008401	-0.00365455475620168	0.0018272773781008401	0.0018272773781008403	0.0018272773781008395	0.9626156794360199	0.031891833052696814	0.001837932755081589	0.0018269967816554383	0.0018275579745462402	-0.03862122741543608
-0.0068084087592771726	-0.013616817518554345	0.006808408759277173	0.006808408759277175	0.006808408759277171	-0.006808408759277177	-0.013616817518554349	0.006808408759277177	0.006808408759277175	0.006808408759277174	0.07874111949274479	0.9008319092309311	0.006810153757769696	0.006807863960719596	0.006808953557834751	-0.07590700176839406
0.0036683850297197745	0.007336770059439549	-0.003668385029719774	-0.003668385029719775	-0.0036683850297197737	0.003668385029719776	0.00733677005943955	-0.003668385029719776	-0.0036683850297197763	-0.0036683850297197754	0.0037148239556191484	0.00731040041014059	0.9963115456936796	-0.0036683876428670165	-0.003668382416572533	0.0013008955246115869
0.005502614644945394	0.011005229289890789	-0.005502614644945394	-0.005502614644945394	-0.0055026146449453925	0.005502614644945394	0.011005229289890787	-0.005502614644945395	-0.005502614644945394	-0.0055026146449453925	0.005540726250351447	0.010967111499341788	-0.0055026084598024496	0.9944909161503348	-0.005496145440226	0.0019736132813202825
0.01100515529266516	0.022010310585330324	-0.011005155292665162	-0.011005155292665162	-0.011005155292665159	0.011005155292665162	0.02201031058533032	-0.011005155292665162	-0.011005155292665162	-0.01100515529266516	0.011081378305062175	0.02193407520267217	-0.011005142922404029	-0.010992231857138112	0.9889819212718076	0.003947196312208458
-0.005461503008362972	-0.010923006016725946	0.005461503008362972	0.005461503008362973	0.005461503008362971	-0.005461503008362975	-0.010923006016725946	0.005461503008362975	0.005461503008362974	0.005461503008362973	-0.21864622865976513	0.20231822267400248	0.005404999969036833	0.005472746559842965	0.005450259456882982	0.770238613115204