0.9976747382486286	-0.004650523502742983	0.002325261751371492	0.002325261751371491	0.002325261751371491	-0.0023252617513714905	-0.004650523502742982	0.0023252617513714914	0.002325261751371491	0.002325261751371491	-0.0023422194931196124	-0.004633564361978928	0.002325260352355556	0.002325264083950773	0.0023252594187922106	-0.0007807052315784553
-0.00930104700548596	0.9813979059890284	0.009301047005485969	0.009301047005485966	0.009301047005485966	-0.009301047005485964	-0.01860209401097193	0.009301047005485967	0.009301047005485966	0.009301047005485966	-0.009368877972478448	-0.018534257447915724	0.009301041409422223	0.009301056335803096	0.009301037675168844	-0.0031228209263138226
0.00465052350274298	0.009301047005485962	0.9953494764972575	-0.004650523502742981	-0.004650523502742982	0.004650523502742981	0.009301047005485964	-0.004650523502742983	-0.004650523502742982	-0.004650523502742983	0.004684438986239223	0.009267128723957858	-0.004650520704711111	-0.004650528167901548	-0.0046505188375844195	0.0015614104631569102
0.006975785254114477	0.013951570508228955	-0.006975785254114477	0.9930242147458854	-0.006975785254114476	0.006975785254114474	0.013951570508228952	-0.0069757852541144786	-0.006975785254114478	-0.006975785254114477	0.0070266584793588355	0.013900693085936788	-0.006975781057066666	-0.006975792251852323	-0.006975778256376631	0.0023421156947353657
0.013951570508228955	0.02790314101645792	-0.013951570508228959	-0.013951570508228959	0.9860484294917712	0.013951570508228952	0.02790314101645791	-0.01395157050822896	-0.013951570508228959	-0.013951570508228955	0.014053316958717673	0.02780138617187358	-0.013951562114133335	-0.013951584503704647	-0.013951556512753264	0.004684231389470732
-0.002325261751371491	-0.004650523502742983	0.002325261751371492	0.0023252617513714914	0.002325261751371491	0.9976747382486284	-0.004650523502742982	0.0023252617513714923	0.0023252617513714923	0.0023252617513714923	-0.002342219493119613	-0.004633564361978929	0.002325260352355556	0.0023252640839507743	0.0023252594187922106	-0.0007807052315784552
-0.009301047005485964	-0.01860209401097193	0.009301047005485967	0.009301047005485966	0.009301047005485964	-0.009301047005485967	0.9813979059890279	0.009301047005485967	0.009301047005485966	0.009301047005485967	-0.009368877972478451	-0.018534257447915717	0.009301041409422221	0.009301056335803096	0.009301037675168839	-0.003122820926313821
0.004650523502742982	0.009301047005485966	-0.004650523502742984	-0.004650523502742983	-0.004650523502742982	0.004650523502742984	0.009301047005485967	0.9953494764972575	-0.0046505235027429846	-0.004650523502742985	0.004684438986239226	0.009267128723957858	-0.0046505207047111115	-0.004650528167901547	-0.004650518837584422	0.0015614104631569109
0.006975785254114476	0.013951570508228959	-0.0069757852541144786	-0.006975785254114478	-0.006975785254114476	0.006975785254114475	0.013951570508228952	-0.006975785254114478	0.9930242147458856	-0.006975785254114478	0.007026658479358837	0.013900693085936788	-0.006975781057066666	-0.006975792251852324	-0.006975778256376631	0.002342115694735366
0.013951570508228959	0.027903141016457928	-0.013951570508228962	-0.01395157050822896	-0.013951570508228959	0.013951570508228955	0.027903141016457914	-0.013951570508228962	-0.013951570508228959	0.9860484294917712	0.014053316958717674	0.027801386171873575	-0.013951562114133335	-0.01395158450370465	-0.013951556512753264	0.004684231389470732
-0.0023128642553748137	-0.004625728510749628	0.002312864255374814	0.0023128642553748133	0.0023128642553748137	-0.0023128642553748137	-0.0046257285107496274	0.0023128642553748146	0.0023128642553748133	0.002312864255374814	0.9561759054907563	0.03687333469765787	0.002325031300836311	0.0023124422162926813	0.002313286294456946	-0.04527655626646793
-0.008484370367093909	-0.016968740734187814	0.008484370367093909	0.008484370367093909	0.008484370367093909	-0.008484370367093909	-0.016968740734187818	0.008484370367093914	0.008484370367093912	0.008484370367093912	0.09246771707827998	0.8820773386315167	0.008486203556015376	0.008483554161893846	0.00848518657229398	-0.08875953920878776
0.004650523384258959	0.009301046768517923	-0.0046505233842589625	-0.004650523384258961	-0.004650523384258961	0.004650523384258962	0.009301046768517921	-0.0046505233842589625	-0.004650523384258962	-0.004650523384258962	0.004709119514945931	0.009265526372242726	0.9953264008813294	-0.004650528262307134	-0.004650518506210792	0.0015397962471722587
0.006975845228049718	0.01395169045609944	-0.00697584522804972	-0.006975845228049719	-0.006975845228049718	0.006975845228049716	0.013951690456099435	-0.00697584522804972	-0.006975845228049719	-0.006975845228049717	0.007027672406830151	0.01389985885308794	-0.006975840803818655	0.9930159560268249	-0.006967646482924486	0.002334925776174207
0.013951570291179712	0.02790314058235944	-0.013951570291179717	-0.013951570291179716	-0.013951570291179714	0.01395157029117971	0.027903140582359424	-0.01395157029117972	-0.013951570291179714	-0.013951570291179714	0.014055224352821066	0.02779947767225237	-0.013951561442714	-0.013935201036075847	0.9860320604537164	0.004669804259261681
-0.006902039996496762	-0.013804079992993528	0.006902039996496764	0.006902039996496763	0.006902039996496762	-0.0069020399964967605	-0.013804079992993521	0.006902039996496765	0.006902039996496763	0.0069020399964967605	-0.25578008736980584	0.23513943317667393	0.006836574200138482	0.006915883998747779	0.006888195994245746	0.7306663238124373