0.9994674898702224	-0.0010650202595550852	0.0005325101297775426	0.0005325101297775426	0.0005325101297775426	-0.0005325101297775426	-0.0010650202595550854	0.0005325101297775426	0.0005325101297775426	0.0005325101297775428	-0.0005333947627054914	-0.00106413539968768	0.0005325099028380865	0.0005325101703327292	0.0005325100892223562	-0.00023558786790274622
-0.0021300405191101704	0.9957399189617797	0.002130040519110171	0.0021300405191101704	0.002130040519110171	-0.002130040519110171	-0.0042600810382203425	0.002130040519110171	0.002130040519110171	0.002130040519110172	-0.0021335790508219656	-0.004256541598750721	0.002130039611352346	0.002130040681330918	0.002130040356889425	-0.0009423514716109848
0.0010650202595550854	0.00213004051911017	0.998934979740445	-0.0010650202595550854	-0.0010650202595550856	0.0010650202595550854	0.0021300405191101712	-0.0010650202595550856	-0.0010650202595550856	-0.001065020259555086	0.0010667895254109834	0.0021282707993753613	-0.0010650198056761724	-0.0010650203406654588	-0.0010650201784447126	0.00047117573580549255
0.001597530389332629	0.003195060778665257	-0.0015975303893326284	0.9984024696106674	-0.0015975303893326293	0.001597530389332629	0.003195060778665258	-0.001597530389332629	-0.0015975303893326293	-0.0015975303893326293	0.0016001842881164744	0.0031924061990630435	-0.0015975297085142586	-0.0015975305109981884	-0.0015975302676670684	0.000706763603708239
0.0031950607786652594	0.006390121557330517	-0.0031950607786652586	-0.0031950607786652586	0.9968049392213347	0.0031950607786652577	0.006390121557330515	-0.003195060778665258	-0.003195060778665258	-0.0031950607786652586	0.003200368576232948	0.006384812398126087	-0.003195059417028518	-0.003195061021996376	-0.0031950605353341373	0.0014135272074164776
-0.0005325101297775425	-0.0010650202595550847	0.0005325101297775425	0.0005325101297775425	0.0005325101297775426	0.9994674898702223	-0.0010650202595550856	0.0005325101297775427	0.0005325101297775428	0.000532510129777543	-0.0005333947627054913	-0.0010641353996876806	0.0005325099028380864	0.0005325101703327293	0.0005325100892223562	-0.00023558786790274622
-0.0021300405191101704	-0.00426008103822034	0.0021300405191101704	0.0021300405191101704	0.002130040519110171	-0.0021300405191101712	0.9957399189617798	0.002130040519110171	0.0021300405191101712	0.002130040519110172	-0.002133579050821966	-0.004256541598750722	0.0021300396113523457	0.0021300406813309167	0.0021300403568894253	-0.0009423514716109849
0.0010650202595550854	0.0021300405191101704	-0.0010650202595550854	-0.0010650202595550854	-0.0010650202595550856	0.0010650202595550858	0.0021300405191101717	0.9989349797404451	-0.0010650202595550856	-0.001065020259555086	0.001066789525410983	0.0021282707993753613	-0.0010650198056761729	-0.0010650203406654588	-0.0010650201784447126	0.00047117573580549255
0.0015975303893326293	0.0031950607786652577	-0.0015975303893326289	-0.0015975303893326289	-0.001597530389332629	0.001597530389332629	0.0031950607786652577	-0.0015975303893326289	0.9984024696106674	-0.001597530389332629	0.0016001842881164744	0.003192406199063044	-0.0015975297085142593	-0.0015975305109981882	-0.0015975302676670693	0.0007067636037082392
0.003195060778665258	0.0063901215573305145	-0.0031950607786652573	-0.0031950607786652573	-0.0031950607786652577	0.0031950607786652577	0.0063901215573305145	-0.0031950607786652573	-0.0031950607786652573	0.9968049392213351	0.003200368576232947	0.006384812398126086	-0.0031950594170285177	-0.003195061021996375	-0.003195060535334137	0.0014135272074164776
-0.0005322326483407369	-0.0010644652966814736	0.0005322326483407368	0.0005322326483407367	0.0005322326483407368	-0.0005322326483407368	-0.001064465296681474	0.0005322326483407369	0.0005322326483407369	0.0005322326483407369	0.9849181018026871	0.013480948953521216	0.0005364839471100994	0.0005322027178617565	0.0005322625788197173	-0.015234559316625505
-0.002077610901696505	-0.00415522180339301	0.002077610901696505	0.002077610901696505	0.002077610901696506	-0.002077610901696506	-0.004155221803393013	0.0020776109016965067	0.0020776109016965067	0.002077610901696507	0.029712193733259794	0.9640545625478907	0.0020780219154566382	0.0020775517571224545	0.0020776700462705575	-0.030457956810610486
0.0010650202567893993	0.0021300405135787986	-0.0010650202567893993	-0.001065020256789399	-0.0010650202567893993	0.0010650202567893993	0.0021300405135787994	-0.0010650202567893995	-0.0010650202567893995	-0.0010650202567893997	0.0010752949876572675	0.002127972089244872	0.9989267734366764	-0.0010650203539288871	-0.0010650201596499125	0.0004632735012183442
0.001597533424175698	0.0031950668483513955	-0.001597533424175698	-0.0015975334241756982	-0.001597533424175698	0.0015975334241756982	0.003195066848351396	-0.001597533424175698	-0.0015975334241756982	-0.001597533424175698	0.0016002670846249943	0.0031923324859948784	-0.0015975327222684747	0.9984005873136059	-0.0015956541619574064	0.0007049672208829661
0.003195060777260933	0.0063901215545218645	-0.0031950607772609327	-0.0031950607772609327	-0.0031950607772609327	0.0031950607772609323	0.006390121554521864	-0.0031950607772609323	-0.0031950607772609323	-0.0031950607772609327	0.0032005280931838606	0.006384652834785752	-0.0031950593734477476	-0.0031913027531810705	0.9968011811986589	0.0014099316418798378
-0.0015959080550259606	-0.003191816110051921	0.0015959080550259606	0.0015959080550259606	0.0015959080550259608	-0.0015959080550259608	-0.0031918161100519212	0.0015959080550259606	0.0015959080550259606	0.0015959080550259608	-0.08884220529157012	0.08407821373464222	0.0015721754468759372	0.0015994866173915656	0.0015923294926603552	0.9092954271114452