0.9990682928913417	-0.0018634142173172628	0.0009317071086586318	0.0009317071086586319	0.0009317071086586317	-0.000931707108658632	-0.001863414217317263	0.0009317071086586317	0.0009317071086586318	0.0009317071086586318	-0.0009351091484020583	-0.001860011370409689	0.0009317063014944838	0.0009317073035185413	0.0009317069137987216	-0.00038371562123808704
-0.0037268284346345278	0.9925463431307305	0.0037268284346345265	0.0037268284346345273	0.0037268284346345265	-0.0037268284346345278	-0.007453656869269052	0.0037268284346345265	0.0037268284346345273	0.003726828434634527	-0.003740436593608232	-0.007440045481638753	0.0037268252059779344	0.0037268292140741647	0.003726827655194885	-0.0015348624849523477
0.0018634142173172643	0.0037268284346345273	0.9981365857826826	-0.0018634142173172643	-0.0018634142173172639	0.0018634142173172645	0.003726828434634527	-0.0018634142173172637	-0.001863414217317264	-0.001863414217317264	0.0018702182968041172	0.00372002274081938	-0.001863412602988968	-0.0018634146070370826	-0.0018634138275974432	0.0007674312424761744
0.002795121325975897	0.0055902426519517925	-0.0027951213259758967	0.9972048786740242	-0.0027951213259758963	0.0027951213259758963	0.005590242651951789	-0.002795121325975895	-0.0027951213259758954	-0.0027951213259758967	0.002805327445206176	0.005580034111229066	-0.002795118904483452	-0.0027951219105556246	-0.002795120741396165	0.0011511468637142612
0.005590242651951795	0.011180485303903587	-0.005590242651951794	-0.005590242651951793	0.9944097573480484	0.005590242651951794	0.011180485303903583	-0.0055902426519517925	-0.005590242651951793	-0.005590242651951796	0.005610654890412353	0.011160068222458136	-0.005590237808966906	-0.005590243821111249	-0.005590241482792329	0.0023022937274285223
-0.0009317071086586316	-0.001863414217317263	0.0009317071086586316	0.0009317071086586314	0.0009317071086586314	0.9990682928913418	-0.001863414217317263	0.0009317071086586316	0.0009317071086586317	0.0009317071086586317	-0.0009351091484020585	-0.0018600113704096892	0.0009317063014944841	0.0009317073035185414	0.0009317069137987214	-0.00038371562123808704
-0.0037268284346345265	-0.007453656869269052	0.0037268284346345265	0.0037268284346345256	0.0037268284346345256	-0.003726828434634526	0.9925463431307306	0.003726828434634526	0.003726828434634527	0.0037268284346345265	-0.0037404365936082335	-0.007440045481638755	0.0037268252059779357	0.003726829214074165	0.003726827655194885	-0.001534862484952348
0.0018634142173172643	0.0037268284346345278	-0.0018634142173172643	-0.0018634142173172639	-0.0018634142173172639	0.001863414217317264	0.003726828434634527	0.9981365857826824	-0.0018634142173172637	-0.0018634142173172637	0.0018702182968041174	0.003720022740819379	-0.0018634126029889685	-0.001863414607037083	-0.0018634138275974432	0.0007674312424761743
0.0027951213259758967	0.005590242651951792	-0.0027951213259758963	-0.002795121325975896	-0.0027951213259758963	0.0027951213259758963	0.005590242651951791	-0.002795121325975896	0.997204878674024	-0.0027951213259758967	0.0028053274452061756	0.005580034111229065	-0.0027951189044834526	-0.002795121910555625	-0.002795120741396165	0.0011511468637142616
0.0055902426519517925	0.011180485303903583	-0.0055902426519517925	-0.005590242651951792	-0.0055902426519517925	0.0055902426519517925	0.011180485303903582	-0.005590242651951792	-0.005590242651951792	0.9944097573480486	0.005610654890412349	0.01116006822245813	-0.0055902378089669035	-0.005590243821111248	-0.005590241482792328	0.002302293727428523
-0.0009304667573147674	-0.0018609335146295347	0.0009304667573147674	0.0009304667573147671	0.0009304667573147674	-0.0009304667573147676	-0.0018609335146295347	0.0009304667573147673	0.0009304667573147674	0.0009304667573147673	0.9767255870062495	0.02047633057736859	0.0009371489017524283	0.000930382514688871	0.0009305509999406632	-0.02378429641426363
-0.003575932218478566	-0.00715186443695713	0.003575932218478566	0.003575932218478566	0.003575932218478566	-0.0035759322184785673	-0.007151864436957131	0.003575932218478566	0.003575932218478567	0.0035759322184785655	0.04744736134975929	0.9418239234139213	0.0035768507993624746	0.0035757668803296978	0.0035760975566274315	-0.04719723176876933
0.0018634141992854155	0.0037268283985708306	-0.0018634141992854155	-0.0018634141992854153	-0.0018634141992854153	0.0018634141992854155	0.0037268283985708297	-0.0018634141992854149	-0.001863414199285415	-0.0018634141992854149	0.0018835983230368401	0.0037193446128983	0.9981238854626358	-0.0018634146333110387	-0.0018634137652597906	0.0007554245831776434
0.002795130689706054	0.005590261379412106	-0.002795130689706053	-0.002795130689706053	-0.0027951306897060534	0.002795130689706053	0.005590261379412105	-0.002795130689706053	-0.002795130689706053	-0.0027951306897060534	0.0028055479906748107	0.005579841602633074	-0.0027951282138957787	0.9972015818248798	-0.0027918432042919514	0.0011480812806338345
0.005590242641494161	0.01118048528298832	-0.005590242641494162	-0.005590242641494161	-0.005590242641494162	0.005590242641494162	0.01118048528298832	-0.005590242641494161	-0.005590242641494161	-0.005590242641494162	0.005611077211620329	0.011159645761248933	-0.005590237689880936	-0.005583670050136441	0.9944031847671475	0.002296154284685537
-0.0027878002871819735	-0.005575600574363945	0.002787800287181973	0.0027878002871819726	0.0027878002871819735	-0.002787800287181974	-0.005575600574363945	0.0027878002871819726	0.002787800287181973	0.002787800287181973	-0.1367654502358155	0.12843816689251353	0.002751682768937929	0.0027938680051875493	0.0027817325691763964	0.8584383409040474