0.9994313734612142	-0.0011372530775713428	0.0005686265387856714	0.0005686265387856713	0.0005686265387856714	-0.0005686265387856714	-0.0011372530775713428	0.0005686265387856713	0.0005686265387856713	0.0005686265387856714	-0.0005696712856023441	-0.0011362080643435887	0.0005686262723745897	0.0005686265876396121	0.0005686264899317317	-0.00024981052285046143
-0.0022745061551426846	0.9954509876897149	0.0022745061551426855	0.0022745061551426855	0.002274506155142686	-0.002274506155142686	-0.004549012310285373	0.002274506155142686	0.002274506155142686	0.0022745061551426864	-0.002278685142409376	-0.004544832257374352	0.002274505089498358	0.002274506350558448	0.002274505959726926	-0.0009992420914018457
0.001137253077571343	0.002274506155142686	0.9988627469224287	-0.0011372530775713425	-0.0011372530775713428	0.0011372530775713428	0.002274506155142685	-0.0011372530775713425	-0.0011372530775713428	-0.0011372530775713428	0.001139342571204688	0.002272416128687177	-0.0011372525447491794	-0.0011372531752792243	-0.0011372529798634632	0.0004996210457009228
0.0017058796163570147	0.00341175923271403	-0.0017058796163570147	0.9982941203836428	-0.001705879616357015	0.0017058796163570147	0.0034117592327140294	-0.0017058796163570147	-0.001705879616357015	-0.001705879616357015	0.0017090138568070326	0.003408624193030767	-0.0017058788171237685	-0.0017058797629188362	-0.0017058794697951943	0.0007494315685513842
0.0034117592327140302	0.006823518465428061	-0.0034117592327140302	-0.0034117592327140302	0.9965882407672861	0.003411759232714031	0.006823518465428062	-0.0034117592327140307	-0.003411759232714031	-0.003411759232714031	0.003418027713614067	0.006817248386061535	-0.0034117576342475382	-0.0034117595258376736	-0.00341175893959039	0.0014988631371027688
-0.0005686265387856715	-0.001137253077571343	0.0005686265387856715	0.0005686265387856716	0.0005686265387856716	0.9994313734612145	-0.0011372530775713432	0.0005686265387856716	0.0005686265387856715	0.0005686265387856715	-0.000569671285602344	-0.0011362080643435887	0.0005686262723745896	0.000568626587639612	0.0005686264899317314	-0.00024981052285046143
-0.002274506155142684	-0.004549012310285368	0.002274506155142684	0.0022745061551426846	0.0022745061551426846	-0.002274506155142684	0.9954509876897145	0.002274506155142685	0.002274506155142685	0.0022745061551426855	-0.0022786851424093754	-0.004544832257374352	0.0022745050894983584	0.0022745063505584476	0.002274505959726926	-0.000999242091401845
0.001137253077571343	0.002274506155142686	-0.001137253077571343	-0.001137253077571343	-0.0011372530775713432	0.001137253077571343	0.002274506155142686	0.9988627469224286	-0.001137253077571343	-0.0011372530775713434	0.0011393425712046877	0.002272416128687177	-0.0011372525447491794	-0.0011372531752792238	-0.0011372529798634628	0.0004996210457009229
0.0017058796163570151	0.0034117592327140307	-0.0017058796163570151	-0.0017058796163570151	-0.0017058796163570153	0.0017058796163570151	0.0034117592327140307	-0.0017058796163570151	0.9982941203836431	-0.0017058796163570155	0.0017090138568070328	0.0034086241930307674	-0.001705878817123769	-0.001705879762918836	-0.0017058794697951947	0.0007494315685513844
0.003411759232714031	0.006823518465428064	-0.003411759232714031	-0.003411759232714031	-0.003411759232714032	0.003411759232714031	0.006823518465428063	-0.003411759232714031	-0.003411759232714031	0.996588240767286	0.0034180277136140664	0.006817248386061534	-0.0034117576342475374	-0.0034117595258376728	-0.0034117589395903885	0.0014988631371027684
-0.0005682946845382394	-0.0011365893690764787	0.0005682946845382392	0.0005682946845382392	0.0005682946845382394	-0.0005682946845382391	-0.0011365893690764783	0.0005682946845382391	0.0005682946845382392	0.0005682946845382392	0.9840957815854784	0.014194841016936324	0.0005727880285086491	0.0005682608336333397	0.0005683285354431393	-0.016085527237485433
-0.002215088602833037	-0.004430177205666074	0.0022150886028330374	0.0022150886028330374	0.002215088602833038	-0.0022150886028330374	-0.004430177205666074	0.0022150886028330374	0.0022150886028330374	0.002215088602833038	0.031450086807667775	0.9619041920928331	0.002215543893833165	0.0022150217567290555	0.0022151554489370203	-0.0321341669233914
0.0011372530740886336	0.002274506148177267	-0.0011372530740886334	-0.0011372530740886334	-0.0011372530740886338	0.0011372530740886334	0.002274506148177267	-0.0011372530740886336	-0.0011372530740886334	-0.0011372530740886338	0.001148332734898199	0.002272084836639821	0.9988540885766392	-0.0011372531898926693	-0.0011372529582845986	0.0004913002039287357
0.0017058830792806867	0.003411766158561374	-0.0017058830792806869	-0.0017058830792806869	-0.0017058830792806873	0.0017058830792806873	0.0034117661585613746	-0.0017058830792806873	-0.0017058830792806873	-0.0017058830792806873	0.0017091069583055967	0.003408541456665479	-0.0017058822564097003	0.998292110234388	-0.001703876392949138	0.0007475181386155811
0.0034117592309275105	0.006823518461855023	-0.0034117592309275105	-0.0034117592309275105	-0.0034117592309275114	0.003411759230927511	0.006823518461855022	-0.003411759230927511	-0.0034117592309275105	-0.003411759230927511	0.0034182069827342343	0.006817069064307896	-0.0034117575851871085	-0.003407746460098314	0.9965842279982433	0.0014950330960432886
-0.0017039366606599075	-0.0034078733213198154	0.0017039366606599075	0.0017039366606599075	0.0017039366606599077	-0.0017039366606599075	-0.003407873321319815	0.0017039366606599077	0.0017039366606599075	0.0017039366606599073	-0.09366460920586431	0.08857779222577263	0.0016789436587718715	0.0017077464720178454	0.0017001268493019694	0.9042320103621873