0.997475151726431	-0.005049696547137309	0.0025248482735686553	0.0025248482735686535	0.002524848273568654	-0.002524848273568654	-0.005049696547137309	0.0025248482735686544	0.002524848273568655	0.002524848273568655	-0.0025431891342331437	-0.005031354990198425	0.0025248475772942595	0.0025248511805130627	0.0025248453666242483	-0.0008240671562397199
-0.010099393094274612	0.9798012138114505	0.01009939309427462	0.010099393094274612	0.010099393094274614	-0.010099393094274614	-0.02019878618854923	0.010099393094274616	0.010099393094274618	0.010099393094274618	-0.010172756536932573	-0.020125419960793707	0.010099390309177038	0.010099404722052247	0.010099381466496988	-0.0032962686249588783
0.005049696547137309	0.01009939309427462	0.9949503034528631	-0.005049696547137308	-0.005049696547137309	0.005049696547137309	0.010099393094274618	-0.005049696547137309	-0.005049696547137309	-0.00504969654713731	0.005086378268466288	0.010062709980396852	-0.00504969515458852	-0.005049702361026127	-0.005049690733248494	0.0016481343124794398
0.007574544820705961	0.015149089641411923	-0.007574544820705964	0.9924254551792936	-0.007574544820705961	0.007574544820705961	0.015149089641411928	-0.007574544820705964	-0.007574544820705964	-0.007574544820705962	0.007629567402699429	0.015094064970595273	-0.007574542731882782	-0.007574553541539187	-0.007574536099872743	0.00247220146871916
0.015149089641411918	0.030298179282823842	-0.015149089641411926	-0.015149089641411921	0.9848509103585881	0.015149089641411923	0.03029817928282386	-0.015149089641411928	-0.015149089641411928	-0.015149089641411926	0.015259134805398865	0.030188129941190543	-0.01514908546376556	-0.01514910708307837	-0.015149072199745482	0.00494440293743832
-0.002524848273568655	-0.0050496965471373105	0.0025248482735686557	0.002524848273568655	0.0025248482735686544	0.9974751517264314	-0.00504969654713731	0.002524848273568655	0.0025248482735686553	0.002524848273568655	-0.002543189134233144	-0.005031354990198428	0.0025248475772942603	0.0025248511805130627	0.0025248453666242474	-0.0008240671562397201
-0.010099393094274618	-0.02019878618854924	0.010099393094274621	0.010099393094274618	0.010099393094274616	-0.01009939309427462	0.9798012138114509	0.010099393094274618	0.01009939309427462	0.01009939309427462	-0.010172756536932578	-0.020125419960793704	0.010099390309177038	0.010099404722052249	0.01009938146649699	-0.00329626862495888
0.005049696547137309	0.01009939309427462	-0.005049696547137311	-0.005049696547137309	-0.005049696547137309	0.0050496965471373105	0.010099393094274621	0.9949503034528627	-0.0050496965471373105	-0.0050496965471373105	0.005086378268466289	0.010062709980396855	-0.005049695154588521	-0.005049702361026125	-0.005049690733248495	0.0016481343124794402
0.0075745448207059606	0.015149089641411921	-0.007574544820705963	-0.007574544820705962	-0.0075745448207059606	0.007574544820705963	0.01514908964141193	-0.007574544820705964	0.9924254551792944	-0.007574544820705963	0.0076295674026994305	0.015094064970595273	-0.007574542731882781	-0.007574553541539187	-0.007574536099872743	0.00247220146871916
0.015149089641411921	0.03029817928282385	-0.015149089641411928	-0.015149089641411925	-0.015149089641411925	0.015149089641411925	0.030298179282823863	-0.015149089641411932	-0.015149089641411928	0.9848509103585884	0.015259134805398863	0.030188129941190557	-0.01514908546376556	-0.015149107083078376	-0.015149072199745485	0.004944402937438321
-0.0025096657123990273	-0.0050193314247980545	0.0025096657123990277	0.002509665712399027	0.0025096657123990264	-0.0025096657123990273	-0.0050193314247980545	0.0025096657123990273	0.0025096657123990273	0.002509665712399027	0.9536883053207277	0.03877002023450031	0.002522343019973929	0.0025091801260053175	0.0025101512987927357	-0.04781464327376263
-0.009149221592997607	-0.018298443185995213	0.009149221592997608	0.009149221592997605	0.009149221592997605	-0.009149221592997607	-0.018298443185995213	0.009149221592997607	0.009149221592997605	0.009149221592997603	0.09761423360016447	0.8749363127713244	0.009151010442516217	0.009148283726433712	0.009150159459561501	-0.09366483010093977
0.005049696445921026	0.010099392891842052	-0.005049696445921027	-0.005049696445921026	-0.005049696445921025	0.005049696445921025	0.01009939289184205	-0.005049696445921025	-0.005049696445921025	-0.005049696445921023	0.005112192914106269	0.0100610551356448	0.9949261448420913	-0.005049702503769958	-0.005049690388072089	0.0016254109038045172
0.007574615820153167	0.015149231640306338	-0.007574615820153169	-0.007574615820153169	-0.0075746158201531666	0.007574615820153167	0.015149231640306335	-0.007574615820153168	-0.007574615820153168	-0.007574615820153167	0.007630730139171299	0.015093114974777623	-0.007574613473642586	0.9924164830218928	-0.0075657146621988525	0.002464452568422229
0.015149089359018163	0.030298178718036334	-0.015149089359018169	-0.015149089359018167	-0.015149089359018163	0.015149089359018167	0.03029817871803634	-0.01514908935901817	-0.01514908935901817	-0.015149089359018169	0.015261317677817885	0.030185945706181203	-0.015149084665962745	-0.015131322212673945	0.9848331434946375	0.004928849993229588
-0.007484192317274353	-0.014968384634548713	0.0074841923172743584	0.007484192317274357	0.007484192317274353	-0.007484192317274357	-0.014968384634548713	0.0074841923172743584	0.007484192317274357	0.007484192317274354	-0.27009617870470826	0.2477124971573703	0.007415296912789446	0.0074990546476226445	0.007469329986926068	0.7155667517166349