0.9999422541691797	-0.00011549166164081775	0.00005774583082040887	0.00005774583082040888	0.00005774583082040887	-0.00005774583082040886	-0.00011549166164081775	0.000057745830820408886	0.000057745830820408886	0.000057745830820408886	-0.00005774754472426082	-0.00011548994726668843	0.000057745830350131444	0.00005774583088114472	0.00005774583075967303	-0.00002842926926976687
-0.0002309833232816354	0.999538033353437	0.00023098332328163538	0.00023098332328163544	0.0002309833232816354	-0.00023098332328163536	-0.0004619666465632708	0.00023098332328163544	0.00023098332328163544	0.00023098332328163546	-0.00023099017889704318	-0.00046195978906675363	0.0002309833214005257	0.00023098332352457877	0.0002309833230386921	-0.00011371707707906741
0.00011549166164081775	0.0002309833232816355	0.9998845083383588	-0.00011549166164081775	-0.00011549166164081773	0.00011549166164081772	0.0002309833232816355	-0.00011549166164081776	-0.00011549166164081776	-0.00011549166164081777	0.00011549508944852166	0.00023097989453337681	-0.00011549166070026286	-0.00011549166176228943	-0.00011549166151934605	0.00005685853853953371
0.00017323749246122663	0.0003464749849224532	-0.00017323749246122666	0.9998267625075389	-0.0001732374924612266	0.0001732374924612266	0.00034647498492245326	-0.00017323749246122666	-0.00017323749246122666	-0.00017323749246122669	0.00017324263417278234	0.00034646984180006517	-0.00017323749105039427	-0.00017323749264343413	-0.00017323749227901917	0.0000852878078093006
0.00034647498492245316	0.0006929499698449062	-0.00034647498492245326	-0.00034647498492245326	0.9996535250150773	0.00034647498492245316	0.0006929499698449065	-0.0003464749849224533	-0.0003464749849224533	-0.0003464749849224533	0.0003464852683455648	0.0006929396836001302	-0.0003464749821007886	-0.00034647498528686825	-0.0003464749845580382	0.0001705756156186011
-0.00005774583082040887	-0.00011549166164081775	0.00005774583082040887	0.000057745830820408886	0.00005774583082040887	0.9999422541691793	-0.00011549166164081775	0.00005774583082040888	0.00005774583082040888	0.00005774583082040888	-0.000057747544724260817	-0.00011548994726668838	0.00005774583035013144	0.000057745830881144727	0.00005774583075967303	-0.000028429269269766855
-0.0002309833232816354	-0.0004619666465632708	0.0002309833232816354	0.00023098332328163546	0.0002309833232816354	-0.0002309833232816354	0.9995380333534367	0.0002309833232816355	0.00023098332328163552	0.00023098332328163555	-0.0002309901788970432	-0.0004619597890667535	0.00023098332140052564	0.00023098332352457882	0.00023098332303869208	-0.00011371707707906737
0.00011549166164081773	0.00023098332328163546	-0.00011549166164081773	-0.00011549166164081776	-0.00011549166164081773	0.00011549166164081773	0.0002309833232816355	0.9998845083383591	-0.00011549166164081777	-0.00011549166164081779	0.00011549508944852165	0.00023097989453337684	-0.0001154916607002629	-0.00011549166176228944	-0.00011549166151934609	0.00005685853853953372
0.0001732374924612266	0.00034647498492245316	-0.00017323749246122663	-0.00017323749246122663	-0.0001732374924612266	0.00017323749246122663	0.0003464749849224532	-0.00017323749246122669	0.9998267625075387	-0.00017323749246122663	0.00017324263417278242	0.00034646984180006517	-0.00017323749105039422	-0.0001732374926434341	-0.0001732374922790191	0.00008528780780930054
0.00034647498492245326	0.0006929499698449064	-0.0003464749849224533	-0.0003464749849224533	-0.00034647498492245326	0.0003464749849224533	0.0006929499698449065	-0.00034647498492245337	-0.00034647498492245337	0.9996535250150776	0.00034648526834556495	0.0006929396836001302	-0.00034647498210078854	-0.0003464749852868682	-0.0003464749845580383	0.0001705756156186011
-0.000057745299671711975	-0.00011549059934342396	0.00005774529967171198	0.00005774529967171199	0.00005774529967171197	-0.00005774529967171198	-0.00011549059934342398	0.00005774529967171199	0.000057745299671711996	0.00005774529967171198	0.9980179964965931	0.001808232020859681	0.000058280883203875436	0.00005774490277558825	0.00005774569656783573	-0.0019601641368336394
-0.00023030664203899494	-0.0004606132840779899	0.00023030664203899494	0.000230306642038995	0.0002303066420389949	-0.00023030664203899494	-0.0004606132840779899	0.00023030664203899497	0.00023030664203899505	0.000230306642038995	0.0036620396057129925	0.995647033273705	0.00023031383650409757	0.0002303058496144796	0.00023030743446351043	-0.003968310513963202
0.00011549166164026388	0.00023098332328052776	-0.00011549166164026388	-0.00011549166164026392	-0.00011549166164026387	0.00011549166164026388	0.00023098332328052776	-0.00011549166164026391	-0.00011549166164026392	-0.00011549166164026391	0.00011656625872479596	0.00023097474507545983	0.9998834423194802	-0.00011549166198016946	-0.00011549166130035834	0.00005579768117037472
0.00017323752781597492	0.00034647505563194974	-0.00017323752781597492	-0.00017323752781597492	-0.00017323752781597492	0.00017323752781597495	0.00034647505563194984	-0.00017323752781597498	-0.00017323752781597495	-0.00017323752781597498	0.00017324384139249795	0.00034646874032245764	-0.00017323752608300555	0.9998265586328444	-0.0001730336884763108	0.0000850851616821704
0.0003464749849221925	0.0006929499698443849	-0.00034647498492219257	-0.00034647498492219257	-0.0003464749849221925	0.00034647498492219257	0.000692949969844385	-0.0003464749849221927	-0.00034647498492219257	-0.00034647498492219257	0.00034648761207387713	0.0006929373392267623	-0.0003464749814562542	-0.0003460673071372524	0.9996531173372929	0.00017017028845348596
-0.0001732348649922996	-0.0003464697299845991	0.00017323486499229958	0.0001732348649922996	0.00017323486499229955	-0.00017323486499229958	-0.0003464697299845991	0.00017323486499229958	0.0001732348649922996	0.0001732348649922996	-0.01171238665222392	0.011195864683106843	0.00017005223913247805	0.0001736401615818535	0.00017282956840274568	0.9883238911891377