0.9988532298571727	-0.002293540285655598	0.0011467701428277983	0.0011467701428277985	0.001146770142827798	-0.0011467701428277987	-0.0022935402856555974	0.0011467701428277987	0.0011467701428277985	0.001146770142827798	-0.001152095722852502	-0.0022882135119391064	0.00114676894913601	0.0011467704881539275	0.00114676979750167	-0.0004562556366007767
-0.004587080571311193	0.9908258388573773	0.004587080571311192	0.004587080571311193	0.004587080571311192	-0.004587080571311194	-0.009174161142622388	0.004587080571311195	0.004587080571311194	0.004587080571311193	-0.004608382891410007	-0.009152854047756426	0.004587075796544041	0.004587081952615709	0.004587079190006678	-0.0018250225464031074
0.002293540285655597	0.004587080571311195	0.9977064597143437	-0.0022935402856555966	-0.002293540285655596	0.0022935402856555974	0.004587080571311196	-0.0022935402856555974	-0.002293540285655597	-0.0022935402856555966	0.0023041914457050043	0.004576427023878213	-0.0022935378982720197	-0.002293540976307854	-0.0022935395950033403	0.0009125112732015534
0.0034403104284833957	0.0068806208569667906	-0.003440310428483395	0.9965596895715164	-0.0034403104284833944	0.0034403104284833953	0.0068806208569667906	-0.0034403104284833953	-0.003440310428483395	-0.003440310428483395	0.0034562871685575036	0.0068646405358173184	-0.003440306847408031	-0.0034403114644617817	-0.003440309392505009	0.0013687669098023296
0.006880620856966791	0.013761241713933583	-0.00688062085696679	-0.006880620856966791	0.993119379143033	0.006880620856966792	0.013761241713933585	-0.006880620856966792	-0.006880620856966791	-0.0068806208569667906	0.006912574337115006	0.013729281071634639	-0.006880613694816064	-0.006880622928923564	-0.006880618785010019	0.0027375338196046614
-0.001146770142827798	-0.0022935402856555966	0.001146770142827798	0.0011467701428277983	0.0011467701428277983	0.9988532298571725	-0.0022935402856555966	0.0011467701428277985	0.0011467701428277983	0.0011467701428277978	-0.001152095722852502	-0.0022882135119391056	0.00114676894913601	0.0011467704881539267	0.00114676979750167	-0.00045625563660077657
-0.004587080571311192	-0.009174161142622386	0.004587080571311192	0.004587080571311193	0.004587080571311193	-0.004587080571311193	0.9908258388573773	0.004587080571311195	0.004587080571311194	0.004587080571311192	-0.004608382891410009	-0.009152854047756422	0.00458707579654404	0.0045870819526157075	0.004587079190006678	-0.001825022546403107
0.0022935402856555966	0.004587080571311194	-0.0022935402856555966	-0.002293540285655597	-0.002293540285655597	0.002293540285655597	0.004587080571311195	0.9977064597143446	-0.002293540285655597	-0.002293540285655596	0.0023041914457050034	0.004576427023878211	-0.00229353789827202	-0.0022935409763078537	-0.002293539595003338	0.0009125112732015534
0.0034403104284833953	0.00688062085696679	-0.0034403104284833944	-0.003440310428483395	-0.0034403104284833953	0.0034403104284833953	0.0068806208569667906	-0.0034403104284833944	0.9965596895715164	-0.003440310428483394	0.003456287168557504	0.006864640535817317	-0.003440306847408031	-0.003440311464461782	-0.0034403093925050084	0.0013687669098023305
0.0068806208569667906	0.013761241713933581	-0.00688062085696679	-0.0068806208569667906	-0.0068806208569667906	0.0068806208569667906	0.013761241713933581	-0.006880620856966789	-0.0068806208569667906	0.993119379143033	0.006912574337115008	0.013729281071634637	-0.006880613694816063	-0.006880622928923564	-0.006880618785010018	0.0027375338196046614
-0.0011446461401350496	-0.0022892922802700997	0.0011446461401350494	0.0011446461401350499	0.0011446461401350496	-0.0011446461401350496	-0.0022892922802700997	0.0011446461401350496	0.0011446461401350499	0.0011446461401350499	0.9729481865720782	0.023610077574111335	0.0011524435735406225	0.001144523564588507	0.0011447687156815921	-0.02776320522511038
-0.004364887325854976	-0.008729774651709954	0.004364887325854975	0.004364887325854977	0.004364887325854977	-0.004364887325854977	-0.008729774651709956	0.004364887325854976	0.004364887325854976	0.004364887325854975	0.05584565703442279	0.9310585036323319	0.004366064681535463	0.004364647496383597	0.004365127155326356	-0.05492351588712538
0.0022935402520145383	0.004587080504029077	-0.002293540252014538	-0.0022935402520145383	-0.0022935402520145383	0.0022935402520145387	0.0045870805040290775	-0.0022935402520145383	-0.0022935402520145387	-0.002293540252014538	0.002319817181561728	0.004575547801081146	0.9976917155213862	-0.0022935410065957652	-0.002293539497433309	0.0008986649058398536
0.003440324674327611	0.006880649348655222	-0.0034403246743276105	-0.0034403246743276105	-0.003440324674327611	0.0034403246743276114	0.006880649348655221	-0.00344032467432761	-0.003440324674327611	-0.00344032467432761	0.0034566008812665274	0.006864369484657689	-0.0034403210172689954	0.9965556293650899	-0.0034362787137451607	0.0013650368803950173
0.006880620835559939	0.013761241671119879	-0.006880620835559939	-0.006880620835559939	-0.0068806208355599386	0.006880620835559939	0.013761241671119879	-0.006880620835559938	-0.006880620835559939	-0.0068806208355599386	0.006913173189836496	0.013728682002738826	-0.006880613521455441	-0.006872533120104292	0.9931112914489847	0.0027300614184192044
-0.003427743769830208	-0.006855487539660416	0.003427743769830208	0.0034277437698302087	0.0034277437698302087	-0.0034277437698302087	-0.0068554875396604174	0.003427743769830208	0.0034277437698302087	0.0034277437698302087	-0.1587667459717149	0.14852520750423995	0.0033860509278144752	0.0034350970643682584	0.003420390475292158	0.8347809053763128