0.9983468216472247	-0.0033063567055518434	0.0016531783527759215	0.0016531783527759213	0.0016531783527759217	-0.001653178352775922	-0.0033063567055518425	0.0016531783527759221	0.0016531783527759213	0.0016531783527759215	-0.0016637716804729307	-0.0032957614542538025	0.0016531764291748893	0.0016531792862739013	0.0016531774192779412	-0.0006101516571020316
-0.006612713411103683	0.9867745731777927	0.0066127134111036824	0.006612713411103682	0.006612713411103683	-0.006612713411103684	-0.013225426822207365	0.006612713411103684	0.006612713411103682	0.0066127134111036824	-0.006655086721891722	-0.013183045817015203	0.006612705716699559	0.006612717145095604	0.006612709677111763	-0.0024406066284081264
0.003306356705551842	0.006612713411103683	0.9966936432944479	-0.0033063567055518417	-0.0033063567055518425	0.0033063567055518434	0.006612713411103683	-0.0033063567055518434	-0.0033063567055518417	-0.0033063567055518417	0.0033275433609458605	0.006591522908507602	-0.0033063528583497782	-0.0033063585725478027	-0.003306354838555882	0.0012203033142040626
0.004959535058327764	0.009919070116655526	-0.004959535058327764	0.9950404649416721	-0.004959535058327763	0.004959535058327762	0.00991907011665552	-0.004959535058327764	-0.004959535058327763	-0.004959535058327763	0.004991315041418791	0.009887284362761402	-0.004959529287524669	-0.0049595378588217	-0.004959532257833823	0.001830454971306095
0.009919070116655528	0.01983814023331105	-0.009919070116655528	-0.009919070116655524	0.9900809298833446	0.009919070116655524	0.019838140233311045	-0.009919070116655528	-0.009919070116655528	-0.009919070116655524	0.009982630082837578	0.019774568725522808	-0.009919058575049338	-0.009919075717643406	-0.009919064515667646	0.0036609099426121896
-0.0016531783527759215	-0.0033063567055518425	0.0016531783527759213	0.001653178352775921	0.001653178352775921	0.9983468216472244	-0.003306356705551842	0.001653178352775922	0.0016531783527759213	0.0016531783527759215	-0.0016637716804729305	-0.0032957614542538025	0.0016531764291748893	0.001653179286273901	0.0016531774192779412	-0.0006101516571020317
-0.006612713411103685	-0.013225426822207368	0.006612713411103684	0.006612713411103683	0.006612713411103683	-0.006612713411103684	0.9867745731777922	0.006612713411103685	0.006612713411103683	0.0066127134111036824	-0.0066550867218917184	-0.013183045817015205	0.006612705716699557	0.0066127171450956	0.006612709677111764	-0.002440606628408126
0.003306356705551844	0.006612713411103687	-0.0033063567055518434	-0.003306356705551843	-0.003306356705551843	0.0033063567055518434	0.006612713411103685	0.9966936432944484	-0.0033063567055518425	-0.0033063567055518425	0.003327543360945861	0.006591522908507605	-0.003306352858349779	-0.0033063585725478023	-0.0033063548385558815	0.001220303314204063
0.004959535058327762	0.009919070116655522	-0.004959535058327762	-0.00495953505832776	-0.004959535058327761	0.004959535058327761	0.009919070116655522	-0.004959535058327763	0.9950404649416722	-0.004959535058327761	0.004991315041418791	0.009887284362761406	-0.00495952928752467	-0.004959537858821701	-0.004959532257833825	0.0018304549713060944
0.009919070116655528	0.019838140233311048	-0.009919070116655526	-0.009919070116655522	-0.009919070116655524	0.009919070116655524	0.019838140233311048	-0.00991907011665553	-0.009919070116655524	0.9900809298833444	0.009982630082837576	0.019774568725522804	-0.00991905857504934	-0.0099190757176434	-0.009919064515667642	0.003660909942612189
-0.0016478327313062054	-0.0032956654626124103	0.0016478327313062054	0.0016478327313062045	0.001647832731306205	-0.001647832731306205	-0.003295665462612409	0.0016478327313062054	0.0016478327313062047	0.001647832731306205	0.9651472064748441	0.0298993002292867	0.0016578278332571247	0.0016475985582980125	0.0016480669043143978	-0.0359752179942677
-0.006176164573644969	-0.012352329147289936	0.006176164573644968	0.006176164573644966	0.006176164573644968	-0.006176164573644968	-0.012352329147289934	0.006176164573644968	0.006176164573644966	0.006176164573644966	0.07319971822179128	0.9082701456034427	0.006177807027476477	0.0061757091149161215	0.006176620032373809	-0.0707993965709439
0.0033063566213719013	0.006612713242743802	-0.0033063566213719004	-0.0033063566213719	-0.0033063566213719004	0.003306356621371901	0.0066127132427438	-0.003306356621371901	-0.0033063566213719	-0.0033063566213719004	0.003347639965378877	0.006590243598921611	0.9966748296784431	-0.0033063586084866982	-0.0033063546342571005	0.0012027683459501707
0.004959564964330418	0.009919129928660836	-0.004959564964330419	-0.004959564964330419	-0.004959564964330419	0.004959564964330419	0.009919129928660838	-0.00495956496433042	-0.004959564964330418	-0.004959564964330419	0.004991892005563101	0.009886796981849764	-0.004959559058752023	0.9950346037281016	-0.004953733656762551	0.0018252034514049495
0.009919070044214271	0.019838140088428543	-0.009919070044214273	-0.009919070044214271	-0.009919070044214273	0.009919070044214271	0.019838140088428543	-0.009919070044214275	-0.009919070044214271	-0.009919070044214271	0.009983723969129017	0.019773474352381526	-0.00991905823308201	-0.009907418757134365	0.990069278668706	0.003650382067698456
-0.0049278063812674385	-0.009855612762534875	0.0049278063812674385	0.004927806381267437	0.0049278063812674385	-0.004927806381267438	-0.009855612762534873	0.004927806381267439	0.004927806381267437	0.004927806381267438	-0.20401332512690112	0.18928283648458388	0.004874875879782376	0.004938055422504787	0.004917557340030089	0.7859669326550117