0.9978941009344968	-0.0042117981310065365	0.002105899065503268	0.002105899065503268	0.0021058990655032682	-0.0021058990655032687	-0.004211798131006537	0.0021058990655032674	0.002105899065503268	0.0021058990655032674	-0.002121020414227984	-0.004196674934502566	0.0021058972177240153	0.002105900854685774	0.0021058972763207634	-0.0007291819892443023
-0.008423596262013075	0.983152807475974	0.008423596262013075	0.008423596262013075	0.008423596262013078	-0.008423596262013078	-0.01684719252402616	0.008423596262013076	0.008423596262013076	0.008423596262013076	-0.008484081656911939	-0.01678669973801026	0.008423588870896061	0.008423603418743096	0.008423589105283057	-0.0029167279569772084
0.0042117981310065365	0.008423596262013075	0.9957882018689931	-0.004211798131006536	-0.004211798131006537	0.004211798131006537	0.008423596262013076	-0.0042117981310065365	-0.004211798131006537	-0.004211798131006537	0.0042420408284559695	0.00839334986900513	-0.004211794435448032	-0.004211801709371549	-0.004211794552641526	0.0014583639784886049
0.006317697196509805	0.012635394393019611	-0.006317697196509805	0.9936823028034903	-0.006317697196509806	0.006317697196509807	0.012635394393019611	-0.0063176971965098055	-0.006317697196509806	-0.006317697196509805	0.006363061242683954	0.012590024803507698	-0.006317691653172042	-0.006317702564057319	-0.006317691828962288	0.002187545967732907
0.01263539439301961	0.025270788786039222	-0.01263539439301961	-0.01263539439301961	0.9873646056069803	0.012635394393019615	0.025270788786039222	-0.012635394393019611	-0.012635394393019611	-0.01263539439301961	0.012726122485367912	0.025180049607015396	-0.012635383306344082	-0.012635405128114636	-0.012635383657924578	0.0043750919354658135
-0.0021058990655032682	-0.004211798131006538	0.0021058990655032687	0.0021058990655032687	0.0021058990655032687	0.9978941009344972	-0.004211798131006539	0.0021058990655032687	0.002105899065503269	0.0021058990655032687	-0.002121020414227985	-0.004196674934502566	0.0021058972177240157	0.002105900854685775	0.0021058972763207643	-0.0007291819892443025
-0.008423596262013073	-0.01684719252402615	0.008423596262013075	0.008423596262013075	0.008423596262013075	-0.008423596262013078	0.9831528074759739	0.008423596262013076	0.008423596262013078	0.008423596262013076	-0.008484081656911942	-0.01678669973801026	0.00842358887089606	0.0084236034187431	0.008423589105283059	-0.0029167279569772093
0.004211798131006536	0.008423596262013073	-0.004211798131006536	-0.0042117981310065365	-0.004211798131006537	0.004211798131006538	0.008423596262013075	0.9957882018689934	-0.0042117981310065365	-0.004211798131006536	0.0042420408284559695	0.008393349869005128	-0.0042117944354480305	-0.004211801709371548	-0.004211794552641529	0.0014583639784886042
0.006317697196509808	0.012635394393019618	-0.006317697196509807	-0.006317697196509808	-0.00631769719650981	0.00631769719650981	0.012635394393019615	-0.006317697196509807	0.9936823028034905	-0.006317697196509807	0.006363061242683956	0.012590024803507701	-0.0063176916531720445	-0.00631770256405732	-0.006317691828962288	0.002187545967732907
0.01263539439301961	0.025270788786039222	-0.012635394393019608	-0.01263539439301961	-0.012635394393019613	0.012635394393019611	0.025270788786039212	-0.012635394393019608	-0.01263539439301961	0.9873646056069799	0.01272612248536791	0.025180049607015392	-0.012635383306344086	-0.012635405128114638	-0.012635383657924578	0.004375091935465815
-0.0020961810320310496	-0.0041923620640621	0.00209618103203105	0.00209618103203105	0.00209618103203105	-0.0020961810320310505	-0.004192362064062101	0.00209618103203105	0.00209618103203105	0.00209618103203105	0.9589878405360581	0.034712077129551926	0.002107720270327598	0.002095824874321873	0.0020965371897402256	-0.04238517849613782
-0.0077427666942175375	-0.015485533388435075	0.0077427666942175375	0.0077427666942175375	0.007742766694217536	-0.007742766694217539	-0.015485533388435077	0.0077427666942175375	0.007742766694217536	0.0077427666942175375	0.08654505470898491	0.8902248166276224	0.00774459527495757	0.007742076781622087	0.007743456606812989	-0.08317404178177791
0.004211798012079597	0.008423596024159194	-0.004211798012079597	-0.004211798012079597	-0.004211798012079597	0.004211798012079597	0.008423596024159194	-0.004211798012079597	-0.004211798012079597	-0.004211798012079597	0.0042653651999148235	0.008391826870605083	0.9957664039536392	-0.004211801770982885	-0.00421179425317631	0.001438013099681372
0.006317746169818878	0.01263549233963776	-0.0063177461698188785	-0.0063177461698188785	-0.00631774616981888	0.006317746169818879	0.012635492339637755	-0.006317746169818878	-0.006317746169818879	-0.006317746169818879	0.006363921734839126	0.012589311035992829	-0.006317740431194199	0.9936748274747353	-0.0063103198143728695	0.0021809791441431583
0.012635394234859114	0.025270788469718235	-0.012635394234859116	-0.012635394234859116	-0.01263539423485912	0.012635394234859116	0.025270788469718232	-0.012635394234859116	-0.01263539423485912	-0.01263539423485912	0.01272774510777204	0.02517842611957176	-0.01263538275762556	-0.01262056319578516	0.9873497747260663	0.0043619190202941124
-0.006259923632520724	-0.012519847265041451	0.006259923632520724	0.006259923632520725	0.006259923632520727	-0.006259923632520727	-0.012519847265041451	0.006259923632520724	0.006259923632520726	0.006259923632520726	-0.2395798211239745	0.2208616209921539	0.006198352866779096	0.006272623079422571	0.006247224185618876	0.7478613349031269