0.998972518940347	-0.0020549621193053013	0.0010274810596526509	0.0010274810596526507	0.001027481059652651	-0.001027481059652651	-0.0020549621193053013	0.0010274810596526505	0.0010274810596526505	0.0010274810596526502	-0.0010317010527960393	-0.002050741148373675	0.0010274800818644134	0.0010274813149889603	0.0010274808043163413	-0.000416589210507188
-0.004109924238610605	0.9917801515227788	0.0041099242386106035	0.004109924238610603	0.004109924238610605	-0.004109924238610605	-0.008219848477221209	0.0041099242386106035	0.004109924238610604	0.004109924238610604	-0.004126804211184161	-0.0082029645934947	0.004109920327457654	0.004109925259955843	0.004109923217265368	-0.0016663568420287524
0.0020549621193053013	0.004109924238610603	0.9979450378806949	-0.002054962119305301	-0.0020549621193053018	0.0020549621193053018	0.004109924238610603	-0.002054962119305301	-0.002054962119305301	-0.0020549621193053005	0.002063402105592081	0.004101482296747349	-0.0020549601637288263	-0.0020549626299779214	-0.002054961608632682	0.0008331784210143758
0.003082443178957951	0.006164886357915904	-0.003082443178957951	0.9969175568210414	-0.003082443178957953	0.0030824431789579516	0.006164886357915903	-0.003082443178957951	-0.0030824431789579516	-0.0030824431789579516	0.0030951031583881204	0.006152223445121029	-0.003082440245593241	-0.0030824439449668806	-0.003082442412949024	0.001249767631521564
0.006164886357915902	0.012329772715831808	-0.006164886357915903	-0.006164886357915903	0.9938351136420848	0.006164886357915905	0.01232977271583181	-0.006164886357915905	-0.006164886357915906	-0.006164886357915906	0.006190206316776241	0.012304446890242059	-0.006164880491186485	-0.006164887889933761	-0.0061648848258980486	0.0024995352630431287
-0.0010274810596526507	-0.0020549621193053013	0.0010274810596526505	0.0010274810596526507	0.0010274810596526509	0.9989725189403473	-0.0020549621193053013	0.0010274810596526505	0.0010274810596526507	0.0010274810596526502	-0.0010317010527960398	-0.0020507411483736745	0.001027480081864414	0.0010274813149889605	0.0010274808043163413	-0.00041658921050718794
-0.004109924238610604	-0.008219848477221209	0.0041099242386106035	0.004109924238610604	0.004109924238610605	-0.004109924238610605	0.991780151522779	0.0041099242386106035	0.0041099242386106035	0.004109924238610603	-0.004126804211184161	-0.0082029645934947	0.004109920327457655	0.004109925259955842	0.004109923217265366	-0.0016663568420287522
0.0020549621193053018	0.0041099242386106035	-0.0020549621193053013	-0.0020549621193053018	-0.002054962119305302	0.002054962119305302	0.0041099242386106035	0.9979450378806944	-0.002054962119305302	-0.0020549621193053013	0.002063402105592081	0.00410148229674735	-0.002054960163728829	-0.0020549626299779214	-0.0020549616086326826	0.0008331784210143761
0.003082443178957951	0.006164886357915904	-0.003082443178957951	-0.0030824431789579516	-0.0030824431789579524	0.0030824431789579516	0.006164886357915903	-0.003082443178957953	0.9969175568210419	-0.003082443178957952	0.0030951031583881204	0.006152223445121028	-0.0030824402455932416	-0.0030824439449668806	-0.003082442412949024	0.001249767631521564
0.0061648863579159005	0.012329772715831805	-0.006164886357915901	-0.006164886357915901	-0.006164886357915903	0.006164886357915901	0.012329772715831803	-0.006164886357915904	-0.006164886357915904	0.9938351136420839	0.006190206316776241	0.012304446890242056	-0.006164880491186485	-0.006164887889933761	-0.006164884825898047	0.002499535263043127
-0.0010258808891458907	-0.0020517617782917813	0.0010258808891458907	0.0010258808891458907	0.0010258808891458907	-0.0010258808891458907	-0.0020517617782917813	0.0010258808891458907	0.0010258808891458907	0.0010258808891458907	0.9749996272402289	0.021915536266629614	0.0010330747148494758	0.0010257802997392484	0.0010259814785525333	-0.02560084646460967
-0.003928786999083515	-0.00785757399816703	0.003928786999083514	0.003928786999083514	0.003928786999083515	-0.003928786999083516	-0.00785757399816703	0.003928786999083515	0.003928786999083515	0.003928786999083515	0.051275126914744666	0.9369374751386577	0.003929823948430343	0.003928589858705827	0.003928984139461202	-0.05072860822215351
0.0020549620949544332	0.004109924189908867	-0.002054962094954433	-0.0020549620949544332	-0.002054962094954434	0.002054962094954434	0.004109924189908867	-0.0020549620949544337	-0.0020549620949544337	-0.0020549620949544332	0.0020778113078030592	0.004100713119285447	0.9979313997628204	-0.002054962658327631	-0.002054961531581237	0.0008203268439608071
0.0030824545882442477	0.006164909176488496	-0.0030824545882442472	-0.003082454588244248	-0.003082454588244249	0.003082454588244248	0.006164909176488496	-0.003082454588244249	-0.0030824545882442494	-0.003082454588244249	0.0030953637147139606	0.00615199705296467	-0.0030824515911901315	0.9969139201375989	-0.0030788293140877917	0.001246404662577411
0.006164886343228501	0.012329772686457005	-0.006164886343228502	-0.0061648863432285025	-0.006164886343228505	0.006164886343228503	0.012329772686457007	-0.006164886343228504	-0.006164886343228506	-0.006164886343228504	0.006190704553178775	0.012303948482408095	-0.0061648803491298676	-0.006157638908797859	0.9938278662223409	0.0024927993320168033
-0.003072987143859703	-0.006145974287719407	0.0030729871438597025	0.0030729871438597025	0.0030729871438597033	-0.003072987143859703	-0.006145974287719406	0.0030729871438597033	0.0030729871438597038	0.0030729871438597033	-0.14682586139682474	0.13764557587473336	0.003034311234371835	0.0030796318050868425	0.0030663424826325634	0.8476369428519908