0.9982563259737891	-0.0034873480524205383	0.0017436740262102694	0.0017436740262102692	0.001743674026210269	-0.001743674026210269	-0.0034873480524205396	0.0017436740262102692	0.0017436740262102694	0.0017436740262102692	-0.0017552234839878244	-0.0034757966118820274	0.001743672043449315	0.0017436751039371788	0.001743672948483359	-0.0006353158132847046
-0.006974696104841078	0.986050607790318	0.00697469610484108	0.006974696104841078	0.006974696104841079	-0.006974696104841078	-0.013949392209682162	0.006974696104841079	0.00697469610484108	0.006974696104841079	-0.007020893935951299	-0.01390318644752811	0.006974688173797262	0.006974700415748717	0.006974691793933438	-0.0025412632531388183
0.003487348052420539	0.006974696104841078	0.9965126519475795	-0.0034873480524205388	-0.0034873480524205388	0.0034873480524205388	0.006974696104841081	-0.003487348052420539	-0.0034873480524205396	-0.003487348052420539	0.0035104469679756493	0.006951593223764058	-0.0034873440868986305	-0.003487350207874359	-0.003487345896966719	0.0012706316265694087
0.005231022078630805	0.010462044157261614	-0.005231022078630806	0.9947689779213691	-0.005231022078630806	0.005231022078630805	0.010462044157261614	-0.005231022078630805	-0.005231022078630806	-0.005231022078630804	0.0052656704519634745	0.010427389835646082	-0.005231016130347945	-0.005231025311811535	-0.005231018845450076	0.0019059474398541126
0.010462044157261614	0.02092408831452323	-0.010462044157261614	-0.010462044157261614	0.9895379558427385	0.01046204415726161	0.020924088314523227	-0.010462044157261612	-0.010462044157261614	-0.01046204415726161	0.010531340903926953	0.02085477967129216	-0.01046203226069589	-0.010462050623623069	-0.010462037690900152	0.003811894879708226
-0.0017436740262102696	-0.0034873480524205396	0.0017436740262102698	0.0017436740262102694	0.0017436740262102692	0.9982563259737893	-0.00348734805242054	0.0017436740262102694	0.0017436740262102696	0.0017436740262102694	-0.001755223483987825	-0.0034757966118820283	0.0017436720434493148	0.0017436751039371793	0.0017436729484833595	-0.0006353158132847047
-0.006974696104841079	-0.01394939220968216	0.00697469610484108	0.006974696104841078	0.0069746961048410775	-0.006974696104841081	0.9860506077903186	0.006974696104841078	0.006974696104841079	0.006974696104841079	-0.007020893935951299	-0.013903186447528111	0.006974688173797261	0.006974700415748716	0.006974691793933438	-0.002541263253138818
0.0034873480524205396	0.006974696104841079	-0.0034873480524205396	-0.0034873480524205388	-0.0034873480524205383	0.0034873480524205405	0.00697469610484108	0.9965126519475794	-0.003487348052420539	-0.0034873480524205388	0.0035104469679756497	0.006951593223764055	-0.0034873440868986305	-0.0034873502078743577	-0.0034873458969667203	0.0012706316265694091
0.005231022078630805	0.010462044157261612	-0.005231022078630805	-0.005231022078630805	-0.005231022078630804	0.005231022078630806	0.010462044157261614	-0.005231022078630805	0.9947689779213695	-0.005231022078630806	0.0052656704519634745	0.010427389835646086	-0.005231016130347945	-0.005231025311811535	-0.005231018845450078	0.0019059474398541128
0.01046204415726161	0.020924088314523224	-0.010462044157261612	-0.01046204415726161	-0.010462044157261608	0.010462044157261612	0.020924088314523227	-0.010462044157261612	-0.010462044157261614	0.9895379558427386	0.010531340903926947	0.020854779671292168	-0.01046203226069589	-0.010462050623623069	-0.010462037690900155	0.003811894879708228
-0.001737572558482604	-0.003475145116965208	0.001737572558482604	0.0017375725584826039	0.0017375725584826043	-0.0017375725584826047	-0.003475145116965209	0.0017375725584826045	0.0017375725584826045	0.0017375725584826043	0.9638684829855728	0.030908466632729135	0.001747905264732978	0.001737315580759786	0.0017378295362054223	-0.03731353830774693
-0.0064932285398205105	-0.012986457079641021	0.0064932285398205105	0.00649322853982051	0.006493228539820509	-0.006493228539820512	-0.012986457079641021	0.00649322853982051	0.00649322853982051	0.006493228539820509	0.07600749332189119	0.9045111227613788	0.0064949268370887905	0.006492729174049844	0.0064937279055911745	-0.07338281084551145
0.0034873479591451713	0.006974695918290343	-0.0034873479591451717	-0.003487347959145171	-0.0034873479591451713	0.0034873479591451726	0.006974695918290345	-0.0034873479591451717	-0.003487347959145172	-0.0034873479591451713	0.0035312402659926404	0.006950256271790941	0.9964931993805068	-0.0034873502460764953	-0.0034873456722138495	0.0012525056967924659
0.00523105540890392	0.010462110817807842	-0.00523105540890392	-0.00523105540890392	-0.005231055408903919	0.0052310554089039195	0.01046211081780784	-0.005231055408903918	-0.0052310554089039195	-0.005231055408903918	0.005266300523110206	0.010426859609023034	-0.005231049314325404	0.9947627943544068	-0.005224905172214176	0.001900429767024032
0.010462044071107306	0.020924088142214615	-0.010462044071107306	-0.010462044071107306	-0.010462044071107304	0.010462044071107306	0.020924088142214612	-0.010462044071107304	-0.010462044071107306	-0.010462044071107304	0.01053253412160616	0.02085358590258383	-0.010462031881975387	-0.010449756670287682	0.9895256685280729	0.003800832052137492
-0.005194793272779564	-0.010389586545559132	0.005194793272779566	0.005194793272779566	0.0051947932727795625	-0.005194793272779567	-0.010389586545559134	0.005194793272779564	0.005194793272779564	0.0051947932727795625	-0.21140748075923618	0.19587784009970743	0.00514005411396957	0.00520554203117338	0.005184044514385748	0.7780118960424125