0.998469861315761	-0.0030602773684785885	0.0015301386842392942	0.0015301386842392942	0.0015301386842392938	-0.0015301386842392938	-0.003060277368478589	0.0015301386842392938	0.0015301386842392938	0.0015301386842392938	-0.0015394183444715074	-0.0030509959099815206	0.0015301368859744384	0.0015301394416745134	0.0015301379268040755	-0.0005748250919599962
-0.006120554736957177	0.9877588905260861	0.006120554736957177	0.006120554736957177	0.006120554736957176	-0.006120554736957176	-0.012241109473914357	0.006120554736957175	0.006120554736957176	0.006120554736957176	-0.0061576733778860296	-0.012203983639926079	0.006120547543897755	0.006120557766698053	0.006120551707216302	-0.002299300367839985
0.003060277368478588	0.006120554736957177	0.9969397226315218	-0.0030602773684785885	-0.0030602773684785876	0.0030602773684785876	0.006120554736957178	-0.003060277368478588	-0.003060277368478588	-0.003060277368478588	0.0030788366889430148	0.006101991819963038	-0.0030602737719488777	-0.0030602788833490263	-0.003060275853608151	0.0011496501839199928
0.004590416052717878	0.009180832105435759	-0.004590416052717879	0.9954095839472827	-0.004590416052717882	0.00459041605271788	0.009180832105435768	-0.004590416052717882	-0.004590416052717881	-0.004590416052717881	0.004618255033414523	0.009152987729944561	-0.004590410657923317	-0.004590418325023542	-0.0045904137804122225	0.0017244752758799888
0.009180832105435759	0.01836166421087152	-0.00918083210543576	-0.00918083210543576	0.9908191678945641	0.00918083210543576	0.018361664210871532	-0.009180832105435762	-0.00918083210543576	-0.009180832105435762	0.009236510066829044	0.018305975459889115	-0.009180821315846634	-0.00918083665004708	-0.009180827560824445	0.0034489505517599772
-0.0015301386842392932	-0.0030602773684785868	0.0015301386842392934	0.0015301386842392932	0.0015301386842392936	0.9984698613157605	-0.003060277368478589	0.0015301386842392938	0.0015301386842392938	0.0015301386842392938	-0.001539418344471507	-0.00305099590998152	0.0015301368859744393	0.0015301394416745132	0.0015301379268040753	-0.0005748250919599963
-0.006120554736957175	-0.012241109473914352	0.006120554736957176	0.006120554736957175	0.006120554736957177	-0.006120554736957176	0.9877588905260862	0.006120554736957176	0.006120554736957176	0.006120554736957175	-0.006157673377886029	-0.01220398363992608	0.006120547543897757	0.006120557766698051	0.006120551707216301	-0.002299300367839986
0.0030602773684785868	0.006120554736957174	-0.003060277368478587	-0.0030602773684785868	-0.0030602773684785876	0.003060277368478587	0.006120554736957177	0.9969397226315213	-0.003060277368478587	-0.0030602773684785868	0.0030788366889430143	0.0061019918199630395	-0.0030602737719488786	-0.0030602788833490255	-0.00306027585360815	0.0011496501839199926
0.004590416052717878	0.009180832105435757	-0.004590416052717879	-0.004590416052717879	-0.004590416052717879	0.00459041605271788	0.009180832105435764	-0.0045904160527178795	0.9954095839472824	-0.00459041605271788	0.004618255033414522	0.009152987729944558	-0.004590410657923316	-0.00459041832502354	-0.004590413780412224	0.0017244752758799893
0.009180832105435757	0.018361664210871518	-0.009180832105435759	-0.009180832105435759	-0.00918083210543576	0.009180832105435762	0.018361664210871532	-0.009180832105435762	-0.009180832105435762	0.990819167894564	0.009236510066829042	0.018305975459889115	-0.00918082131584663	-0.009180836650047076	-0.009180827560824445	0.0034489505517599772
-0.0015257304791238342	-0.003051460958247669	0.0015257304791238342	0.0015257304791238338	0.0015257304791238345	-0.0015257304791238345	-0.00305146095824767	0.0015257304791238345	0.0015257304791238345	0.0015257304791238345	0.9669332637954047	0.02848003386627187	0.0015352413800761699	0.0015255259772446387	0.001525934981003031	-0.034100769920439214
-0.005741905699628784	-0.01148381139925757	0.005741905699628783	0.005741905699628783	0.005741905699628785	-0.005741905699628784	-0.011483811399257571	0.005741905699628784	0.005741905699628784	0.005741905699628784	0.06925277714203401	0.9135199534452584	0.005743458013449934	0.005741507435319442	0.005742303963938132	-0.06718028629400316
0.0030602772972233177	0.006120554594446637	-0.0030602772972233177	-0.0030602772972233177	-0.003060277297223318	0.0030602772972233177	0.006120554594446638	-0.0030602772972233177	-0.0030602772972233186	-0.0030602772972233177	0.0030979400594003856	0.006100797996295192	0.996921816538751	-0.0030602789173796983	-0.0030602756770669397	0.0011329468264227047
0.004590441609739442	0.009180883219478886	-0.004590441609739441	-0.004590441609739442	-0.004590441609739442	0.004590441609739442	0.009180883219478887	-0.004590441609739441	-0.004590441609739441	-0.004590441609739441	0.004618762682271361	0.009152556632567059	-0.004590436095359538	0.9954041607662463	-0.00458504398572517	0.001719588307927925
0.009180832049208717	0.018361664098417434	-0.009180832049208717	-0.009180832049208713	-0.009180832049208717	0.009180832049208717	0.018361664098417434	-0.009180832049208717	-0.009180832049208717	-0.009180832049208717	0.009237474063612241	0.018305011055276713	-0.009180821020471517	-0.009170045998871876	0.990808381900455	0.0034391551819076497
-0.004564266744769202	-0.009128533489538406	0.004564266744769202	0.004564266744769202	0.004564266744769203	-0.004564266744769203	-0.00912853348953841	0.004564266744769203	0.004564266744769204	0.004564266744769204	-0.1936754703385013	0.18003305945163328	0.00451387739732971	0.004573828049123884	0.0045547054404145235	0.7971084840616295