0.9999187937066266	-0.00016241258674623462	0.0000812062933731173	0.00008120629337311731	0.0000812062933731173	-0.00008120629337311727	-0.00016241258674623462	0.00008120629337311731	0.0000812062933731173	0.00008120629337311728	-0.00008121095766035583	-0.0001624079211829863	0.00008120629209710751	0.00008120629354051886	0.00008120629320571576	-0.00003973610622225977
-0.00032482517349246925	0.9993503496530153	0.0003248251734924692	0.00032482517349246925	0.0003248251734924692	-0.0003248251734924691	-0.0006496503469849385	0.0003248251734924693	0.00032482517349246925	0.0003248251734924692	-0.00032484383064142306	-0.000649631684731945	0.00032482516838842993	0.0003248251741620754	0.000324825172822863	-0.0001589444248890391
0.0001624125867462346	0.0003248251734924692	0.9998375874132535	-0.00016241258674623457	-0.00016241258674623457	0.00016241258674623451	0.00032482517349246914	-0.0001624125867462346	-0.00016241258674623457	-0.00016241258674623451	0.00016242191532071153	0.0003248158423659725	-0.00016241258419421494	-0.0001624125870810376	-0.00016241258641143153	0.00007947221244451951
0.0002436188801193519	0.00048723776023870376	-0.0002436188801193519	0.9997563811198807	-0.00024361888011935193	0.0002436188801193519	0.00048723776023870387	-0.000243618880119352	-0.00024361888011935193	-0.00024361888011935188	0.00024363287298106732	0.00048722376354895877	-0.00024361887629132243	-0.00024361888062155652	-0.00024361887961714713	0.00011920831866677927
0.0004872377602387039	0.0009744755204774077	-0.0004872377602387039	-0.0004872377602387039	0.9995127622397614	0.00048723776023870387	0.0009744755204774078	-0.000487237760238704	-0.0004872377602387039	-0.0004872377602387038	0.00048726574596213464	0.0009744475270979176	-0.00048723775258264487	-0.0004872377612431133	-0.00048723775923429437	0.00023841663733355857
-0.00008120629337311731	-0.00016241258674623462	0.00008120629337311731	0.00008120629337311731	0.0000812062933731173	0.9999187937066265	-0.00016241258674623465	0.00008120629337311733	0.00008120629337311731	0.00008120629337311728	-0.00008121095766035582	-0.00016240792118298633	0.00008120629209710748	0.00008120629354051885	0.00008120629320571574	-0.000039736106222259755
-0.0003248251734924693	-0.0006496503469849386	0.0003248251734924693	0.0003248251734924693	0.00032482517349246925	-0.00032482517349246925	0.9993503496530155	0.00032482517349246935	0.00032482517349246925	0.0003248251734924692	-0.00032484383064142327	-0.0006496316847319454	0.00032482516838842993	0.00032482517416207544	0.00032482517282286306	-0.00015894442488903907
0.00016241258674623468	0.00032482517349246935	-0.00016241258674623468	-0.00016241258674623468	-0.00016241258674623465	0.00016241258674623465	0.0003248251734924693	0.9998375874132541	-0.00016241258674623462	-0.0001624125867462346	0.00016242191532071164	0.00032481584236597266	-0.00016241258419421497	-0.00016241258708103772	-0.00016241258641143153	0.00007947221244451954
0.00024361888011935193	0.0004872377602387038	-0.00024361888011935193	-0.00024361888011935193	-0.0002436188801193519	0.00024361888011935193	0.0004872377602387039	-0.00024361888011935193	0.9997563811198804	-0.00024361888011935183	0.00024363287298106732	0.0004872237635489587	-0.00024361887629132243	-0.00024361888062155663	-0.00024361887961714716	0.00011920831866677926
0.00048723776023870387	0.0009744755204774076	-0.00048723776023870387	-0.00048723776023870387	-0.0004872377602387038	0.00048723776023870387	0.0009744755204774078	-0.00048723776023870387	-0.0004872377602387038	0.9995127622397609	0.0004872657459621346	0.0009744475270979176	-0.0004872377525826448	-0.00048723776124311304	-0.00048723775923429426	0.0002384166373335585
-0.00008120490787504217	-0.00016240981575008434	0.00008120490787504217	0.00008120490787504217	0.00008120490787504216	-0.00008120490787504217	-0.00016240981575008434	0.00008120490787504218	0.00008120490787504216	0.00008120490787504214	0.9972429303262069	0.002512707964775913	0.0000819518932669058	0.00008120412812893901	0.00008120568762114529	-0.002730118663481425
-0.00032349394991902983	-0.0006469878998380597	0.00032349394991902983	0.0003234939499190299	0.00032349394991902983	-0.0003234939499190299	-0.0006469878998380598	0.0003234939499190299	0.0003234939499190298	0.0003234939499190298	0.005113928994275438	0.9939155752197308	0.00032350788615580727	0.00032349239400926167	0.0003234955058287978	-0.005523052897418375
0.00016241258674407714	0.0003248251734881543	-0.00016241258674407711	-0.00016241258674407711	-0.0001624125867440771	0.00016241258674407714	0.0003248251734881543	-0.00016241258674407717	-0.00016241258674407711	-0.0001624125867440771	0.0001639158946610971	0.00032480585943097214	0.9998361034193963	-0.00016241258750735954	-0.00016241258598079475	0.00007799823439320529
0.00024361895006959577	0.0004872379001391915	-0.00024361895006959577	-0.00024361895006959577	-0.00024361895006959572	0.00024361895006959575	0.0004872379001391916	-0.0002436189500695958	-0.00024361895006959577	-0.00024361895006959572	0.00024363523132884269	0.0004872216144242101	-0.0002436189456138614	0.999756094400625	-0.00024333230076430357	0.00011892400222507993
0.00048723776023769594	0.0009744755204753918	-0.00048723776023769594	-0.00048723776023769594	-0.00048723776023769583	0.00048723776023769583	0.0009744755204753919	-0.0004872377602376959	-0.00048723776023769583	-0.0004872377602376957	0.00048727032275133097	0.0009744429490502893	-0.0004872377513262286	-0.00048666446396282637	0.9995121889434874	0.0002378479356551754
-0.00024361166649838165	-0.00048722333299676325	0.00024361166649838163	0.00024361166649838163	0.0002436116664983816	-0.00024361166649838163	-0.0004872233329967633	0.00024361166649838165	0.00024361166649838163	0.00024361166649838155	-0.016289889673756917	0.015563476755003518	0.00023918958575663894	0.00024418028479650326	0.00024304304820026	0.9837379150746997