0.9987483772803438	-0.0025032454393127306	0.0012516227196563655	0.0012516227196563655	0.001251622719656365	-0.0012516227196563653	-0.00250324543931273	0.0012516227196563655	0.0012516227196563653	0.0012516227196563649	-0.001257983438458774	-0.002496883341290522	0.0012516213404365668	0.001251623158368934	0.0012516222809437953	-0.0004900025014939111
-0.00500649087862546	0.9899870182427498	0.005006490878625461	0.005006490878625461	0.00500649087862546	-0.00500649087862546	-0.010012981757250919	0.00500649087862546	0.0050064908786254594	0.005006490878625458	-0.005031933753835094	-0.009987533365162086	0.005006485361746267	0.005006492633475737	0.00500648912377518	-0.0019600100059756448
0.0025032454393127315	0.005006490878625463	0.9974967545606876	-0.002503245439312731	-0.00250324543931273	0.002503245439312731	0.005006490878625462	-0.0025032454393127315	-0.002503245439312731	-0.0025032454393127306	0.002515966876917548	0.004993766682581042	-0.002503242680873133	-0.00250324631673787	-0.002503244561887591	0.0009800050029878226
0.0037548681589690937	0.007509736317938187	-0.0037548681589690937	0.9962451318410309	-0.003754868158969094	0.003754868158969094	0.0075097363179381866	-0.0037548681589690946	-0.003754868158969094	-0.0037548681589690933	0.0037739503153763217	0.007490650023871568	-0.0037548640213097	-0.003754869475106803	-0.0037548668428313845	0.0014700075044817337
0.007509736317938188	0.015019472635876378	-0.007509736317938189	-0.007509736317938189	0.9924902636820617	0.007509736317938188	0.015019472635876375	-0.00750973631793819	-0.007509736317938189	-0.007509736317938188	0.007547900630752645	0.014981300047743139	-0.007509728042619401	-0.007509738950213607	-0.0075097336856627716	0.0029400150089634687
-0.0012516227196563653	-0.0025032454393127306	0.001251622719656365	0.0012516227196563653	0.001251622719656365	0.9987483772803437	-0.0025032454393127297	0.0012516227196563653	0.0012516227196563649	0.0012516227196563646	-0.0012579834384587733	-0.002496883341290521	0.0012516213404365666	0.001251623158368934	0.0012516222809437953	-0.0004900025014939113
-0.005006490878625461	-0.010012981757250922	0.00500649087862546	0.005006490878625461	0.00500649087862546	-0.00500649087862546	0.9899870182427489	0.005006490878625461	0.00500649087862546	0.0050064908786254594	-0.005031933753835093	-0.009987533365162083	0.0050064853617462655	0.005006492633475737	0.0050064891237751805	-0.0019600100059756443
0.0025032454393127306	0.005006490878625461	-0.00250324543931273	-0.0025032454393127306	-0.00250324543931273	0.00250324543931273	0.00500649087862546	0.9974967545606875	-0.0025032454393127306	-0.0025032454393127297	0.0025159668769175474	0.004993766682581043	-0.002503242680873134	-0.0025032463167378683	-0.0025032445618875915	0.0009800050029878224
0.003754868158969093	0.007509736317938186	-0.003754868158969093	-0.003754868158969093	-0.003754868158969093	0.003754868158969093	0.0075097363179381866	-0.003754868158969094	0.9962451318410309	-0.0037548681589690937	0.0037739503153763204	0.007490650023871569	-0.0037548640213096998	-0.003754869475106802	-0.003754866842831385	0.0014700075044817341
0.0075097363179381866	0.015019472635876373	-0.0075097363179381866	-0.0075097363179381866	-0.0075097363179381866	0.0075097363179381866	0.015019472635876375	-0.007509736317938188	-0.007509736317938188	0.9924902636820617	0.007547900630752641	0.014981300047743139	-0.0075097280426194	-0.007509738950213605	-0.007509733685662771	0.0029400150089634687
-0.001248966748432846	-0.002497933496865692	0.0012489667484328459	0.001248966748432846	0.0012489667484328457	-0.0012489667484328454	-0.002497933496865691	0.0012489667484328459	0.0012489667484328459	0.0012489667484328454	0.9712236216398309	0.025021179120237366	0.0012572657430658099	0.0012488234241059704	0.0012491100727597204	-0.029582046149455397
-0.004745173629843642	-0.009490347259687285	0.004745173629843642	0.004745173629843642	0.004745173629843641	-0.004745173629843641	-0.00949034725968728	0.004745173629843641	0.004745173629843641	0.00474517362984364	0.05969621277938033	0.9260669737317105	0.004746466229221631	0.0047448935894959	0.004745453670191383	-0.05844591591261866
0.0025032453963435104	0.00500649079268702	-0.0025032453963435104	-0.00250324539634351	-0.00250324539634351	0.0025032453963435095	0.005006490792687019	-0.002503245396343509	-0.002503245396343509	-0.0025032453963435087	0.0025326061545765683	0.0049927948641389	0.9974810897739712	-0.002503246348237306	-0.002503244444449711	0.0009653303984394727
0.003754885164308014	0.007509770328616029	-0.003754885164308015	-0.0037548851643080155	-0.0037548851643080155	0.003754885164308015	0.00750977032861603	-0.003754885164308016	-0.003754885164308016	-0.003754885164308015	0.003774313654582826	0.007490337613366558	-0.003754880939333352	0.996240699138247	-0.0037504694668632115	0.0014659577234524823
0.007509736289141743	0.015019472578283488	-0.007509736289141744	-0.007509736289141745	-0.007509736289141746	0.007509736289141745	0.015019472578283488	-0.007509736289141746	-0.0075097362891417465	-0.007509736289141743	0.007548593193128871	0.014980607224362674	-0.007509727839208051	-0.007500910232117965	0.9924814376538345	0.002931900849059298
-0.003739140442625804	-0.007478280885251608	0.003739140442625804	0.003739140442625804	0.003739140442625804	-0.003739140442625804	-0.007478280885251608	0.0037391404426258042	0.0037391404426258042	0.003739140442625804	-0.16879099461391048	0.15761778214353628	0.003694931585122511	0.0037471078653786936	0.003731173019872914	0.8239683344867813