0.9983793947364219	-0.003241210527155144	0.001620605263577572	0.001620605263577572	0.001620605263577572	-0.0016206052635775723	-0.003241210527155144	0.0016206052635775719	0.001620605263577572	0.001620605263577572	-0.0016308516406513293	-0.0032309622549880446	0.0016206033684842294	0.001620606148253804	0.0016206043789013405	-0.0006009248059870565
-0.006482421054310287	0.9870351578913793	0.0064824210543102875	0.006482421054310287	0.0064824210543102875	-0.006482421054310289	-0.012964842108620575	0.006482421054310286	0.006482421054310287	0.006482421054310287	-0.006523406562605317	-0.012923849019952182	0.006482413473936914	0.006482424593015216	0.006482417515605361	-0.002403699223948226
0.003241210527155145	0.006482421054310291	0.9967587894728447	-0.0032412105271551438	-0.003241210527155144	0.0032412105271551446	0.006482421054310288	-0.0032412105271551438	-0.003241210527155144	-0.003241210527155144	0.0032617032813026595	0.00646192450997609	-0.003241206736968457	-0.003241212296507608	-0.0032412087578026815	0.0012018496119741125
0.004861815790732718	0.009723631581465437	-0.004861815790732718	0.995138184209267	-0.0048618157907327165	0.004861815790732717	0.009723631581465437	-0.004861815790732717	-0.004861815790732719	-0.004861815790732717	0.004892554921953987	0.009692886764964128	-0.00486181010545269	-0.004861818444761409	-0.004861813136704022	0.0018027744179611698
0.00972363158146543	0.019447263162930866	-0.00972363158146543	-0.009723631581465431	0.9902763684185343	0.009723631581465435	0.01944726316293087	-0.009723631581465431	-0.009723631581465437	-0.009723631581465433	0.009785109843907968	0.019385773529928253	-0.009723620210905374	-0.009723636889522817	-0.009723626273408044	0.0036055488359223397
-0.0016206052635775723	-0.003241210527155145	0.0016206052635775723	0.001620605263577572	0.0016206052635775723	0.9983793947364228	-0.003241210527155144	0.0016206052635775719	0.0016206052635775719	0.0016206052635775719	-0.0016308516406513293	-0.003230962254988045	0.001620603368484229	0.001620606148253804	0.0016206043789013414	-0.0006009248059870565
-0.006482421054310287	-0.012964842108620575	0.006482421054310287	0.006482421054310286	0.006482421054310287	-0.006482421054310286	0.9870351578913794	0.006482421054310285	0.006482421054310285	0.006482421054310285	-0.0065234065626053155	-0.012923849019952176	0.006482413473936913	0.006482424593015214	0.006482417515605363	-0.0024036992239482254
0.003241210527155144	0.006482421054310289	-0.0032412105271551446	-0.0032412105271551446	-0.003241210527155144	0.0032412105271551446	0.0064824210543102875	0.9967587894728446	-0.0032412105271551433	-0.0032412105271551438	0.0032617032813026577	0.006461924509976089	-0.0032412067369684567	-0.003241212296507608	-0.0032412087578026815	0.0012018496119741127
0.004861815790732716	0.009723631581465435	-0.004861815790732716	-0.0048618157907327165	-0.004861815790732717	0.004861815790732716	0.009723631581465433	-0.004861815790732716	0.9951381842092673	-0.004861815790732715	0.004892554921953987	0.009692886764964126	-0.004861810105452687	-0.0048618184447614095	-0.004861813136704023	0.0018027744179611696
0.009723631581465431	0.01944726316293087	-0.009723631581465431	-0.009723631581465433	-0.009723631581465435	0.009723631581465431	0.019447263162930866	-0.009723631581465431	-0.009723631581465431	0.9902763684185344	0.009785109843907973	0.019385773529928256	-0.009723620210905374	-0.009723636889522819	-0.009723626273408044	0.0036055488359223384
-0.0016155178336435538	-0.003231035667287108	0.0016155178336435536	0.0016155178336435536	0.0016155178336435538	-0.0016155178336435536	-0.003231035667287107	0.0016155178336435534	0.0016155178336435534	0.0016155178336435532	0.9656144529897577	0.029529123715639267	0.0016253876273161292	0.0016152916671927939	0.0016157440000943125	-0.035485383712058116
-0.006061557450405181	-0.012123114900810361	0.00606155745040518	0.006061557450405179	0.006061557450405181	-0.006061557450405179	-0.012123114900810358	0.006061557450405179	0.006061557450405178	0.006061557450405179	0.07216977731102465	0.9096439301777505	0.006063177610414265	0.006061117417324275	0.006061997483486087	-0.06985376297603178
0.003241210446359026	0.006482420892718053	-0.0032412104463590257	-0.0032412104463590257	-0.003241210446359026	0.003241210446359026	0.006482420892718052	-0.003241210446359026	-0.003241210446359026	-0.003241210446359026	0.0032815422220675516	0.006460667040152537	0.9967402116304975	-0.0032412123318340956	-0.0032412085608839562	0.0011845314913328526
0.004861844511085082	0.009723689022170166	-0.004861844511085082	-0.004861844511085083	-0.004861844511085081	0.004861844511085081	0.009723689022170162	-0.00486184451108508	-0.004861844511085082	-0.004861844511085082	0.004893113210362981	0.009692414506911821	-0.004861838695104644	0.9951324389865612	-0.004856128008731753	0.0017976191041482147
0.00972363151358209	0.019447263027164187	-0.009723631513582092	-0.009723631513582092	-0.009723631513582093	0.009723631513582092	0.019447263027164187	-0.009723631513582092	-0.009723631513582093	-0.009723631513582092	0.009786168761820452	0.019384714146989078	-0.009723619881645352	-0.009712209246285037	0.9902649462191212	0.0035952142958959295
-0.004831624046851339	-0.00966324809370268	0.004831624046851339	0.00483162404685134	0.00483162404685134	-0.004831624046851339	-0.009663248093702682	0.00483162404685134	0.00483162404685134	0.00483162404685134	-0.20131001777204954	0.18686741306306578	0.004779356615280969	0.004841691961529908	0.004821556132172776	0.7888784789853541