0.9982490853492629	-0.003501829301473884	0.0017509146507369427	0.0017509146507369425	0.001750914650736943	-0.0017509146507369427	-0.0035018293014738855	0.0017509146507369427	0.0017509146507369427	0.0017509146507369434	-0.0017625399403020667	-0.003490202025778941	0.0017509126646071212	0.0017509157405585247	0.001750913560915362	-0.0006372994523485128
-0.007003658602947768	0.9859926827941042	0.00700365860294777	0.007003658602947769	0.00700365860294777	-0.00700365860294777	-0.01400731720589554	0.007003658602947771	0.00700365860294777	0.007003658602947773	-0.007050159761208263	-0.013960808103115759	0.0070036506584284855	0.007003662962234098	0.007003654243661447	-0.002549197809394051
0.003501829301473885	0.007003658602947769	0.996498170698526	-0.0035018293014738846	-0.003501829301473885	0.003501829301473885	0.00700365860294777	-0.003501829301473885	-0.003501829301473885	-0.0035018293014738864	0.0035250798806041317	0.00698040405155788	-0.0035018253292142414	-0.0035018314811170485	-0.0035018271218307234	0.0012745989046970257
0.005252743952210825	0.01050548790442165	-0.005252743952210826	0.9947472560477887	-0.005252743952210826	0.005252743952210825	0.010505487904421651	-0.005252743952210826	-0.005252743952210826	-0.005252743952210826	0.005287619820906197	0.010470606077336821	-0.005252737993821365	-0.005252747221675575	-0.005252740682746084	0.0019118983570455394
0.010505487904421651	0.021010975808843303	-0.010505487904421651	-0.01050548790442165	0.989494512095578	0.010505487904421648	0.0210109758088433	-0.010505487904421651	-0.010505487904421648	-0.01050548790442165	0.010575239641812392	0.020941212154673643	-0.010505475987642728	-0.010505494443351146	-0.010505481365492165	0.003823796714091077
-0.0017509146507369427	-0.0035018293014738855	0.001750914650736943	0.0017509146507369427	0.001750914650736943	0.9982490853492629	-0.003501829301473886	0.0017509146507369432	0.0017509146507369434	0.0017509146507369438	-0.0017625399403020665	-0.0034902020257789406	0.001750912664607122	0.0017509157405585251	0.0017509135609153623	-0.000637299452348513
-0.00700365860294777	-0.01400731720589554	0.007003658602947771	0.00700365860294777	0.007003658602947771	-0.007003658602947772	0.9859926827941046	0.007003658602947773	0.007003658602947773	0.0070036586029477745	-0.007050159761208263	-0.013960808103115762	0.0070036506584284855	0.0070036629622341	0.007003654243661448	-0.002549197809394052
0.003501829301473884	0.0070036586029477675	-0.003501829301473884	-0.003501829301473884	-0.003501829301473884	0.003501829301473884	0.007003658602947768	0.9964981706985261	-0.0035018293014738846	-0.0035018293014738855	0.00352507988060413	0.006980404051557878	-0.0035018253292142406	-0.0035018314811170485	-0.0035018271218307216	0.0012745989046970257
0.005252743952210825	0.01050548790442165	-0.005252743952210826	-0.005252743952210824	-0.005252743952210825	0.005252743952210825	0.01050548790442165	-0.005252743952210825	0.994747256047789	-0.005252743952210826	0.0052876198209061975	0.010470606077336821	-0.005252737993821364	-0.005252747221675575	-0.005252740682746087	0.001911898357045539
0.010505487904421653	0.021010975808843306	-0.010505487904421653	-0.010505487904421651	-0.010505487904421653	0.010505487904421653	0.021010975808843306	-0.010505487904421653	-0.010505487904421651	0.9894945120955785	0.010575239641812397	0.020941212154673643	-0.01050547598764273	-0.010505494443351152	-0.010505481365492168	0.003823796714091077
-0.0017447502330533967	-0.003489500466106793	0.0017447502330533969	0.0017447502330533969	0.0017447502330533969	-0.001744750233053397	-0.0034895004661067938	0.0017447502330533967	0.0017447502330533969	0.0017447502330533973	0.9637673418095095	0.030988048429574665	0.0017551092948087294	0.0017444913955304401	0.001745009070576355	-0.03741924479759545
-0.006518512088889147	-0.013037024177778292	0.0065185120888891475	0.006518512088889147	0.006518512088889147	-0.006518512088889147	-0.013037024177778293	0.006518512088889147	0.0065185120888891475	0.0065185120888891475	0.0762288452888786	0.9042139160716843	0.00652021446165855	0.006518009144152195	0.006519015033626103	-0.07358685238150661
0.003501829207496904	0.007003658414993807	-0.003501829207496904	-0.003501829207496904	-0.003501829207496904	0.003501829207496904	0.007003658414993807	-0.0035018292074969035	-0.003501829207496904	-0.0035018292074969043	0.0035459277343836536	0.006979062681280618	0.9964786679993294	-0.0035018315195424403	-0.0035018268954513693	0.0012564263849901287
0.0052527775647607106	0.010505555129521423	-0.005252777564760712	-0.005252777564760711	-0.005252777564760711	0.005252777564760711	0.010505555129521425	-0.005252777564760712	-0.005252777564760712	-0.005252777564760712	0.005288254218538472	0.010470072370124227	-0.005252771459141273	0.9947410466825566	-0.005246601812077932	0.0019063594602761753
0.010505487817101583	0.021010975634203167	-0.010505487817101585	-0.010505487817101583	-0.010505487817101583	0.010505487817101583	0.021010975634203167	-0.010505487817101585	-0.010505487817101583	-0.010505487817101583	0.010576440945103852	0.02094001029498714	-0.010505475605887828	-0.010493149530561928	0.9894821738963593	0.003812691221615868
-0.005216140306867509	-0.010432280613735018	0.005216140306867511	0.005216140306867509	0.005216140306867509	-0.00521614030686751	-0.010432280613735018	0.00521614030686751	0.005216140306867509	0.00521614030686751	-0.2119920776672223	0.1963985385980516	0.005161258455435947	0.005226928828384496	0.005205351785350526	0.7773835599087849