0.9996570708431506	-0.0006858583136983032	0.00034292915684915157	0.0003429291568491516	0.0003429291568491515	-0.00034292915684915157	-0.0006858583136983031	0.0003429291568491515	0.0003429291568491515	0.0003429291568491514	-0.0003432071521035961	-0.0006855802450273048	0.000342929083432598	0.00034292916834327114	0.00034292914535503206	-0.00015775136381669422
-0.0013717166273966071	0.9972565667452071	0.0013717166273966071	0.0013717166273966071	0.001371716627396607	-0.001371716627396607	-0.002743433254793214	0.0013717166273966071	0.001371716627396607	0.0013717166273966067	-0.0013728286084143844	-0.0027423209801092203	0.0013717163337303925	0.0013717166733730845	0.0013717165814201282	-0.0006310054552667771
0.0006858583136983032	0.0013717166273966067	0.9993141416863014	-0.0006858583136983034	-0.0006858583136983032	0.0006858583136983032	0.0013717166273966065	-0.0006858583136983032	-0.0006858583136983031	-0.000685858313698303	0.0006864143042071921	0.0013711604900546101	-0.0006858581668651963	-0.0006858583366865418	-0.000685858290710064	0.00031550272763338866
0.0010287874705474554	0.002057574941094911	-0.0010287874705474551	0.9989712125294529	-0.001028787470547455	0.0010287874705474551	0.0020575749410949103	-0.0010287874705474551	-0.0010287874705474551	-0.001028787470547455	0.0010296214563107885	0.0020567407350819164	-0.0010287872502977948	-0.0010287875050298137	-0.0010287874360650963	0.000473254091450083
0.00205757494109491	0.0041151498821898206	-0.00205757494109491	-0.0020575749410949103	0.9979424250589051	0.0020575749410949103	0.00411514988218982	-0.00205757494109491	-0.00205757494109491	-0.002057574941094909	0.0020592429126215766	0.004113481470163832	-0.0020575745005955897	-0.0020575750100596275	-0.0020575748721301927	0.0009465081829001656
-0.0003429291568491518	-0.0006858583136983037	0.0003429291568491518	0.0003429291568491517	0.00034292915684915173	0.9996570708431509	-0.0006858583136983031	0.00034292915684915157	0.0003429291568491515	0.00034292915684915146	-0.00034320715210359604	-0.0006855802450273052	0.000342929083432598	0.00034292916834327103	0.0003429291453550321	-0.00015775136381669425
-0.0013717166273966074	-0.002743433254793215	0.0013717166273966074	0.001371716627396607	0.0013717166273966071	-0.0013717166273966071	0.9972565667452072	0.0013717166273966067	0.0013717166273966067	0.0013717166273966065	-0.0013728286084143848	-0.002742320980109221	0.0013717163337303923	0.0013717166733730845	0.0013717165814201284	-0.0006310054552667773
0.0006858583136983035	0.0013717166273966071	-0.0006858583136983035	-0.0006858583136983032	-0.0006858583136983034	0.0006858583136983034	0.001371716627396607	0.9993141416863016	-0.0006858583136983031	-0.000685858313698303	0.0006864143042071922	0.0013711604900546101	-0.0006858581668651963	-0.0006858583366865421	-0.0006858582907100641	0.0003155027276333886
0.001028787470547455	0.0020575749410949103	-0.0010287874705474547	-0.001028787470547455	-0.001028787470547455	0.001028787470547455	0.00205757494109491	-0.0010287874705474547	0.9989712125294526	-0.0010287874705474547	0.0010296214563107883	0.0020567407350819164	-0.0010287872502977946	-0.0010287875050298135	-0.0010287874360650965	0.00047325409145008285
0.00205757494109491	0.0041151498821898206	-0.0020575749410949094	-0.0020575749410949103	-0.00205757494109491	0.00205757494109491	0.0041151498821898206	-0.0020575749410949094	-0.00205757494109491	0.997942425058905	0.0020592429126215766	0.004113481470163832	-0.002057574500595589	-0.0020575750100596266	-0.0020575748721301927	0.0009465081829001654
-0.0003428470503867042	-0.0006856941007734085	0.00034284705038670416	0.0003428470503867041	0.0003428470503867041	-0.0003428470503867041	-0.0006856941007734083	0.00034284705038670405	0.00034284705038670405	0.00034284705038670405	0.9895809030719925	0.009387659993274204	0.00034574283396007354	0.00034283406757819004	0.0003428600331952183	-0.010446926401452386
-0.0013492167672592612	-0.002698433534518523	0.001349216767259261	0.0013492167672592608	0.001349216767259261	-0.001349216767259261	-0.0026984335345185224	0.0013492167672592606	0.0013492167672592606	0.0013492167672592608	0.020076395483066126	0.97587575531142	0.001349415670995377	0.0013491910147019391	0.0013492425198165837	-0.020979966471014563
0.0006858583131371436	0.0013717166262742877	-0.0006858583131371436	-0.0006858583131371436	-0.0006858583131371436	0.0006858583131371436	0.0013717166262742875	-0.0006858583131371434	-0.0006858583131371434	-0.0006858583131371434	0.0006922066673906792	0.0013710168094575907	0.9993084931494258	-0.0006858583431482681	-0.0006858582831260191	0.00030999970013206835
0.0010287887244672935	0.0020575774489345875	-0.0010287887244672933	-0.0010287887244672938	-0.0010287887244672935	0.0010287887244672935	0.0020575774489345875	-0.0010287887244672933	-0.0010287887244672938	-0.0010287887244672933	0.0010296585902082813	0.0020567073533187966	-0.0010287884945924912	0.9989700009466917	-0.0010275783956261067	0.0004720807794330749
0.0020575749408232513	0.004115149881646503	-0.002057574940823251	-0.002057574940823251	-0.002057574940823251	0.0020575749408232513	0.004115149881646503	-0.002057574940823251	-0.0020575749408232513	-0.0020575749408232513	0.002059314671265075	0.004113409691455345	-0.002057574481073919	-0.00205515442680763	0.9979400045451613	0.0009441603736763142
-0.0010283132147991883	-0.0020566264295983766	0.0010283132147991883	0.0010283132147991883	0.0010283132147991883	-0.0010283132147991883	-0.002056626429598377	0.001028313214799188	0.0010283132147991883	0.001028313214799188	-0.06145118677852452	0.05838276457485961	0.0010117957740665374	0.0010306558662955692	0.0010259705633028071	0.9377891644176756