0.9980825090398209	-0.0038349819203566107	0.001917490960178305	0.0019174909601783053	0.0019174909601783045	-0.001917490960178305	-0.003834981920356609	0.0019174909601783045	0.001917490960178305	0.0019174909601783045	-0.0019308197445070314	-0.003821651135639132	0.0019174889597895544	0.0019174923516841963	0.001917489568672414	-0.0006817235370216343
-0.007669963840713217	0.984660072318574	0.007669963840713219	0.00766996384071322	0.007669963840713217	-0.007669963840713219	-0.015339927681426436	0.007669963840713219	0.007669963840713219	0.007669963840713219	-0.007723278978028126	-0.015286604542556526	0.00766995583915822	0.007669969406736782	0.007669958274689655	-0.002726894148086536
0.0038349819203566085	0.007669963840713218	0.9961650180796436	-0.00383498192035661	-0.0038349819203566094	0.0038349819203566094	0.007669963840713218	-0.003834981920356609	-0.00383498192035661	-0.0038349819203566094	0.003861639489014062	0.007643302271278264	-0.0038349779195791093	-0.0038349847033683927	-0.0038349791373448287	0.0013634470740432683
0.005752472880534912	0.011504945761069824	-0.005752472880534912	0.9942475271194653	-0.00575247288053491	0.00575247288053491	0.01150494576106982	-0.005752472880534912	-0.005752472880534913	-0.005752472880534912	0.005792459233521092	0.0114649534069174	-0.005752466879368664	-0.005752477055052587	-0.005752468706017242	0.0020451706110649025
0.011504945761069824	0.023009891522139645	-0.011504945761069824	-0.011504945761069824	0.9884950542389299	0.011504945761069824	0.02300989152213964	-0.011504945761069826	-0.011504945761069826	-0.011504945761069824	0.011584918467042184	0.022929906813834798	-0.011504933758737325	-0.011504954110105175	-0.011504937412034488	0.004090341222129807
-0.0019174909601783051	-0.0038349819203566103	0.0019174909601783051	0.0019174909601783051	0.0019174909601783047	0.9980825090398217	-0.0038349819203566094	0.0019174909601783051	0.0019174909601783051	0.0019174909601783051	-0.0019308197445070318	-0.003821651135639133	0.0019174889597895547	0.001917492351684196	0.0019174895686724148	-0.0006817235370216345
-0.007669963840713219	-0.015339927681426438	0.007669963840713219	0.007669963840713219	0.007669963840713217	-0.007669963840713217	0.9846600723185733	0.007669963840713217	0.007669963840713218	0.007669963840713217	-0.007723278978028126	-0.015286604542556528	0.007669955839158218	0.007669969406736783	0.007669958274689659	-0.002726894148086537
0.003834981920356609	0.007669963840713219	-0.0038349819203566094	-0.0038349819203566094	-0.003834981920356608	0.003834981920356608	0.007669963840713215	0.9961650180796434	-0.003834981920356609	-0.003834981920356608	0.003861639489014062	0.007643302271278265	-0.0038349779195791093	-0.0038349847033683927	-0.0038349791373448296	0.0013634470740432683
0.005752472880534912	0.011504945761069824	-0.005752472880534913	-0.005752472880534913	-0.005752472880534911	0.005752472880534913	0.011504945761069824	-0.005752472880534912	0.9942475271194654	-0.005752472880534911	0.005792459233521094	0.0114649534069174	-0.005752466879368663	-0.005752477055052586	-0.005752468706017243	0.0020451706110649033
0.011504945761069824	0.023009891522139645	-0.011504945761069824	-0.011504945761069824	-0.011504945761069823	0.011504945761069824	0.02300989152213965	-0.011504945761069824	-0.011504945761069826	0.9884950542389302	0.011584918467042186	0.022929906813834798	-0.011504933758737325	-0.011504954110105173	-0.011504937412034486	0.004090341222129806
-0.0019097748398478084	-0.0038195496796956173	0.0019097748398478082	0.0019097748398478082	0.0019097748398478082	-0.0019097748398478082	-0.0038195496796956164	0.0019097748398478078	0.0019097748398478078	0.0019097748398478078	0.9614837190290888	0.03277601692206188	0.0019207143691536929	0.0019094718113186566	0.001910077868376959	-0.03979947390400454
-0.00709672218592395	-0.0141934443718479	0.007096722185923948	0.00709672218592395	0.00709672218592395	-0.0070967221859239505	-0.014193444371847901	0.00709672218592395	0.00709672218592395	0.00709672218592395	0.08119479859162762	0.897513255129769	0.007098501906755139	0.007096134272175478	0.007097310099672426	-0.0781814697326304
0.003834981811902658	0.007669963623805316	-0.003834981811902658	-0.003834981811902658	-0.003834981811902657	0.003834981811902657	0.007669963623805314	-0.003834981811902657	-0.0038349818119026565	-0.003834981811902656	0.003883696241476424	0.007641867189651225	0.9961444001926774	-0.0038349847492337814	-0.0038349788745715326	0.0013442282832962567
0.005752513328420833	0.011505026656841666	-0.005752513328420833	-0.005752513328420834	-0.005752513328420833	0.005752513328420834	0.011505026656841668	-0.005752513328420835	-0.0057525133284208356	-0.005752513328420835	0.005793196316580099	0.01146433749828278	-0.0057525071580212086	0.9942407239807743	-0.0057457506376156755	0.002039146305728594
0.011504945643967215	0.023009891287934434	-0.011504945643967217	-0.011504945643967217	-0.011504945643967217	0.011504945643967217	0.023009891287934434	-0.011504945643967219	-0.01150494564396722	-0.011504945643967219	0.011586311403189355	0.022928513187936463	-0.01150493330319138	-0.011491437128580922	0.9884815458406471	0.004078259708030906
-0.005706627426506803	-0.011413254853013605	0.0057066274265068035	0.0057066274265068035	0.0057066274265068035	-0.005706627426506803	-0.011413254853013605	0.005706627426506804	0.005706627426506805	0.005706627426506804	-0.22518227225816392	0.20812048029610317	0.00564853710904719	0.0057183219339947714	0.005694932919018841	0.7632343703459562