0.9996552655432738	-0.0006894689134531679	0.00034473445672658393	0.0003447344567265839	0.00034473445672658393	-0.0003447344567265839	-0.0006894689134531679	0.00034473445672658393	0.0003447344567265839	0.000344734456726584	-0.0003450164219907376	-0.0006891868737433444	0.0003447343822809138	0.00034473446839626337	0.0003447344450569046	-0.0001585197720702065
-0.001378937826906335	0.9972421243461874	0.0013789378269063353	0.001378937826906335	0.0013789378269063355	-0.0013789378269063349	-0.00275787565381267	0.001378937826906335	0.0013789378269063349	0.0013789378269063355	-0.0013800656879629494	-0.0027567474949733773	0.001378937529123655	0.0013789378735850524	0.0013789377802276175	-0.0006340790882808259
0.0006894689134531675	0.0013789378269063353	0.999310531086547	-0.0006894689134531674	-0.0006894689134531676	0.0006894689134531674	0.001378937826906335	-0.0006894689134531675	-0.0006894689134531675	-0.0006894689134531678	0.0006900328439814748	0.001378373747486689	-0.0006894687645618275	-0.0006894689367925266	-0.0006894688901138089	0.00031703954414041304
0.0010342033701797521	0.002068406740359504	-0.001034203370179752	0.9989657966298204	-0.0010342033701797521	0.001034203370179752	0.002068406740359504	-0.001034203370179752	-0.001034203370179752	-0.001034203370179752	0.0010350492659722114	0.0020675606212300322	-0.0010342031468427418	-0.0010342034051887899	-0.0010342033351707128	0.00047555931621061934
0.002068406740359504	0.004136813480719008	-0.002068406740359504	-0.0020684067403595034	0.9979315932596405	0.002068406740359504	0.004136813480719008	-0.002068406740359504	-0.002068406740359504	-0.002068406740359504	0.0020700985319444232	0.004135121242460064	-0.0020684062936854835	-0.0020684068103775793	-0.0020684066703414257	0.0009511186324212389
-0.00034473445672658393	-0.000689468913453168	0.000344734456726584	0.00034473445672658393	0.00034473445672658393	0.9996552655432736	-0.0006894689134531679	0.00034473445672658393	0.0003447344567265839	0.00034473445672658404	-0.0003450164219907374	-0.0006891868737433448	0.00034473438228091376	0.00034473446839626326	0.0003447344450569045	-0.00015851977207020646
-0.001378937826906335	-0.002757875653812671	0.0013789378269063355	0.001378937826906335	0.001378937826906335	-0.001378937826906335	0.9972421243461874	0.001378937826906335	0.0013789378269063349	0.0013789378269063353	-0.0013800656879629496	-0.0027567474949733773	0.0013789375291236546	0.001378937873585053	0.0013789377802276175	-0.0006340790882808259
0.0006894689134531676	0.0013789378269063355	-0.0006894689134531678	-0.0006894689134531676	-0.0006894689134531676	0.0006894689134531676	0.0013789378269063353	0.9993105310865468	-0.0006894689134531675	-0.0006894689134531678	0.0006900328439814747	0.0013783737474866882	-0.0006894687645618273	-0.0006894689367925265	-0.000689468890113809	0.0003170395441404129
0.0010342033701797526	0.0020684067403595047	-0.0010342033701797523	-0.0010342033701797523	-0.0010342033701797523	0.0010342033701797523	0.0020684067403595042	-0.0010342033701797523	0.9989657966298203	-0.0010342033701797521	0.0010350492659722116	0.0020675606212300322	-0.0010342031468427416	-0.0010342034051887903	-0.0010342033351707133	0.00047555931621061945
0.0020684067403595042	0.004136813480719008	-0.002068406740359504	-0.002068406740359504	-0.002068406740359504	0.002068406740359504	0.004136813480719007	-0.002068406740359504	-0.0020684067403595042	0.9979315932596408	0.0020700985319444232	0.0041351212424600645	-0.0020684062936854822	-0.0020684068103775798	-0.002068406670341426	0.0009511186324212389
-0.00034465113575150375	-0.0006893022715030075	0.00034465113575150375	0.0003446511357515037	0.00034465113575150375	-0.0003446511357515037	-0.0006893022715030076	0.00034465113575150375	0.0003446511357515037	0.0003446511357515038	0.9895334459458686	0.009429691232841134	0.00034756054978782503	0.0003446380217313031	0.00034466424977170457	-0.010495316100469254
-0.0013562082402799923	-0.0027124164805599846	0.0013562082402799923	0.0013562082402799923	0.0013562082402799925	-0.001356208240279992	-0.0027124164805599846	0.001356208240279992	0.001356208240279992	0.0013562082402799925	0.020172506092297614	0.9757586684832412	0.0013564089439014602	0.0013561822284432062	0.0013562342521167786	-0.021076179679425055
0.0006894689128809856	0.0013789378257619714	-0.0006894689128809857	-0.0006894689128809856	-0.0006894689128809856	0.0006894689128809856	0.0013789378257619712	-0.0006894689128809855	-0.0006894689128809855	-0.0006894689128809858	0.000695852480327535	0.0013782287585337514	0.9993048565869005	-0.000689468943313495	-0.000689468882448476	0.000311511887093982
0.0010342046373815676	0.002068409274763135	-0.0010342046373815676	-0.0010342046373815676	-0.0010342046373815676	0.0010342046373815676	0.002068409274763135	-0.0010342046373815674	-0.0010342046373815676	-0.0010342046373815674	0.0010350867622784675	0.002067526916811821	-0.001034204404327154	0.9989645786632846	-0.001032987938047571	0.0004743799966538202
0.0020684067400823965	0.004136813480164793	-0.0020684067400823965	-0.0020684067400823965	-0.002068406740082396	0.0020684067400823965	0.004136813480164792	-0.0020684067400823956	-0.002068406740082396	-0.002068406740082396	0.002070170988816049	0.00413504876532259	-0.0020684062739738467	-0.002065973487247851	0.9979291600070831	0.0009487587958586035
-0.0010337220138034895	-0.002067444027606979	0.0010337220138034895	0.0010337220138034895	0.0010337220138034895	-0.0010337220138034895	-0.0020674440276069786	0.0010337220138034893	0.0010337220138034893	0.0010337220138034893	-0.06173034699248774	0.058645772397257025	0.0010171305676237488	0.001036076617373124	0.0010313674102338552	0.9375011177328707