0.9978379174890152	-0.004324165021970292	0.002162082510985145	0.0021620825109851458	0.0021620825109851453	-0.0021620825109851466	-0.004324165021970292	0.0021620825109851458	0.002162082510985146	0.002162082510985147	-0.002177702609786316	-0.0043085431606483945	0.002162080748464424	0.0021620844308917328	0.002162080591078556	-0.0007427615323365732
-0.008648330043940583	0.9827033399121193	0.00864833004394058	0.008648330043940585	0.008648330043940581	-0.008648330043940585	-0.017296660087881166	0.00864833004394058	0.008648330043940581	0.008648330043940583	-0.008710810439145266	-0.01723417264259359	0.008648322993857694	0.008648337723566936	0.008648322364314225	-0.0029710461293462917
0.004324165021970293	0.008648330043940583	0.9956758349780291	-0.0043241650219702915	-0.00432416502197029	0.004324165021970292	0.008648330043940583	-0.00432416502197029	-0.004324165021970291	-0.004324165021970292	0.004355405219572632	0.008617086321296792	-0.004324161496928846	-0.004324168861783466	-0.004324161182157112	0.001485523064673146
0.006486247532955436	0.012972495065910871	-0.006486247532955435	0.9935137524670448	-0.006486247532955435	0.006486247532955438	0.012972495065910871	-0.006486247532955436	-0.0064862475329554355	-0.006486247532955437	0.006533107829358951	0.01292562948194519	-0.006486242245393272	-0.0064862532926752035	-0.006486241773235666	0.002228284597009721
0.01297249506591087	0.025944990131821735	-0.012972495065910868	-0.01297249506591087	0.9870275049340886	0.01297249506591087	0.02594499013182173	-0.012972495065910866	-0.012972495065910866	-0.012972495065910868	0.013066215658717899	0.025851258963890376	-0.01297248449078654	-0.012972506585350402	-0.012972483546471328	0.004456569194019441
-0.0021620825109851466	-0.004324165021970292	0.0021620825109851458	0.0021620825109851466	0.002162082510985146	0.9978379174890151	-0.00432416502197029	0.002162082510985145	0.0021620825109851453	0.002162082510985146	-0.0021777026097863175	-0.004308543160648397	0.002162080748464424	0.002162084430891735	0.0021620805910785557	-0.0007427615323365732
-0.008648330043940585	-0.017296660087881163	0.00864833004394058	0.008648330043940583	0.008648330043940581	-0.008648330043940583	0.9827033399121187	0.008648330043940581	0.008648330043940583	0.008648330043940585	-0.008710810439145266	-0.017234172642593585	0.008648322993857696	0.00864833772356694	0.008648322364314225	-0.002971046129346292
0.0043241650219702915	0.00864833004394058	-0.004324165021970289	-0.004324165021970291	-0.00432416502197029	0.004324165021970291	0.008648330043940583	0.9956758349780296	-0.004324165021970291	-0.004324165021970292	0.004355405219572633	0.00861708632129679	-0.004324161496928847	-0.004324168861783468	-0.004324161182157111	0.001485523064673146
0.0064862475329554355	0.012972495065910871	-0.006486247532955435	-0.0064862475329554355	-0.006486247532955435	0.006486247532955436	0.01297249506591087	-0.006486247532955435	0.9935137524670443	-0.006486247532955436	0.006533107829358952	0.012925629481945191	-0.006486242245393271	-0.006486253292675202	-0.006486241773235667	0.0022282845970097204
0.012972495065910871	0.02594499013182174	-0.01297249506591087	-0.012972495065910871	-0.01297249506591087	0.012972495065910873	0.02594499013182174	-0.01297249506591087	-0.01297249506591087	0.9870275049340892	0.0130662156587179	0.02585125896389038	-0.012972484490786538	-0.012972506585350404	-0.01297248354647133	0.004456569194019442
-0.0021517148181718114	-0.004303429636343623	0.0021517148181718106	0.0021517148181718114	0.0021517148181718114	-0.0021517148181718123	-0.004303429636343623	0.002151714818171811	0.0021517148181718114	0.0021517148181718114	0.958258857169607	0.035274291351813314	0.0021634218422359264	0.002151342191825017	0.002152087444518607	-0.043137025642371346
-0.007933791030246254	-0.015867582060492505	0.00793379103024625	0.007933791030246254	0.007933791030246252	-0.007933791030246256	-0.015867582060492512	0.007933791030246252	0.007933791030246254	0.007933791030246256	0.08809134437088031	0.8881054474165924	0.00793562615203467	0.007933069530021675	0.007934512530470837	-0.08462614695642989
0.004324164901644507	0.008648329803289011	-0.004324164901644505	-0.004324164901644506	-0.004324164901644505	0.004324164901644506	0.008648329803289011	-0.004324164901644505	-0.004324164901644506	-0.004324164901644506	0.004379088641130993	0.008615540708655063	0.9956537004535025	-0.004324168930098192	-0.0043241608731908205	0.0014648435416081047
0.0064862992130909035	0.012972598426181805	-0.006486299213090902	-0.0064862992130909035	-0.006486299213090903	0.0064862992130909035	0.012972598426181804	-0.006486299213090902	-0.006486299213090902	-0.006486299213090903	0.0065340066171171475	0.012924885531297926	-0.0064862937222332695	0.9935060765719065	-0.006478674998088184	0.0022215573127887817
0.012972494893861318	0.025944989787722632	-0.012972494893861312	-0.012972494893861316	-0.012972494893861314	0.012972494893861316	0.025944989787722625	-0.012972494893861312	-0.012972494893861314	-0.012972494893861316	0.013067909433844714	0.025849564266036015	-0.0129724839121581	-0.012957269714899348	0.9870122799271766	0.004443073364102444
-0.006424602103971243	-0.012849204207942482	0.006424602103971241	0.006424602103971243	0.006424602103971241	-0.006424602103971243	-0.012849204207942484	0.006424602103971241	0.006424602103971242	0.006424602103971243	-0.24378163784265544	0.22457041441490408	0.006362019219809016	0.006437597270434747	0.0064116069375077375	0.7433906475180879