0.9979412140293475	-0.004117571941303501	0.0020587859706517504	0.0020587859706517513	0.0020587859706517517	-0.0020587859706517504	-0.004117571941303503	0.0020587859706517504	0.0020587859706517517	0.0020587859706517517	-0.002073475499295056	-0.00410288050806313	0.0020587840660546857	0.0020587876545778137	0.0020587842867256863	-0.0007175918332793883
-0.008235143882606998	0.9835297122347856	0.008235143882607002	0.008235143882607003	0.008235143882607003	-0.008235143882607002	-0.016470287765214003	0.008235143882606998	0.008235143882607002	0.008235143882607002	-0.008293901997180228	-0.016411522032252525	0.008235136264218741	0.008235150618311256	0.00823513714690275	-0.0028703673331175535
0.0041175719413035	0.008235143882607	0.9958824280586962	-0.004117571941303502	-0.004117571941303503	0.004117571941303501	0.008235143882607002	-0.004117571941303499	-0.004117571941303502	-0.004117571941303503	0.0041469509985901125	0.00820576101612626	-0.0041175681321093715	-0.004117575309155628	-0.0041175685734513735	0.0014351836665587763
0.006176357911955248	0.012352715823910497	-0.006176357911955248	0.9938236420880447	-0.006176357911955252	0.006176357911955249	0.0123527158239105	-0.006176357911955247	-0.0061763579119552495	-0.00617635791195525	0.006220426497885166	0.012308641524189394	-0.006176352198164054	-0.006176362963733441	-0.006176352860177059	0.0021527754998381648
0.012352715823910499	0.024705431647821	-0.012352715823910499	-0.0123527158239105	0.9876472841760898	0.0123527158239105	0.02470543164782101	-0.012352715823910497	-0.0123527158239105	-0.012352715823910503	0.012440852995770335	0.024617283048378784	-0.012352704396328112	-0.012352725927466885	-0.012352705720354126	0.00430555099967633
-0.002058785970651751	-0.004117571941303502	0.002058785970651751	0.0020587859706517513	0.0020587859706517513	0.9979412140293479	-0.004117571941303502	0.0020587859706517504	0.0020587859706517513	0.0020587859706517517	-0.002073475499295056	-0.004102880508063132	0.002058784066054685	0.0020587876545778137	0.002058784286725687	-0.0007175918332793884
-0.008235143882606998	-0.016470287765213996	0.008235143882606998	0.008235143882607	0.008235143882607	-0.008235143882606998	0.9835297122347861	0.008235143882606996	0.008235143882607002	0.008235143882607002	-0.008293901997180225	-0.01641152203225253	0.00823513626421874	0.008235150618311258	0.008235137146902747	-0.002870367333117553
0.004117571941303501	0.008235143882607	-0.004117571941303501	-0.004117571941303501	-0.004117571941303501	0.004117571941303501	0.008235143882607002	0.9958824280586958	-0.004117571941303503	-0.004117571941303503	0.0041469509985901125	0.008205761016126266	-0.004117568132109371	-0.004117575309155627	-0.004117568573451374	0.0014351836665587765
0.0061763579119552495	0.0123527158239105	-0.0061763579119552495	-0.00617635791195525	-0.006176357911955252	0.0061763579119552495	0.0123527158239105	-0.0061763579119552495	0.9938236420880449	-0.006176357911955252	0.006220426497885166	0.012308641524189395	-0.006176352198164056	-0.006176362963733443	-0.006176352860177061	0.002152775499838165
0.012352715823910499	0.024705431647821005	-0.0123527158239105	-0.012352715823910503	-0.012352715823910506	0.0123527158239105	0.024705431647821005	-0.0123527158239105	-0.012352715823910504	0.9876472841760896	0.012440852995770331	0.024617283048378784	-0.012352704396328112	-0.012352725927466886	-0.012352705720354124	0.004305550999676332
-0.0020495938013088415	-0.004099187602617683	0.0020495938013088415	0.002049593801308843	0.002049593801308843	-0.002049593801308842	-0.0040991876026176865	0.0020495938013088424	0.002049593801308843	0.002049593801308843	0.9596042663930869	0.03423555750262959	0.0020609885016658626	0.002049251234395601	0.002049936368222084	-0.04174820529803599
-0.007582006053144128	-0.015164012106288255	0.007582006053144128	0.007582006053144129	0.007582006053144129	-0.007582006053144125	-0.015164012106288259	0.007582006053144127	0.007582006053144129	0.007582006053144129	0.08523164393811665	0.8920205176554195	0.007583826300175848	0.007581342218214091	0.007582669888074166	-0.08194395929945394
0.004117571824225026	0.008235143648450053	-0.0041175718242250255	-0.004117571824225026	-0.004117571824225026	0.004117571824225026	0.008235143648450054	-0.004117571824225027	-0.004117571824225027	-0.004117571824225027	0.0041699677513875886	0.008204258239118304	0.9958609176579444	-0.004117575365920603	-0.0041175682825294515	0.0014151113660744712
0.006176404673867185	0.012352809347734374	-0.006176404673867187	-0.006176404673867187	-0.0061764046738671885	0.006176404673867186	0.012352809347734374	-0.006176404673867186	-0.006176404673867188	-0.006176404673867188	0.006221255407021215	0.012307952712132999	-0.006176398771419835	0.993816334904303	-0.006169144252037676	0.0021463436971591145
0.012352715676797296	0.024705431353594594	-0.012352715676797296	-0.012352715676797297	-0.0123527156767973	0.012352715676797296	0.02470543135359459	-0.012352715676797296	-0.012352715676797299	-0.012352715676797299	0.012442416895567587	0.024615718329948	-0.012352703871920985	-0.012338215233239235	0.987632783879645	0.004292649764464869
-0.006121718089693467	-0.012243436179386937	0.006121718089693469	0.006121718089693469	0.006121718089693471	-0.006121718089693468	-0.012243436179386937	0.006121718089693468	0.0061217180896934705	0.006121718089693471	-0.2360256384058788	0.21772119759001027	0.0060610046364817215	0.0061341681706474005	0.0061092680087395405	0.7516486948181426