0.997957520644662	-0.004084958710676411	0.0020424793553382053	0.0020424793553382044	0.002042479355338204	-0.0020424793553382044	-0.004084958710676409	0.0020424793553382044	0.002042479355338204	0.002042479355338205	-0.0020570166938849595	-0.004070419450879455	0.002042477434088004	0.0020424810037487687	0.002042477706927639	-0.0007135372046208808
-0.008169917421352818	0.983660165157295	0.00816991742135282	0.008169917421352818	0.008169917421352816	-0.008169917421352818	-0.016339834842705642	0.008169917421352821	0.008169917421352818	0.008169917421352823	-0.00822806677553984	-0.01628167780351782	0.008169909736352019	0.008169924014995075	0.008169910827710557	-0.002854148818483523
0.004084958710676408	0.008169917421352821	0.9959150412893243	-0.004084958710676407	-0.004084958710676407	0.004084958710676407	0.008169917421352816	-0.004084958710676408	-0.004084958710676406	-0.004084958710676409	0.00411403338776992	0.008140838901758908	-0.00408495486817601	-0.0040849620074975375	-0.004084955413855277	0.001427074409241762
0.006127438066014613	0.012254876132029233	-0.006127438066014615	0.9938725619339859	-0.006127438066014612	0.006127438066014612	0.012254876132029224	-0.006127438066014613	-0.006127438066014611	-0.006127438066014614	0.006171050081654872	0.01221125835263836	-0.006127432302264011	-0.0061274430112463075	-0.006127433120782919	0.002140611613862644
0.012254876132029222	0.024509752264058455	-0.012254876132029224	-0.012254876132029222	0.9877451238679704	0.012254876132029219	0.02450975226405844	-0.01225487613202922	-0.012254876132029217	-0.012254876132029222	0.012342100163309742	0.02442251670527672	-0.012254864604528024	-0.012254886022492611	-0.01225486624156583	0.004281223227725289
-0.002042479355338204	-0.00408495871067641	0.002042479355338205	0.002042479355338204	0.002042479355338204	0.9979575206446618	-0.004084958710676409	0.002042479355338204	0.0020424793553382036	0.0020424793553382044	-0.002057016693884959	-0.004070419450879457	0.0020424774340880047	0.0020424810037487696	0.002042477706927639	-0.000713537204620881
-0.008169917421352814	-0.016339834842705635	0.008169917421352818	0.008169917421352814	0.008169917421352814	-0.008169917421352814	0.9836601651572945	0.008169917421352814	0.008169917421352813	0.008169917421352816	-0.008228066775539836	-0.016281677803517823	0.008169909736352017	0.008169924014995071	0.008169910827710552	-0.002854148818483523
0.004084958710676405	0.008169917421352814	-0.004084958710676408	-0.004084958710676405	-0.004084958710676405	0.004084958710676405	0.00816991742135281	0.9959150412893235	-0.004084958710676405	-0.004084958710676407	0.004114033387769915	0.008140838901758908	-0.004084954868176008	-0.004084962007497537	-0.004084955413855275	0.0014270744092417613
0.006127438066014614	0.012254876132029233	-0.006127438066014615	-0.006127438066014614	-0.006127438066014612	0.006127438066014614	0.012254876132029226	-0.006127438066014611	0.9938725619339854	-0.006127438066014612	0.006171050081654872	0.01221125835263836	-0.006127432302264011	-0.006127443011246306	-0.006127433120782916	0.002140611613862643
0.012254876132029227	0.024509752264058465	-0.01225487613202923	-0.012254876132029227	-0.012254876132029226	0.012254876132029227	0.024509752264058455	-0.012254876132029224	-0.012254876132029222	0.9877451238679712	0.012342100163309748	0.02442251670527673	-0.012254864604528024	-0.012254886022492613	-0.012254866241565835	0.004281223227725288
-0.0020334652240182965	-0.004066930448036594	0.002033465224018297	0.002033465224018296	0.002033465224018296	-0.002033465224018295	-0.004066930448036591	0.0020334652240182956	0.002033465224018295	0.0020334652240182956	0.9598187607067832	0.03406949977654074	0.0020448090686395475	0.002033127314121551	0.002033803133915038	-0.04152630412382089
-0.007526241777745783	-0.015052483555491571	0.007526241777745785	0.007526241777745783	0.007526241777745783	-0.007526241777745785	-0.01505248355549157	0.0075262417777457865	0.007526241777745783	0.007526241777745786	0.0847733745857751	0.8926460833231961	0.007528058535537352	0.00752558688073065	0.007526896674760917	-0.08151546992369386
0.004084958594369422	0.008169917188738846	-0.004084958594369423	-0.004084958594369422	-0.004084958594369421	0.0040849585943694205	0.008169917188738843	-0.004084958594369421	-0.0040849585943694205	-0.004084958594369421	0.0041369422486199885	0.008139343394523494	0.9958936315455953	-0.004084962062738118	-0.004084955126000725	0.0014070991955216442
0.006127484074913487	0.012254968149826977	-0.0061274840749134885	-0.006127484074913487	-0.006127484074913486	0.006127484074913487	0.012254968149826972	-0.006127484074913486	-0.006127484074913486	-0.006127484074913488	0.006171868171885309	0.0122105781027254	-0.0061274781247837385	0.9938653129390673	-0.006120281088893919	0.002134226643285569
0.012254875988615344	0.024509751977230702	-0.012254875988615348	-0.012254875988615348	-0.012254875988615344	0.012254875988615344	0.02450975197723069	-0.012254875988615348	-0.012254875988615343	-0.012254875988615348	0.012343643938417288	0.024420972127188422	-0.012254864088375029	-0.012240489987542503	0.9877307380103116	0.004268416216522875
-0.006073859142675936	-0.012147718285351874	0.006073859142675936	0.006073859142675936	0.006073859142675935	-0.006073859142675935	-0.012147718285351872	0.006073859142675936	0.006073859142675935	0.006073859142675936	-0.2347886568392451	0.21662749421706207	0.006013444336831252	0.006086222616890838	0.006061495668461037	0.752968039496027