0.9988875734064322	-0.002224853187134804	0.0011124265935674022	0.0011124265935674017	0.001112426593567402	-0.0011124265935674026	-0.0022248531871348048	0.0011124265935674024	0.0011124265935674022	0.0011124265935674026	-0.0011174251206462825	-0.0022198535283998867	0.0011124254619113646	0.001112426911256948	0.0011124262758778574	-0.000444977050981342
-0.0044497063742696095	0.9911005872514604	0.00444970637426961	0.004449706374269609	0.004449706374269609	-0.004449706374269611	-0.008899412748539219	0.0044497063742696095	0.004449706374269609	0.0044497063742696095	-0.004469700482585132	-0.008879414113599549	0.004449701847645459	0.004449707645027792	0.004449705103511431	-0.001779908203925368
0.0022248531871348043	0.004449706374269607	0.9977751468128653	-0.0022248531871348043	-0.0022248531871348043	0.002224853187134805	0.0044497063742696095	-0.0022248531871348048	-0.0022248531871348048	-0.002224853187134805	0.0022348502412925654	0.0044397070567997726	-0.0022248509238227284	-0.0022248538225138966	-0.002224852551755715	0.0008899541019626843
0.0033372797807022067	0.006674559561404414	-0.0033372797807022067	0.9966627202192975	-0.0033372797807022076	0.0033372797807022067	0.006674559561404415	-0.0033372797807022076	-0.003337279780702207	-0.003337279780702208	0.0033522753619388474	0.006659560585199664	-0.0033372763857340937	-0.0033372807337708433	-0.003337278827633572	0.001334931152944026
0.006674559561404417	0.013349119122808836	-0.006674559561404417	-0.006674559561404416	0.9933254404385953	0.006674559561404415	0.013349119122808832	-0.006674559561404416	-0.006674559561404415	-0.006674559561404418	0.006704550723877696	0.01331912117039933	-0.006674552771468188	-0.006674561467541688	-0.0066745576552671455	0.002669862305888053
-0.001112426593567403	-0.002224853187134805	0.0011124265935674028	0.0011124265935674028	0.0011124265935674033	0.9988875734064325	-0.002224853187134806	0.0011124265935674033	0.001112426593567403	0.0011124265935674033	-0.0011174251206462831	-0.0022198535283998863	0.0011124254619113644	0.0011124269112569478	0.0011124262758778576	-0.00044497705098134213
-0.0044497063742696095	-0.008899412748539216	0.004449706374269609	0.004449706374269609	0.00444970637426961	-0.0044497063742696095	0.9911005872514608	0.004449706374269611	0.004449706374269611	0.004449706374269611	-0.004469700482585131	-0.008879414113599547	0.0044497018476454585	0.004449707645027792	0.0044497051035114294	-0.0017799082039253685
0.0022248531871348056	0.0044497063742696095	-0.0022248531871348056	-0.002224853187134805	-0.002224853187134806	0.0022248531871348056	0.004449706374269612	0.9977751468128653	-0.002224853187134805	-0.0022248531871348056	0.002234850241292566	0.004439707056799773	-0.0022248509238227293	-0.002224853822513896	-0.0022248525517557156	0.0008899541019626843
0.0033372797807022076	0.006674559561404415	-0.0033372797807022076	-0.003337279780702207	-0.0033372797807022076	0.003337279780702207	0.006674559561404415	-0.0033372797807022076	0.9966627202192974	-0.0033372797807022085	0.003352275361938848	0.006659560585199665	-0.003337276385734094	-0.0033372807337708438	-0.003337278827633573	0.0013349311529440265
0.006674559561404417	0.013349119122808836	-0.006674559561404417	-0.006674559561404416	-0.006674559561404418	0.006674559561404416	0.013349119122808836	-0.006674559561404417	-0.006674559561404416	0.9933254404385956	0.006704550723877696	0.013319121170399326	-0.00667455277146819	-0.0066745614675416875	-0.0066745576552671455	0.002669862305888052
-0.0011104621682560588	-0.002220924336512117	0.0011104621682560584	0.0011104621682560584	0.0011104621682560586	-0.0011104621682560586	-0.002220924336512117	0.0011104621682560586	0.0011104621682560582	0.001110462168256059	0.9735284637658017	0.02313252238020175	0.001118089517484333	0.0011103461026441808	0.001110578233867936	-0.02715132277875009
-0.004239713633472593	-0.008479427266945184	0.004239713633472592	0.004239713633472592	0.004239713633472593	-0.004239713633472593	-0.008479427266945188	0.004239713633472595	0.004239713633472592	0.004239713633472595	0.05455121347632797	0.9327285077622431	0.00424085149448348	0.00423948643471626	0.004239940832228928	-0.053737351429379285
0.002224853156321965	0.004449706312643929	-0.002224853156321965	-0.002224853156321965	-0.0022248531563219655	0.0022248531563219655	0.004449706312643931	-0.0022248531563219655	-0.0022248531563219655	-0.0022248531563219664	0.0022501328673985204	0.004438859054213596	0.9977607143910321	-0.002224853852312249	-0.0022248524603316823	0.000876388072995263
0.0033372931769413373	0.0066745863538826755	-0.0033372931769413373	-0.003337293176941337	-0.0033372931769413377	0.003337293176941337	0.0066745863538826755	-0.0033372931769413377	-0.003337293176941337	-0.003337293176941338	0.0033525734036815827	0.0066593026597978775	-0.0033372897095967843	0.9966587819743432	-0.003333368328225936	0.0013313064339090526
0.006674559542108017	0.013349119084216036	-0.006674559542108017	-0.0066745595421080165	-0.006674559542108019	0.0066745595421080165	0.013349119084216036	-0.006674559542108018	-0.006674559542108017	-0.006674559542108019	0.006705119941070641	0.013318551750576113	-0.006674552607430716	-0.0066667137151806485	0.9933175946309646	0.002662601225606448
-0.003325660978391533	-0.006651321956783068	0.003325660978391533	0.003325660978391533	0.003325660978391534	-0.003325660978391533	-0.006651321956783067	0.003325660978391534	0.003325660978391533	0.0033256609783915343	-0.15539094860583774	0.14545480778070388	0.003284818868350777	0.0033328113613538533	0.0033185105954292127	0.8384186175320816