0.9976257642566593	-0.004748471486682216	0.002374235743341109	0.0023742357433411093	0.002374235743341109	-0.002374235743341109	-0.004748471486682218	0.002374235743341109	0.0023742357433411097	0.002374235743341109	-0.0023915599283012502	-0.004731146047665349	0.002374234489284385	0.0023742382096154663	0.0023742332770667514	-0.0007916569286170554
-0.009496942973364434	0.9810061140532708	0.009496942973364434	0.009496942973364435	0.009496942973364435	-0.009496942973364435	-0.018993885946728867	0.009496942973364434	0.009496942973364435	0.009496942973364432	-0.009566239713204997	-0.01892458419066139	0.009496937957137533	0.009496952838461867	0.009496933108267004	-0.0031666277144682207
0.0047484714866822195	0.009496942973364437	0.9952515285133176	-0.004748471486682218	-0.004748471486682218	0.004748471486682218	0.009496942973364435	-0.004748471486682218	-0.004748471486682219	-0.004748471486682218	0.0047831198566025	0.009462292095330695	-0.004748468978568769	-0.004748476419230932	-0.004748466554133501	0.0015833138572341108
0.007122707230023327	0.014245414460046651	-0.007122707230023326	0.992877292769977	-0.0071227072300233275	0.007122707230023327	0.01424541446004665	-0.007122707230023324	-0.007122707230023326	-0.007122707230023323	0.007174679784903753	0.014193438142996045	-0.007122703467853148	-0.007122714628846399	-0.0071226998312002516	0.002374970785851165
0.014245414460046658	0.028490828920093313	-0.014245414460046657	-0.014245414460046657	0.9857545855399535	0.014245414460046655	0.028490828920093303	-0.01424541446004665	-0.014245414460046653	-0.014245414460046648	0.014349359569807502	0.028386876285992093	-0.014245406935706301	-0.014245429257692802	-0.014245399662400508	0.004749941571702332
-0.002374235743341109	-0.004748471486682217	0.002374235743341108	0.002374235743341108	0.002374235743341108	0.997625764256659	-0.004748471486682216	0.002374235743341108	0.0023742357433411084	0.0023742357433411084	-0.00239155992830125	-0.004731146047665349	0.0023742344892843845	0.002374238209615467	0.0023742332770667505	-0.0007916569286170552
-0.009496942973364439	-0.018993885946728878	0.009496942973364437	0.009496942973364435	0.009496942973364437	-0.009496942973364439	0.981006114053271	0.009496942973364434	0.009496942973364437	0.009496942973364434	-0.009566239713205003	-0.0189245841906614	0.009496937957137536	0.009496952838461867	0.009496933108267002	-0.0031666277144682207
0.004748471486682219	0.009496942973364437	-0.004748471486682218	-0.004748471486682217	-0.004748471486682218	0.004748471486682219	0.009496942973364437	0.9952515285133174	-0.004748471486682219	-0.004748471486682217	0.0047831198566025005	0.009462292095330697	-0.004748468978568768	-0.004748476419230932	-0.004748466554133501	0.0015833138572341108
0.007122707230023327	0.014245414460046651	-0.007122707230023325	-0.007122707230023324	-0.007122707230023324	0.007122707230023324	0.014245414460046648	-0.007122707230023323	0.9928772927699767	-0.007122707230023323	0.007174679784903753	0.014193438142996046	-0.0071227034678531505	-0.007122714628846402	-0.007122699831200253	0.0023749707858511664
0.014245414460046655	0.02849082892009331	-0.014245414460046655	-0.014245414460046655	-0.014245414460046653	0.014245414460046655	0.02849082892009331	-0.014245414460046653	-0.014245414460046653	0.985754585539953	0.014349359569807506	0.028386876285992103	-0.014245406935706303	-0.014245429257692802	-0.014245399662400508	0.0047499415717023345
-0.002361186381155659	-0.004722372762311317	0.0023611863811556586	0.002361186381155659	0.002361186381155659	-0.002361186381155659	-0.004722372762311317	0.002361186381155659	0.002361186381155659	0.002361186381155658	0.95555982035357	0.03734432305276676	0.0023734838313523854	0.0023607490615204533	0.0023616237007908656	-0.04590686970984438
-0.008648383609203506	-0.017296767218407012	0.008648383609203506	0.008648383609203503	0.008648383609203504	-0.008648383609203506	-0.01729676721840701	0.008648383609203506	0.008648383609203506	0.008648383609203504	0.09375029144662343	0.8803027311670192	0.008650210167950055	0.008647538136620711	0.008649229081786303	-0.08997755916600547
0.0047484713707450065	0.009496942741490013	-0.0047484713707450065	-0.004748471370745007	-0.0047484713707450065	0.004748471370745007	0.009496942741490011	-0.004748471370745007	-0.0047484713707450065	-0.004748471370745006	0.004808087027911613	0.00946067520679629	0.9952281805067821	-0.004748476523665445	-0.004748466217824569	0.0015614242907221244
0.007122769819213955	0.014245539638427911	-0.007122769819213953	-0.007122769819213954	-0.007122769819213953	0.007122769819213953	0.014245539638427906	-0.007122769819213953	-0.007122769819213952	-0.007122769819213952	0.007175729410065755	0.014192576050869765	-0.007122765822507622	0.9928688590470324	-0.007114398685460337	0.0023676430061411327
0.014245414228061108	0.02849082845612222	-0.014245414228061106	-0.014245414228061104	-0.014245414228061104	0.014245414228061104	0.028490828456122212	-0.014245414228061106	-0.014245414228061104	-0.014245414228061104	0.014351333106884826	0.02838490158387599	-0.014245406234638602	-0.014228701810066479	0.9857378733539446	0.004735236840228144
-0.007045075417163904	-0.014090150834327806	0.007045075417163904	0.007045075417163902	0.007045075417163901	-0.007045075417163904	-0.014090150834327802	0.0070450754171639	0.007045075417163901	0.0070450754171639	-0.2593269198142308	0.23825800987465742	0.006978759105245296	0.007059171299486095	0.007030979534841707	0.7269170142471432