0.9998231398715752	-0.0003537202568497846	0.00017686012842489234	0.00017686012842489234	0.0001768601284248923	-0.00017686012842489237	-0.0003537202568497847	0.00017686012842489237	0.00017686012842489242	0.00017686012842489237	-0.00017690429661648474	-0.0003536760767242592	0.00017686011649095922	0.00017686013009421474	0.0001768601267555699	-0.00008450346570319304
-0.0007074405136995695	0.998585118972601	0.0007074405136995693	0.0007074405136995694	0.0007074405136995691	-0.0007074405136995693	-0.0014148810273991383	0.0007074405136995694	0.0007074405136995696	0.0007074405136995694	-0.0007076171864659388	-0.0014147043068970372	0.0007074404659638375	0.0007074405203768587	0.0007074405070222795	-0.000338013862812772
0.0003537202568497847	0.0007074405136995694	0.9996462797431502	-0.0003537202568497847	-0.00035372025684978457	0.0003537202568497846	0.0007074405136995693	-0.0003537202568497846	-0.00035372025684978474	-0.0003537202568497846	0.00035380859323296936	0.0007073521534485188	-0.0003537202329819187	-0.00035372026018842936	-0.0003537202535111398	0.00016900693140638607
0.0005305803852746773	0.0010611607705493544	-0.0005305803852746773	0.9994694196147251	-0.0005305803852746772	0.0005305803852746772	0.001061160770549354	-0.0005305803852746772	-0.0005305803852746773	-0.0005305803852746771	0.0005307128898494543	0.0010610282301727785	-0.000530580349472878	-0.0005305803902826438	-0.0005305803802667097	0.00025351039710957914
0.0010611607705493552	0.00212232154109871	-0.0010611607705493552	-0.001061160770549355	0.9989388392294506	0.0010611607705493544	0.002122321541098708	-0.0010611607705493544	-0.0010611607705493546	-0.0010611607705493544	0.001061425779698908	0.002122056460345556	-0.0010611606989457557	-0.0010611607805652875	-0.0010611607605334195	0.0005070207942191582
-0.00017686012842489229	-0.00035372025684978457	0.00017686012842489229	0.00017686012842489229	0.00017686012842489223	0.9998231398715752	-0.00035372025684978457	0.0001768601284248923	0.00017686012842489237	0.00017686012842489229	-0.00017690429661648466	-0.0003536760767242593	0.00017686011649095928	0.00017686013009421465	0.00017686012675556992	-0.000084503465703193
-0.0007074405136995693	-0.0014148810273991387	0.0007074405136995694	0.0007074405136995694	0.0007074405136995693	-0.0007074405136995691	0.9985851189726007	0.0007074405136995691	0.0007074405136995694	0.000707440513699569	-0.0007076171864659386	-0.0014147043068970368	0.0007074404659638371	0.0007074405203768587	0.0007074405070222795	-0.0003380138628127719
0.0003537202568497846	0.0007074405136995693	-0.0003537202568497846	-0.0003537202568497846	-0.0003537202568497845	0.0003537202568497845	0.000707440513699569	0.9996462797431502	-0.0003537202568497848	-0.0003537202568497847	0.0003538085932329694	0.0007073521534485186	-0.00035372023298191866	-0.0003537202601884294	-0.00035372025351113984	0.00016900693140638605
0.0005305803852746773	0.0010611607705493544	-0.0005305803852746773	-0.0005305803852746772	-0.0005305803852746772	0.0005305803852746772	0.001061160770549354	-0.0005305803852746772	0.9994694196147256	-0.0005305803852746771	0.0005307128898494542	0.0010610282301727785	-0.0005305803494728782	-0.0005305803902826438	-0.0005305803802667097	0.00025351039710957914
0.0010611607705493544	0.0021223215410987083	-0.0010611607705493544	-0.0010611607705493542	-0.0010611607705493542	0.0010611607705493542	0.0021223215410987074	-0.0010611607705493542	-0.001061160770549354	0.9989388392294508	0.001061425779698908	0.0021220564603455566	-0.001061160698945756	-0.0010611607805652878	-0.0010611607605334195	0.0005070207942191583
-0.00017684748100022066	-0.0003536949620004415	0.00017684748100022074	0.00017684748100022071	0.00017684748100022066	-0.00017684748100022063	-0.0003536949620004412	0.00017684748100022071	0.00017684748100022066	0.00017684748100022066	0.9942463547364703	0.005221528082950638	0.00017842221857830657	0.00017684387765847892	0.00017685108434196265	-0.005725303529307416
-0.0007012546757990468	-0.0014025093515980939	0.000701254675799047	0.000701254675799047	0.0007012546757990469	-0.0007012546757990469	-0.0014025093515980937	0.000701254675799047	0.0007012546757990468	0.0007012546757990466	0.010833578633297272	0.9870625965020593	0.0007013155130456218	0.0007012475019753925	0.0007012618496227015	-0.011549489567202392
0.00035372025680420173	0.0007074405136084037	-0.00035372025680420184	-0.0003537202568042018	-0.00035372025680420173	0.0003537202568042018	0.0007074405136084035	-0.00035372025680420184	-0.00035372025680420173	-0.0003537202568042017	0.0003569581798103388	0.0007073084361504541	0.9996431738976476	-0.0003537202621110155	-0.00035372025149738815	0.0001659451094553746
0.0005305807177012376	0.0010611614354024753	-0.0005305807177012376	-0.0005305807177012374	-0.0005305807177012373	0.0005305807177012373	0.0010611614354024742	-0.0005305807177012373	-0.0005305807177012374	-0.0005305807177012373	0.0005307235523333118	0.0010610185621590716	-0.0005305806790899089	0.9994687950200064	-0.0005299564554087153	0.0002528967147032258
0.0010611607705279733	0.0021223215410559465	-0.0010611607705279735	-0.0010611607705279735	-0.0010611607705279733	0.0010611607705279733	0.002122321541055945	-0.0010611607705279733	-0.0010611607705279735	-0.0010611607705279733	0.001061446439701961	0.0021220357946593244	-0.00106116069330534	-0.0010599122675158856	0.9989375907264602	0.0005057931075090159
-0.0005305095879722953	-0.0010610191759445908	0.0005305095879722954	0.0005305095879722954	0.0005305095879722953	-0.0005305095879722953	-0.0010610191759445901	0.0005305095879722953	0.0005305095879722953	0.0005305095879722952	-0.03397256027814365	0.03239021834930961	0.0005213227528894498	0.000531736475919139	0.0005292827000254509	0.9659004062202204