0.999267019390524	-0.0014659612189520097	0.0007329806094760049	0.0007329806094760047	0.0007329806094760049	-0.0007329806094760048	-0.0014659612189520102	0.000732980609476005	0.0007329806094760047	0.0007329806094760044	-0.0007349312298338592	-0.001464010115735264	0.0007329801266171139	0.0007329807093721981	0.0007329805095798116	-0.0003123645895437993
-0.0029319224379040203	0.9941361551241918	0.0029319224379040203	0.0029319224379040195	0.0029319224379040203	-0.00293192243790402	-0.005863844875808042	0.0029319224379040208	0.00293192243790402	0.002931922437904019	-0.0029397249193354375	-0.0058560404629410595	0.002931920506468455	0.002931922837488793	0.002931922038319248	-0.0012494583581751978
0.0014659612189520102	0.0029319224379040208	0.998534038781048	-0.00146596121895201	-0.0014659612189520102	0.00146596121895201	0.002931922437904021	-0.0014659612189520106	-0.00146596121895201	-0.0014659612189520093	0.0014698624596677192	0.00292802023147053	-0.001465960253234228	-0.0014659614187443966	-0.0014659610191596238	0.0006247291790875988
0.002198941828428015	0.0043978836568560305	-0.0021989418284280157	0.9978010581715713	-0.002198941828428014	0.0021989418284280144	0.0043978836568560305	-0.002198941828428015	-0.002198941828428014	-0.002198941828428014	0.0022047936895015783	0.004392030347205793	-0.0021989403798513413	-0.0021989421281165935	-0.0021989415287394344	0.0009370937686313984
0.004397883656856028	0.008795767313712058	-0.00439788365685603	-0.004397883656856028	0.9956021163431441	0.004397883656856032	0.008795767313712068	-0.004397883656856032	-0.0043978836568560305	-0.004397883656856031	0.004409587379003157	0.008784060694411594	-0.004397880759702686	-0.004397884256233188	-0.004397883057478872	0.001874187537262797
-0.0007329806094760048	-0.0014659612189520097	0.0007329806094760049	0.0007329806094760045	0.0007329806094760048	0.9992670193905238	-0.00146596121895201	0.000732980609476005	0.0007329806094760047	0.0007329806094760045	-0.0007349312298338594	-0.0014640101157352642	0.0007329801266171138	0.0007329807093721981	0.000732980509579812	-0.0003123645895437993
-0.002931922437904021	-0.005863844875808043	0.0029319224379040216	0.0029319224379040203	0.002931922437904021	-0.0029319224379040203	0.9941361551241925	0.0029319224379040208	0.0029319224379040195	0.002931922437904019	-0.0029397249193354384	-0.0058560404629410595	0.0029319205064684555	0.0029319228374887927	0.0029319220383192484	-0.0012494583581751976
0.0014659612189520102	0.0029319224379040208	-0.0014659612189520104	-0.0014659612189520097	-0.0014659612189520102	0.0014659612189520097	0.0029319224379040208	0.9985340387810481	-0.0014659612189520097	-0.0014659612189520095	0.0014698624596677188	0.002928020231470529	-0.0014659602532342277	-0.001465961418744396	-0.0014659610191596238	0.0006247291790875986
0.0021989418284280135	0.004397883656856027	-0.002198941828428014	-0.002198941828428013	-0.0021989418284280144	0.002198941828428015	0.0043978836568560305	-0.0021989418284280153	0.9978010581715715	-0.002198941828428014	0.0022047936895015787	0.0043920303472057935	-0.002198940379851342	-0.002198942128116594	-0.0021989415287394353	0.0009370937686313982
0.004397883656856027	0.008795767313712056	-0.004397883656856029	-0.004397883656856027	-0.004397883656856029	0.00439788365685603	0.008795767313712061	-0.0043978836568560305	-0.004397883656856029	0.9956021163431436	0.004409587379003158	0.00878406069441159	-0.004397880759702684	-0.004397884256233189	-0.004397883057478871	0.0018741875372627966
-0.0007323226278771034	-0.001464645255754207	0.0007323226278771035	0.0007323226278771032	0.0007323226278771034	-0.0007323226278771033	-0.0014646452557542068	0.0007323226278771034	0.0007323226278771034	0.0007323226278771033	0.9805755069257139	0.017221988779196958	0.0007378590393354535	0.0007322683507500601	0.0007323769050041471	-0.019748285567684893
-0.002835770656545492	-0.005671541313090987	0.0028357706565454934	0.002835770656545492	0.0028357706565454925	-0.0028357706565454925	-0.005671541313090987	0.0028357706565454934	0.0028357706565454925	0.0028357706565454925	0.03900573617104444	0.952486287743029	0.002836434772835364	0.00283566378796569	0.0028358775251252966	-0.03932209365541913
0.0014659612106543976	0.002931922421308796	-0.0014659612106543982	-0.0014659612106543976	-0.0014659612106543978	0.0014659612106543976	0.0029319224213087964	-0.0014659612106543984	-0.0014659612106543982	-0.0014659612106543982	0.0014809427302469552	0.002927534103542552	0.9985234455875189	-0.001465961439238206	-0.0014659609820705914	0.0006146326098802949
0.0021989476010910963	0.0043978952021821935	-0.0021989476010910967	-0.002198947601091096	-0.0021989476010910967	0.002198947601091097	0.004397895202182196	-0.002198947601091097	-0.0021989476010910967	-0.0021989476010910963	0.002204939398235765	0.004391901919986094	-0.0021989461160396664	0.9977984658932537	-0.0021963610954354477	0.0009346535801232694
0.004397883652377725	0.00879576730475545	-0.004397883652377725	-0.004397883652377724	-0.004397883652377724	0.004397883652377725	0.008795767304755453	-0.0043978836523777265	-0.004397883652377726	-0.004397883652377725	0.004409867231958895	0.008783780755074999	-0.004397880682278435	-0.004392711865515593	0.99559694456076	0.001869301953692053
-0.002195071501473146	-0.0043901430029462925	0.0021950715014731463	0.002195071501473146	0.002195071501473146	-0.0021950715014731463	-0.0043901430029462925	0.0021950715014731463	0.0021950715014731463	0.0021950715014731463	-0.11427898000044587	0.10772411139986342	0.00216472559763614	0.0021999179240809797	0.002190225078865313	0.8824418626818488