0.99851327809591	-0.0029734438081797598	0.0014867219040898807	0.0014867219040898803	0.0014867219040898799	-0.0014867219040898803	-0.0029734438081797585	0.0014867219040898805	0.0014867219040898803	0.00148672190408988	-0.001495537956002508	-0.002964626012711726	0.0014867201605344763	0.0014867226047264833	0.0014867212034532747	-0.0005620501009094526
-0.005946887616359518	0.988106224767281	0.005946887616359523	0.00594688761635952	0.005946887616359519	-0.00594688761635952	-0.011893775232719032	0.00594688761635952	0.0059468876163595195	0.005946887616359519	-0.005982151824010035	-0.011858504050846902	0.0059468806421379035	0.0059468904189059315	0.005946884813813098	-0.00224820040363781
0.00297344380817976	0.0059468876163595195	0.9970265561918206	-0.0029734438081797606	-0.0029734438081797598	0.0029734438081797606	0.005946887616359516	-0.0029734438081797606	-0.0029734438081797598	-0.0029734438081797593	0.0029910759120050177	0.005929252025423452	-0.002973440321068952	-0.002973445209452966	-0.00297344240690655	0.0011241002018189054
0.004460165712269638	0.008920331424539274	-0.004460165712269638	0.9955398342877307	-0.004460165712269638	0.0044601657122696385	0.008920331424539268	-0.004460165712269637	-0.004460165712269638	-0.004460165712269638	0.0044866138680075265	0.008893878038135182	-0.004460160481603426	-0.0044601678141794505	-0.004460163610359825	0.001686150302728358
0.00892033142453927	0.01784066284907854	-0.008920331424539272	-0.008920331424539274	0.9910796685754607	0.008920331424539275	0.017840662849078537	-0.008920331424539272	-0.008920331424539274	-0.008920331424539274	0.008973227736015048	0.017787756076270356	-0.008920320963206853	-0.008920335628358892	-0.008920327220719646	0.003372300605456716
-0.0014867219040898803	-0.00297344380817976	0.0014867219040898805	0.0014867219040898805	0.00148672190408988	0.9985132780959106	-0.0029734438081797585	0.0014867219040898803	0.0014867219040898803	0.00148672190408988	-0.0014955379560025088	-0.002964626012711727	0.001486720160534476	0.0014867226047264833	0.0014867212034532752	-0.0005620501009094529
-0.005946887616359519	-0.011893775232719036	0.0059468876163595195	0.0059468876163595195	0.005946887616359518	-0.005946887616359519	0.9881062247672803	0.005946887616359519	0.005946887616359518	0.005946887616359517	-0.005982151824010034	-0.0118585040508469	0.005946880642137902	0.00594689041890593	0.005946884813813099	-0.0022482004036378104
0.0029734438081797598	0.005946887616359519	-0.00297344380817976	-0.00297344380817976	-0.002973443808179759	0.0029734438081797598	0.005946887616359517	0.9970265561918203	-0.0029734438081797593	-0.0029734438081797593	0.002991075912005017	0.00592925202542345	-0.0029734403210689504	-0.0029734452094529657	-0.0029734424069065494	0.0011241002018189052
0.004460165712269639	0.008920331424539277	-0.004460165712269639	-0.00446016571226964	-0.004460165712269639	0.004460165712269639	0.008920331424539277	-0.00446016571226964	0.9955398342877307	-0.004460165712269638	0.004486613868007527	0.00889387803813518	-0.004460160481603426	-0.004460167814179448	-0.004460163610359825	0.0016861503027283578
0.008920331424539275	0.017840662849078547	-0.008920331424539275	-0.008920331424539277	-0.008920331424539275	0.008920331424539277	0.017840662849078547	-0.008920331424539277	-0.008920331424539275	0.9910796685754609	0.00897322773601505	0.01778775607627036	-0.008920320963206857	-0.008920335628358896	-0.008920327220719651	0.0033723006054567155
-0.001482620156292502	-0.002965240312585004	0.001482620156292502	0.001482620156292502	0.0014826201562925018	-0.001482620156292502	-0.002965240312585003	0.001482620156292502	0.001482620156292502	0.0014826201562925018	0.9675779740268394	0.027964832666832855	0.0014919529937427007	0.0014824257475720137	0.0014828145650129894	-0.03342292393067692
-0.005587790185464216	-0.01117558037092843	0.0055877901854642165	0.005587790185464217	0.005587790185464215	-0.005587790185464216	-0.011175580370928424	0.005587790185464216	0.005587790185464216	0.005587790185464215	0.0678221158240647	0.9154129968842393	0.005589306920767383	0.005587411396196253	0.0055881689747321744	-0.06587113005270515
0.0029734437415166503	0.005946887483033299	-0.0029734437415166503	-0.0029734437415166503	-0.002973443741516649	0.0029734437415166494	0.005946887483033298	-0.0029734437415166503	-0.00297344374151665	-0.0029734437415166494	0.0030098155056317894	0.005928090281760514	0.9970089816956409	-0.002973445243014709	-0.0029734422400185872	0.0011076988598022757
0.004460189818608854	0.008920379637217708	-0.004460189818608855	-0.004460189818608855	-0.004460189818608854	0.004460189818608854	0.008920379637217708	-0.004460189818608854	-0.004460189818608855	-0.004460189818608855	0.004487097860415339	0.008893466250386808	-0.004460184473584434	0.9955345656061954	-0.00445494524341302	0.0016813927283728198
0.008920331373401627	0.01784066274680325	-0.00892033137340163	-0.00892033137340163	-0.008920331373401626	0.008920331373401626	0.017840662746803248	-0.008920331373401626	-0.008920331373401627	-0.008920331373401627	0.008974147335500554	0.017786836094677187	-0.008920320683374483	-0.008909850733206525	0.9910691879864032	0.003362765167877672
-0.004435839885616123	-0.008871679771232245	0.004435839885616123	0.004435839885616124	0.0044358398856161226	-0.0044358398856161226	-0.008871679771232242	0.004435839885616122	0.004435839885616122	0.0044358398856161226	-0.18994083108610332	0.17668277904512936	0.004386372269741685	0.004445156168816387	0.0044265236024158576	0.8011375369378616