0.9977527142692836	-0.004494571461433476	0.002247285730716738	0.0022472857307167383	0.002247285730716738	-0.0022472857307167366	-0.004494571461433477	0.0022472857307167383	0.0022472857307167383	0.002247285730716738	-0.002263625864468282	-0.004478229732692542	0.0022472841357273456	0.0022472878598847742	0.0022472836015487033	-0.000762851953563008
-0.008989142922866957	0.9820217141542661	0.008989142922866955	0.008989142922866955	0.008989142922866955	-0.008989142922866952	-0.017978285845733914	0.008989142922866955	0.008989142922866955	0.008989142922866957	-0.009054503457873127	-0.01791291893077017	0.008989136542909388	0.008989151439539097	0.008989134406194818	-0.003051407814252033
0.004494571461433477	0.008989142922866952	0.9955054285385664	-0.0044945714614334775	-0.004494571461433477	0.004494571461433474	0.008989142922866957	-0.004494571461433477	-0.004494571461433477	-0.004494571461433477	0.004527251728936564	0.008956459465385083	-0.004494568271454691	-0.0044945757197695484	-0.004494567203097409	0.0015257039071260162
0.006741857192150219	0.013483714384300436	-0.00674185719215022	0.9932581428078502	-0.006741857192150216	0.006741857192150215	0.013483714384300438	-0.006741857192150221	-0.00674185719215022	-0.006741857192150218	0.006790877593404851	0.013434689198077629	-0.0067418524071820385	-0.006741863579654317	-0.006741850804646113	0.002288555860689024
0.013483714384300434	0.02696742876860087	-0.013483714384300436	-0.013483714384300434	0.9865162856156994	0.013483714384300427	0.026967428768600865	-0.013483714384300436	-0.013483714384300434	-0.013483714384300433	0.013581755186809697	0.02686937839615525	-0.013483704814364074	-0.013483727159308633	-0.013483701609292223	0.004577111721378049
-0.0022472857307167388	-0.004494571461433477	0.002247285730716738	0.0022472857307167383	0.0022472857307167383	0.9977527142692827	-0.004494571461433476	0.0022472857307167375	0.002247285730716737	0.0022472857307167375	-0.0022636258644682817	-0.0044782297326925406	0.002247284135727346	0.002247287859884773	0.002247283601548704	-0.000762851953563008
-0.008989142922866959	-0.017978285845733914	0.008989142922866955	0.008989142922866957	0.008989142922866957	-0.008989142922866955	0.9820217141542662	0.008989142922866953	0.008989142922866952	0.008989142922866953	-0.00905450345787313	-0.01791291893077017	0.008989136542909388	0.008989151439539093	0.008989134406194817	-0.003051407814252033
0.004494571461433479	0.008989142922866957	-0.0044945714614334775	-0.004494571461433478	-0.004494571461433478	0.0044945714614334775	0.008989142922866955	0.9955054285385668	-0.0044945714614334775	-0.004494571461433478	0.004527251728936565	0.008956459465385085	-0.004494568271454693	-0.004494575719769547	-0.004494567203097408	0.0015257039071260167
0.006741857192150217	0.013483714384300433	-0.006741857192150218	-0.006741857192150217	-0.0067418571921502145	0.0067418571921502145	0.01348371438430043	-0.006741857192150217	0.9932581428078501	-0.006741857192150215	0.006790877593404848	0.013434689198077627	-0.006741852407182038	-0.006741863579654319	-0.0067418508046461125	0.0022885558606890247
0.013483714384300436	0.02696742876860087	-0.013483714384300438	-0.013483714384300436	-0.013483714384300433	0.01348371438430043	0.02696742876860086	-0.013483714384300436	-0.013483714384300433	0.9865162856156999	0.013581755186809699	0.026869378396155254	-0.013483704814364079	-0.01348372715930864	-0.013483701609292228	0.004577111721378051
-0.002235885105353888	-0.004471770210707776	0.002235885105353888	0.002235885105353888	0.002235885105353888	-0.002235885105353887	-0.004471770210707776	0.0022358851053538875	0.002235885105353887	0.002235885105353887	0.9571652031406781	0.03611518934574886	0.0022478373028651582	0.0022354869689908017	0.0022362832417169715	-0.04426201441942848
-0.008222058741423377	-0.016444117482846753	0.008222058741423377	0.008222058741423377	0.008222058741423377	-0.008222058741423375	-0.016444117482846753	0.00822205874142338	0.008222058741423378	0.008222058741423378	0.09039690534267544	0.8849350804417462	0.008223896732731651	0.008221288335829814	0.00822282914701694	-0.08679932142224142
0.004494571340879814	0.008989142681759626	-0.004494571340879812	-0.004494571340879812	-0.004494571340879812	0.004494571340879812	0.008989142681759625	-0.004494571340879812	-0.0044945713408798115	-0.004494571340879812	0.004551464045523093	0.008954882600373243	0.9954827960358634	-0.0044945758003861564	-0.004494566881373468	0.001504532862624041
0.006741913122427948	0.013483826244855899	-0.00674191312242795	-0.006741913122427949	-0.0067419131224279475	0.0067419131224279475	0.013483826244855897	-0.00674191312242795	-0.0067419131224279475	-0.006741913122427948	0.006791835772633016	0.013433898594031227	-0.0067419081218083494	0.9932501626488519	-0.006733988893707891	0.0022815863829076712
0.013483714189645122	0.02696742837929024	-0.013483714189645123	-0.013483714189645123	-0.01348371418964512	0.01348371418964512	0.02696742837929024	-0.013483714189645123	-0.01348371418964512	-0.013483714189645118	0.013583559206628248	0.02686757336107274	-0.013483704188410746	-0.013467891510846295	0.9865004631315556	0.0045631283993558406
-0.0066740548154567885	-0.013348109630913577	0.0066740548154567885	0.0066740548154567885	0.006674054815456788	-0.006674054815456788	-0.013348109630913575	0.0066740548154567885	0.006674054815456788	0.006674054815456788	-0.25008277372675236	0.23012470737669524	0.006609956719143656	0.006687495048419963	0.006660614582493611	0.7367004743332148