0.9976021806973292	-0.0047956386053413375	0.002397819302670669	0.0023978193026706683	0.002397819302670668	-0.0023978193026706683	-0.004795638605341337	0.0023978193026706683	0.0023978193026706683	0.002397819302670668	-0.0024153138277446177	-0.004778142902232336	0.0023978181246356134	0.0023978218349854485	0.0023978167703558886	-0.0007968586306387369
-0.009591277210682673	0.9808174455786349	0.009591277210682675	0.009591277210682673	0.009591277210682671	-0.009591277210682673	-0.019182554421365343	0.009591277210682673	0.009591277210682673	0.00959127721068267	-0.009661255310978467	-0.019112571608929332	0.009591272498542455	0.009591287339941797	0.00959126708142355	-0.0031874345225549484
0.0047956386053413375	0.00959127721068267	0.9952043613946596	-0.004795638605341337	-0.004795638605341336	0.004795638605341337	0.009591277210682673	-0.0047956386053413375	-0.004795638605341337	-0.004795638605341335	0.004830627655489232	0.00955628580446467	-0.004795636249271226	-0.004795643669970897	-0.004795633540711777	0.0015937172612774738
0.007193457908012007	0.014386915816024014	-0.007193457908012008	0.9928065420919878	-0.007193457908012006	0.007193457908012006	0.014386915816024014	-0.007193457908012009	-0.007193457908012008	-0.007193457908012006	0.007245941483233844	0.014334428706697006	-0.007193454373906839	-0.007193465504956351	-0.007193450311067663	0.00239057589191621
0.01438691581602401	0.02877383163204802	-0.014386915816024014	-0.014386915816024014	0.9856130841839759	0.01438691581602401	0.028773831632048028	-0.014386915816024018	-0.014386915816024014	-0.014386915816024012	0.014491882966467685	0.028668857413394002	-0.014386908747813676	-0.0143869310099127	-0.014386900622135327	0.00478115178383242
-0.002397819302670669	-0.004795638605341337	0.002397819302670669	0.0023978193026706687	0.002397819302670668	0.9976021806973291	-0.0047956386053413375	0.002397819302670669	0.0023978193026706687	0.0023978193026706683	-0.002415313827744616	-0.004778142902232335	0.002397818124635614	0.002397821834985449	0.002397816770355889	-0.0007968586306387369
-0.009591277210682677	-0.019182554421365346	0.009591277210682673	0.009591277210682675	0.009591277210682673	-0.009591277210682675	0.9808174455786347	0.009591277210682677	0.009591277210682675	0.00959127721068267	-0.009661255310978467	-0.019112571608929343	0.009591272498542455	0.009591287339941799	0.00959126708142355	-0.0031874345225549475
0.004795638605341339	0.009591277210682675	-0.004795638605341338	-0.004795638605341339	-0.0047956386053413375	0.004795638605341339	0.009591277210682675	0.9952043613946593	-0.004795638605341338	-0.004795638605341337	0.004830627655489235	0.009556285804464673	-0.004795636249271228	-0.004795643669970898	-0.004795633540711776	0.0015937172612774742
0.007193457908012008	0.014386915816024014	-0.007193457908012008	-0.00719345790801201	-0.007193457908012007	0.007193457908012007	0.014386915816024016	-0.00719345790801201	0.9928065420919878	-0.007193457908012007	0.007245941483233846	0.014334428706697008	-0.00719345437390684	-0.007193465504956349	-0.0071934503110676635	0.002390575891916211
0.014386915816024009	0.028773831632048018	-0.014386915816024012	-0.01438691581602401	-0.014386915816024007	0.014386915816024007	0.028773831632048018	-0.014386915816024012	-0.01438691581602401	0.9856130841839756	0.014491882966467685	0.028668857413394002	-0.014386908747813674	-0.014386931009912694	-0.014386900622135324	0.00478115178383242
-0.0023844488232535816	-0.004768897646507163	0.002384448823253582	0.002384448823253582	0.002384448823253581	-0.002384448823253582	-0.004768897646507162	0.002384448823253582	0.0023844488232535824	0.0023844488232535816	0.9552645172599815	0.037569777247988725	0.0023968078455226132	0.0023840040721543622	0.0023848935743527987	-0.04620858761868538
-0.008727162077129926	-0.017454324154259845	0.008727162077129926	0.008727162077129926	0.008727162077129922	-0.008727162077129926	-0.017454324154259845	0.008727162077129924	0.008727162077129926	0.008727162077129922	0.09436316782336832	0.8794535235697336	0.008728984452638127	0.008726302373853315	0.008728021780406542	-0.09056064435054734
0.0047956384910001785	0.009591276982000352	-0.004795638491000177	-0.004795638491000178	-0.004795638491000176	0.004795638491000177	0.009591276982000352	-0.004795638491000176	-0.004795638491000176	-0.004795638491000176	0.004855730874610149	0.009554662309633869	0.9951808837977564	-0.004795643779637652	-0.004795633202362699	0.0015716958739468792
0.007193521777448625	0.014387043554897254	-0.007193521777448628	-0.007193521777448628	-0.007193521777448626	0.007193521777448626	0.014387043554897254	-0.007193521777448629	-0.0071935217774486285	-0.007193521777448626	0.007247008487620504	0.014333553072512741	-0.007193518005235998	0.9927980240818745	-0.007185067636771254	0.002383181887092125
0.01438691557659819	0.028773831153196382	-0.014386915576598191	-0.014386915576598193	-0.014386915576598191	0.014386915576598191	0.028773831153196382	-0.014386915576598196	-0.014386915576598195	-0.01438691557659819	0.014493888690977834	0.028666850494378362	-0.01438690803215981	-0.014370037942136168	0.9855962067889391	0.0047663136862001205
-0.0071139114126428015	-0.014227822825285601	0.0071139114126428015	0.007113911412642804	0.0071139114126428015	-0.007113911412642801	-0.014227822825285603	0.007113911412642802	0.007113911412642804	0.0071139114126428015	-0.26102668759892267	0.2397516770485035	0.007047187725133645	0.007128128120488102	0.007099694704797501	0.7251221763685067