0.99840834628861	-0.0031833074227801744	0.0015916537113900872	0.0015916537113900872	0.001591653711390087	-0.0015916537113900872	-0.003183307422780174	0.0015916537113900874	0.0015916537113900876	0.0015916537113900872	-0.0016015909940651654	-0.003173368273285222	0.0015916518445702112	0.0015916545540202165	0.0015916528687599592	-0.0005926482192511705
-0.00636661484556035	0.9872667703088795	0.006366614845560349	0.00636661484556035	0.006366614845560349	-0.00636661484556035	-0.012733229691120698	0.0063666148455603505	0.006366614845560351	0.0063666148455603505	-0.006406363976260662	-0.01269347309314089	0.006366607378280845	0.006366618216080865	0.006366611475039835	-0.0023705928770046828
0.0031833074227801727	0.006366614845560346	0.9968166925772202	-0.0031833074227801744	-0.003183307422780174	0.003183307422780174	0.006366614845560348	-0.0031833074227801744	-0.003183307422780175	-0.003183307422780174	0.003203181988130331	0.006346736546570443	-0.0031833036891404216	-0.003183309108040432	-0.0031833057375199162	0.0011852964385023414
0.004774961134170262	0.009549922268340528	-0.004774961134170264	0.9952250388658296	-0.004774961134170262	0.004774961134170262	0.00954992226834053	-0.004774961134170263	-0.004774961134170263	-0.004774961134170262	0.004804772982195495	0.009520104819855666	-0.004774955533710636	-0.004774963662060649	-0.004774958606279873	0.0017779446577535101
0.009549922268340522	0.019099844536681055	-0.009549922268340526	-0.009549922268340524	0.9904500777316593	0.009549922268340522	0.019099844536681055	-0.009549922268340524	-0.009549922268340526	-0.009549922268340522	0.009609545964390991	0.019040209639711324	-0.009549911067421264	-0.009549927324121294	-0.009549917212559746	0.003555889315507023
-0.0015916537113900865	-0.0031833074227801735	0.001591653711390087	0.001591653711390087	0.0015916537113900868	0.99840834628861	-0.0031833074227801735	0.0015916537113900872	0.0015916537113900874	0.001591653711390087	-0.0016015909940651648	-0.0031733682732852215	0.0015916518445702112	0.0015916545540202158	0.0015916528687599585	-0.0005926482192511705
-0.006366614845560349	-0.0127332296911207	0.0063666148455603505	0.0063666148455603505	0.006366614845560349	-0.00636661484556035	0.9872667703088791	0.00636661484556035	0.0063666148455603505	0.00636661484556035	-0.006406363976260661	-0.012693473093140884	0.006366607378280847	0.006366618216080865	0.006366611475039835	-0.0023705928770046828
0.003183307422780173	0.006366614845560347	-0.003183307422780174	-0.003183307422780174	-0.0031833074227801735	0.0031833074227801735	0.006366614845560347	0.99681669257722	-0.0031833074227801753	-0.003183307422780174	0.00320318198813033	0.006346736546570442	-0.0031833036891404216	-0.0031833091080404317	-0.0031833057375199167	0.0011852964385023412
0.004774961134170264	0.009549922268340531	-0.0047749611341702655	-0.004774961134170265	-0.004774961134170265	0.004774961134170263	0.009549922268340531	-0.004774961134170264	0.9952250388658298	-0.00477496113417026	0.004804772982195496	0.009520104819855666	-0.004774955533710636	-0.0047749636620606495	-0.004774958606279875	0.001777944657753511
0.009549922268340524	0.019099844536681055	-0.009549922268340528	-0.009549922268340526	-0.009549922268340526	0.009549922268340522	0.019099844536681055	-0.009549922268340524	-0.009549922268340522	0.9904500777316594	0.00960954596439099	0.01904020963971133	-0.00954991106742127	-0.009549927324121295	-0.009549917212559747	0.003555889315507023
-0.001586789678824548	-0.003173579357649096	0.0015867896788245481	0.001586789678824548	0.0015867896788245475	-0.001586789678824548	-0.003173579357649096	0.0015867896788245481	0.0015867896788245483	0.0015867896788245483	0.9660330445420229	0.029196829727061488	0.0015965463732667898	0.001586570537729792	0.001587008819919304	-0.03504621985553403
-0.005959477138772802	-0.011918954277545604	0.005959477138772801	0.005959477138772802	0.005959477138772799	-0.0059594771387728	-0.011918954277545602	0.005959477138772801	0.005959477138772803	0.005959477138772801	0.07124544175443694	0.9108745274413897	0.005961076526627657	0.0059590506456057195	0.005959903631939884	-0.06900588780207313
0.0031833073450216872	0.006366614690043375	-0.0031833073450216872	-0.0031833073450216872	-0.003183307345021687	0.0031833073450216877	0.006366614690043375	-0.003183307345021688	-0.0031833073450216894	-0.0031833073450216885	0.0032227887582907204	0.0063454989692891105	0.9967983269624636	-0.0031833091428942963	-0.0031833055471490804	0.0011681730076580263
0.004774988821464014	0.00954997764292803	-0.004774988821464014	-0.004774988821464013	-0.004774988821464013	0.004774988821464012	0.009549977642928028	-0.004774988821464013	-0.004774988821464012	-0.004774988821464012	0.004805314867533673	0.009519645869287953	-0.004774983093893606	0.9952193967212238	-0.004769374364151703	0.0017728750365206835
0.009549922204345753	0.019099844408691512	-0.009549922204345753	-0.009549922204345753	-0.009549922204345753	0.009549922204345753	0.01909984440869151	-0.009549922204345753	-0.009549922204345753	-0.009549922204345753	0.009610574152534768	0.019039181005385385	-0.009549910749228648	-0.009538703518398521	0.9904388591097066	0.0035457269673289603
-0.004746099078805507	-0.009492198157611018	0.004746099078805507	0.0047460990788055065	0.004746099078805507	-0.0047460990788055065	-0.009492198157611015	0.004746099078805507	0.0047460990788055065	0.004746099078805507	-0.1988875203394837	0.18470089548914936	0.0046944266927233715	0.004756005438434089	0.0047361927191769265	0.7914888301144212