0.9976148798221717	-0.004770240355657222	0.00238512017782861	0.0023851201778286105	0.002385120177828611	-0.002385120177828611	-0.004770240355657222	0.0023851201778286105	0.00238512017782861	0.00238512017782861	-0.0024025234801692357	-0.004752835833837598	0.002385118958349615	0.002385122674447555	0.002385117681209668	-0.0007940634833912741
-0.009540480711314444	0.9809190385773711	0.009540480711314442	0.009540480711314442	0.009540480711314445	-0.009540480711314445	-0.019080961422628894	0.009540480711314444	0.009540480711314442	0.009540480711314444	-0.009610093920676943	-0.0190113433353504	0.00954047583339846	0.009540490697790224	0.009540470724838665	-0.0031762539335650963
0.00477024035565722	0.009540480711314442	0.9952297596443426	-0.004770240355657221	-0.004770240355657223	0.004770240355657222	0.009540480711314445	-0.004770240355657222	-0.004770240355657221	-0.004770240355657221	0.004805046960338472	0.009505671667675195	-0.004770237916699229	-0.004770245348895112	-0.0047702353624193335	0.0015881269667825473
0.007155360533485832	0.014310721066971665	-0.0071553605334858305	0.9928446394665142	-0.007155360533485833	0.007155360533485831	0.014310721066971668	-0.007155360533485833	-0.00715536053348583	-0.007155360533485833	0.007207570440507706	0.014258507501512805	-0.007155356875048845	-0.007155368023342665	-0.007155353043629003	0.002382190450173821
0.01431072106697167	0.028621442133943336	-0.014310721066971668	-0.014310721066971666	0.9856892789330282	0.014310721066971663	0.02862144213394334	-0.014310721066971668	-0.01431072106697166	-0.014310721066971666	0.014415140881015412	0.02851701500302561	-0.014310713750097686	-0.014310736046685334	-0.014310706087258004	0.004764380900347642
-0.002385120177828611	-0.004770240355657223	0.0023851201778286105	0.002385120177828611	0.0023851201778286118	0.9976148798221712	-0.004770240355657223	0.002385120177828611	0.0023851201778286105	0.0023851201778286105	-0.0024025234801692357	-0.004752835833837598	0.002385118958349614	0.0023851226744475555	0.0023851176812096663	-0.000794063483391274
-0.009540480711314445	-0.019080961422628894	0.009540480711314444	0.009540480711314445	0.009540480711314449	-0.009540480711314447	0.9809190385773713	0.009540480711314444	0.009540480711314442	0.009540480711314444	-0.009610093920676945	-0.019011343335350407	0.00954047583339846	0.009540490697790225	0.00954047072483867	-0.0031762539335650954
0.004770240355657221	0.009540480711314444	-0.00477024035565722	-0.004770240355657221	-0.004770240355657223	0.004770240355657222	0.009540480711314447	0.9952297596443428	-0.004770240355657219	-0.00477024035565722	0.0048050469603384705	0.009505671667675197	-0.004770237916699226	-0.004770245348895112	-0.0047702353624193335	0.0015881269667825481
0.007155360533485832	0.014310721066971665	-0.007155360533485831	-0.0071553605334858305	-0.007155360533485832	0.007155360533485831	0.014310721066971665	-0.007155360533485831	0.9928446394665137	-0.007155360533485833	0.007207570440507706	0.014258507501512798	-0.007155356875048843	-0.007155368023342666	-0.007155353043629	0.002382190450173821
0.014310721066971668	0.028621442133943336	-0.014310721066971666	-0.014310721066971665	-0.014310721066971668	0.014310721066971666	0.028621442133943336	-0.014310721066971666	-0.014310721066971663	0.9856892789330279	0.014415140881015415	0.0285170150030256	-0.014310713750097686	-0.014310736046685334	-0.014310706087258	0.004764380900347644
-0.0023719231977879845	-0.004743846395575969	0.002371923197787983	0.0023719231977879836	0.0023719231977879845	-0.0023719231977879854	-0.004743846395575971	0.0023719231977879845	0.002371923197787984	0.0023719231977879854	0.9554234213944859	0.037448483046620865	0.0023842491633169266	0.002371482454216331	0.002372363941359641	-0.04604626419848798
-0.008684758316799839	-0.017369516633599674	0.008684758316799835	0.008684758316799834	0.008684758316799837	-0.008684758316799837	-0.017369516633599674	0.008684758316799834	0.008684758316799835	0.008684758316799837	0.09403352713828769	0.8799103732033899	0.00868658302472255	0.008683906287393824	0.008685610346205859	-0.0902469426758681
0.004770240240425917	0.009540480480851836	-0.004770240240425916	-0.004770240240425916	-0.004770240240425918	0.004770240240425918	0.009540480480851836	-0.004770240240425916	-0.004770240240425916	-0.004770240240425918	0.004830077079873317	0.009504051698697436	0.9952063517022809	-0.004770245455711059	-0.004770235025140776	0.0015661765003642612
0.00715542371185654	0.014310847423713082	-0.007155423711856539	-0.00715542371185654	-0.007155423711856541	0.00715542371185654	0.014310847423713084	-0.00715542371185654	-0.007155423711856538	-0.007155423711856541	0.0072086280713608945	0.014257639169589796	-0.00715541981723761	0.9928361668439076	-0.00714701426762068	0.002374832092717871
0.0143107208315725	0.028621441663145	-0.0143107208315725	-0.014310720831572503	-0.014310720831572504	0.014310720831572503	0.028621441663145012	-0.014310720831572504	-0.0143107208315725	-0.014310720831572504	0.014417129246255496	0.02851502545921281	-0.014310713042323307	-0.014293932159002183	0.985672490495857	0.004749614591548613
-0.007076848548954838	-0.014153697097909678	0.007076848548954838	0.007076848548954838	0.007076848548954839	-0.007076848548954839	-0.014153697097909678	0.007076848548954838	0.007076848548954838	0.007076848548954839	-0.2601120580229285	0.2389480168752236	0.007010344049795107	0.007091000233137795	0.007062696864771889	0.7260878043290111