0.9985060422808124	-0.002987915438375799	0.0014939577191878997	0.0014939577191878997	0.0014939577191878993	-0.0014939577191878997	-0.0029879154383757977	0.0014939577191878993	0.0014939577191878993	0.0014939577191878993	-0.0015028509517983181	-0.002979020452754791	0.0014939559661773113	0.0014939584291016417	0.0014939570092741574	-0.0005641904701023082
-0.0059758308767516	0.9880483382464968	0.005975830876751599	0.005975830876751598	0.005975830876751597	-0.005975830876751599	-0.011951661753503193	0.005975830876751597	0.005975830876751597	0.005975830876751598	-0.006011403807193274	-0.011916081811019165	0.005975823864709245	0.005975833716406566	0.005975828037096628	-0.0022567618804092333
0.0029879154383758	0.0059758308767516	0.9970120845616245	-0.0029879154383757995	-0.002987915438375799	0.0029879154383757995	0.005975830876751597	-0.002987915438375799	-0.002987915438375799	-0.0029879154383757995	0.0030057019035966376	0.005958040905509583	-0.0029879119323546225	-0.0029879168582032847	-0.0029879140185483143	0.0011283809402046164
0.004481873157563696	0.008963746315127393	-0.004481873157563697	0.995518126842436	-0.0044818731575636955	0.004481873157563697	0.008963746315127391	-0.004481873157563697	-0.004481873157563698	-0.004481873157563697	0.004508552855394956	0.008937061358264367	-0.004481867898531931	-0.004481875287304924	-0.004481871027822471	0.0016925714103069246
0.008963746315127391	0.017927492630254782	-0.008963746315127393	-0.008963746315127395	0.9910362536848726	0.008963746315127396	0.01792749263025479	-0.008963746315127396	-0.008963746315127396	-0.008963746315127396	0.009017105710789917	0.017874122716528752	-0.008963735797063862	-0.008963750574609847	-0.008963742055644949	0.00338514282061385
-0.0014939577191878997	-0.0029879154383757995	0.0014939577191878995	0.0014939577191878997	0.0014939577191878997	0.9985060422808125	-0.0029879154383757986	0.0014939577191878997	0.0014939577191878995	0.0014939577191878997	-0.001502850951798319	-0.002979020452754792	0.0014939559661773113	0.0014939584291016421	0.0014939570092741574	-0.0005641904701023084
-0.0059758308767516	-0.0119516617535032	0.005975830876751599	0.0059758308767516	0.0059758308767516	-0.005975830876751601	0.9880483382464965	0.005975830876751598	0.005975830876751598	0.005975830876751599	-0.006011403807193275	-0.011916081811019165	0.005975823864709244	0.005975833716406567	0.0059758280370966295	-0.002256761880409233
0.0029879154383758003	0.0059758308767516	-0.0029879154383757995	-0.0029879154383758	-0.0029879154383758	0.0029879154383758008	0.0059758308767516	0.9970120845616245	-0.0029879154383757986	-0.0029879154383757995	0.0030057019035966376	0.005958040905509583	-0.002987911932354622	-0.002987916858203284	-0.0029879140185483147	0.0011283809402046166
0.0044818731575636955	0.008963746315127391	-0.004481873157563696	-0.004481873157563697	-0.004481873157563697	0.0044818731575637	0.008963746315127398	-0.0044818731575637	0.9955181268424361	-0.004481873157563697	0.004508552855394956	0.008937061358264371	-0.004481867898531931	-0.004481875287304925	-0.004481871027822472	0.0016925714103069244
0.008963746315127391	0.017927492630254782	-0.008963746315127393	-0.008963746315127395	-0.008963746315127395	0.0089637463151274	0.017927492630254796	-0.0089637463151274	-0.008963746315127398	0.9910362536848728	0.009017105710789914	0.017874122716528752	-0.00896373579706386	-0.008963750574609847	-0.008963742055644947	0.0033851428206138493
-0.0014898057677995545	-0.0029796115355991085	0.001489805767799554	0.001489805767799554	0.0014898057677995543	-0.0014898057677995545	-0.002979611535599108	0.0014898057677995538	0.001489805767799554	0.001489805767799554	0.9674699686408915	0.028051251274783598	0.0014991685487260888	0.0014896096908417237	0.0014900018447573848	-0.0335365198730009
-0.005613507014523547	-0.011227014029047092	0.005613507014523545	0.005613507014523545	0.005613507014523544	-0.005613507014523545	-0.011227014029047088	0.005613507014523544	0.005613507014523546	0.005613507014523546	0.06806197627544816	0.915095979883233	0.005615029812271547	0.005613125005616677	0.005613889023430408	-0.06609054230128464
0.0029879153709487538	0.0059758307418975075	-0.0029879153709487538	-0.0029879153709487538	-0.002987915370948754	0.0029879153709487546	0.005975830741897509	-0.0029879153709487538	-0.0029879153709487533	-0.0029879153709487533	0.0030245026208456627	0.005956873747395473	0.9969944543736566	-0.0029879168918381816	-0.0029879138500593255	0.001111928934039731
0.004481897502641987	0.008963795005283976	-0.004481897502641988	-0.004481897502641989	-0.004481897502641987	0.00448189750264199	0.008963795005283978	-0.004481897502641989	-0.004481897502641988	-0.004481897502641989	0.004509040761074849	0.008936646372594885	-0.004481892128385753	0.9955128324145918	-0.004476627419875537	0.0016877922435338125
0.00896374626316363	0.01792749252632726	-0.00896374626316363	-0.00896374626316363	-0.00896374626316363	0.008963746263163633	0.017927492526327263	-0.008963746263163633	-0.008963746263163631	-0.008963746263163633	0.009018032657005971	0.017873195383994324	-0.008963735514673023	-0.008953214720127202	0.9910257221938	0.0033755640093734137
-0.0044572486289070285	-0.008914497257814057	0.0044572486289070285	0.0044572486289070285	0.0044572486289070285	-0.004457248628907029	-0.008914497257814059	0.004457248628907029	0.004457248628907028	0.0044572486289070285	-0.19056659180472846	0.17724446811589395	0.004407626431020449	0.004466605833284902	0.004447891424529157	0.8004623319134532