0.9979104101784564	-0.004179179643086437	0.002089589821543221	0.0020895898215432204	0.0020895898215432204	-0.0020895898215432204	-0.004179179643086438	0.0020895898215432204	0.0020895898215432204	0.0020895898215432204	-0.002104563043314432	-0.004164204552383298	0.002089587952611287	0.0020895915738418903	0.00208958806924455	-0.0007251907355005191
-0.008358359286172885	0.9832832814276539	0.008358359286172883	0.008358359286172881	0.008358359286172881	-0.008358359286172883	-0.016716718572345756	0.008358359286172883	0.008358359286172885	0.008358359286172885	-0.008418252173257729	-0.01665681820953319	0.008358351810445148	0.008358366295367561	0.008358352276978197	-0.0029007629420020773
0.004179179643086442	0.008358359286172881	0.9958208203569139	-0.004179179643086442	-0.004179179643086442	0.0041791796430864425	0.00835835928617288	-0.004179179643086442	-0.004179179643086441	-0.0041791796430864425	0.004209126086628864	0.008328409104766598	-0.004179175905222573	-0.004179183147683783	-0.004179176138489099	0.0014503814710010382
0.006268769464629662	0.012537538929259323	-0.006268769464629663	0.9937312305353705	-0.006268769464629662	0.006268769464629663	0.012537538929259323	-0.006268769464629664	-0.006268769464629663	-0.006268769464629662	0.006313689129943296	0.01249261365714989	-0.006268763857833859	-0.0062687747215256755	-0.006268764207733648	0.002175572206501558
0.012537538929259332	0.025075077858518657	-0.012537538929259334	-0.012537538929259332	0.9874624610707409	0.012537538929259332	0.02507507785851865	-0.012537538929259332	-0.01253753892925933	-0.012537538929259327	0.012627378259886596	0.024985227314299793	-0.012537527715667726	-0.01253754944305136	-0.0125375284154673	0.0043511444130031164
-0.0020895898215432212	-0.004179179643086441	0.002089589821543221	0.0020895898215432204	0.0020895898215432204	0.9979104101784568	-0.004179179643086439	0.0020895898215432204	0.0020895898215432204	0.0020895898215432204	-0.002104563043314432	-0.004164204552383298	0.002089587952611287	0.0020895915738418916	0.002089588069244549	-0.0007251907355005189
-0.008358359286172881	-0.01671671857234576	0.008358359286172881	0.00835835928617288	0.00835835928617288	-0.008358359286172881	0.9832832814276541	0.008358359286172881	0.008358359286172881	0.008358359286172881	-0.008418252173257727	-0.016656818209533186	0.008358351810445148	0.008358366295367564	0.008358352276978197	-0.002900762942002075
0.004179179643086443	0.008358359286172883	-0.0041791796430864425	-0.004179179643086442	-0.004179179643086442	0.0041791796430864425	0.008358359286172883	0.995820820356914	-0.0041791796430864425	-0.0041791796430864425	0.004209126086628865	0.008328409104766597	-0.004179175905222576	-0.004179183147683782	-0.004179176138489098	0.0014503814710010382
0.006268769464629664	0.012537538929259327	-0.006268769464629664	-0.006268769464629663	-0.006268769464629663	0.006268769464629662	0.012537538929259325	-0.006268769464629662	0.9937312305353705	-0.006268769464629662	0.006313689129943296	0.01249261365714989	-0.00626876385783386	-0.0062687747215256755	-0.006268764207733648	0.002175572206501558
0.012537538929259334	0.02507507785851866	-0.012537538929259335	-0.012537538929259332	-0.012537538929259332	0.012537538929259332	0.025075077858518653	-0.012537538929259328	-0.01253753892925933	0.9874624610707409	0.012627378259886593	0.024985227314299786	-0.012537527715667724	-0.012537549443051356	-0.012537528415467299	0.004351144413003116
-0.002080055766113454	-0.004160111532226907	0.0020800557661134543	0.0020800557661134543	0.0020800557661134543	-0.0020800557661134543	-0.004160111532226908	0.002080055766113455	0.0020800557661134543	0.002080055766113454	0.9592006862028895	0.034547656895355695	0.002091545369528172	0.0020797043359018154	0.0020804071963250945	-0.04216536273621428
-0.007687175265025407	-0.01537435053005081	0.007687175265025408	0.007687175265025407	0.007687175265025407	-0.007687175265025408	-0.01537435053005081	0.007687175265025407	0.007687175265025407	0.007687175265025407	0.08609215202454251	0.8908444961905831	0.007689001254823921	0.00768649442238727	0.007687856107663544	-0.08274953159201
0.004179179524733161	0.008358359049466323	-0.004179179524733163	-0.004179179524733161	-0.004179179524733162	0.004179179524733162	0.008358359049466323	-0.004179179524733163	-0.004179179524733162	-0.004179179524733162	0.004232344652825577	0.008326892975526589	0.9957991214211146	-0.004179183207540907	-0.004179175841925422	0.001430126710604452
0.006268817666390956	0.012537635332781908	-0.006268817666390956	-0.006268817666390956	-0.006268817666390957	0.006268817666390956	0.012537635332781908	-0.006268817666390957	-0.006268817666390956	-0.006268817666390956	0.006314538634260348	0.012491908565133936	-0.006268811866612373	0.9937238134180653	-0.006261448750847028	0.002169052075287997
0.012537538774984073	0.025075077549968135	-0.01253753877498407	-0.01253753877498407	-0.01253753877498407	0.012537538774984069	0.02507507754996813	-0.012537538774984069	-0.01253753877498407	-0.012537538774984073	0.012628980456875525	0.02498362426853629	-0.012537527175443668	-0.012522822170097187	0.9874477446201291	0.004338065453139283
-0.006212092300930381	-0.012424184601860759	0.006212092300930381	0.006212092300930381	0.006212092300930382	-0.00621209230093038	-0.012424184601860755	0.006212092300930379	0.006212092300930379	0.00621209230093038	-0.2383527176658289	0.21977771566459436	0.0061508173993737175	0.006224705568173627	0.006199479033687127	0.7491683561489599