0.998252705679856	-0.0034945886402884324	0.0017472943201442164	0.0017472943201442155	0.0017472943201442153	-0.001747294320144215	-0.003494588640288432	0.0017472943201442155	0.0017472943201442162	0.0017472943201442158	-0.0017588817082947936	-0.003482999267665994	0.0017472923356723537	0.0017472954039080355	0.0017472932363803953	-0.0006363081777212779
-0.006989177280576861	0.9860216454388471	0.006989177280576862	0.006989177280576859	0.006989177280576859	-0.006989177280576858	-0.013978354561153723	0.0069891772805768596	0.006989177280576862	0.00698917728057686	-0.0070355268331791735	-0.013931997070663973	0.006989169342689414	0.006989181615632144	0.006989172945521578	-0.0025452327108851135
0.00349458864028843	0.006989177280576861	0.9965054113597124	-0.0034945886402884306	-0.0034945886402884306	0.00349458864028843	0.006989177280576863	-0.0034945886402884306	-0.003494588640288432	-0.0034945886402884306	0.0035177634165895868	0.006965998535331988	-0.003494584671344708	-0.0034945908078160715	-0.0034945864727607893	0.0012726163554425565
0.005241882960432646	0.010483765920865291	-0.0052418829604326455	0.9947581170395673	-0.005241882960432645	0.005241882960432643	0.01048376592086529	-0.005241882960432644	-0.0052418829604326455	-0.005241882960432644	0.005276645124884376	0.010448997802997972	-0.005241877007017066	-0.005241886211724107	-0.0052418797091411794	0.001908924533163834
0.010483765920865295	0.020967531841730586	-0.010483765920865293	-0.010483765920865293	0.9895162340791349	0.010483765920865293	0.020967531841730593	-0.010483765920865295	-0.010483765920865298	-0.010483765920865295	0.01055329024976876	0.02089799560599595	-0.010483754014034135	-0.010483772423448216	-0.010483759418282364	0.0038178490663276707
-0.0017472943201442149	-0.00349458864028843	0.0017472943201442153	0.001747294320144215	0.0017472943201442149	0.9982527056798555	-0.0034945886402884306	0.0017472943201442149	0.0017472943201442155	0.0017472943201442149	-0.001758881708294793	-0.0034829992676659923	0.0017472923356723537	0.0017472954039080351	0.0017472932363803944	-0.0006363081777212782
-0.00698917728057686	-0.013978354561153723	0.006989177280576862	0.006989177280576861	0.00698917728057686	-0.0069891772805768596	0.9860216454388466	0.0069891772805768596	0.006989177280576862	0.00698917728057686	-0.007035526833179173	-0.01393199707066397	0.006989169342689415	0.006989181615632143	0.006989172945521577	-0.0025452327108851135
0.0034945886402884306	0.006989177280576862	-0.003494588640288432	-0.003494588640288431	-0.0034945886402884306	0.0034945886402884306	0.006989177280576864	0.9965054113597117	-0.0034945886402884306	-0.0034945886402884298	0.0035177634165895863	0.006965998535331983	-0.003494584671344708	-0.0034945908078160715	-0.003494586472760789	0.0012726163554425563
0.0052418829604326455	0.01048376592086529	-0.005241882960432645	-0.005241882960432645	-0.0052418829604326455	0.005241882960432644	0.010483765920865291	-0.005241882960432645	0.9947581170395676	-0.005241882960432645	0.005276645124884378	0.010448997802997977	-0.005241877007017065	-0.005241886211724106	-0.005241879709141182	0.0019089245331638345
0.010483765920865295	0.020967531841730586	-0.010483765920865293	-0.010483765920865293	-0.010483765920865295	0.010483765920865291	0.02096753184173059	-0.010483765920865293	-0.010483765920865296	0.989516234079135	0.010553290249768761	0.02089799560599596	-0.010483754014034133	-0.010483772423448215	-0.010483759418282362	0.0038178490663276702
-0.0017411614237749944	-0.0034823228475499893	0.0017411614237749947	0.0017411614237749944	0.0017411614237749944	-0.0017411614237749944	-0.0034823228475499893	0.0017411614237749944	0.0017411614237749947	0.0017411614237749947	0.9638178917728036	0.03094827805994327	0.0017515073197033268	0.0017409035168025747	0.0017414193307474122	-0.0373664159532055
-0.006505871820717532	-0.013011743641435064	0.006505871820717532	0.006505871820717533	0.006505871820717532	-0.006505871820717533	-0.013011743641435067	0.006505871820717532	0.006505871820717533	0.006505871820717532	0.076118228445114	0.9043624557503895	0.006507572163061613	0.006505370666682898	0.006506372974752163	-0.0734848787752978
0.0034945885466616824	0.006989177093323366	-0.003494588546661683	-0.003494588546661683	-0.0034945885466616824	0.0034945885466616824	0.006989177093323367	-0.0034945885466616824	-0.0034945885466616837	-0.0034945885466616824	0.003538584013944328	0.006964659370622721	0.9964859337087566	-0.0034945908461289643	-0.0034945862471944	0.001254467118452192
0.005241916431689444	0.010483832863378891	-0.005241916431689445	-0.005241916431689444	-0.005241916431689443	0.005241916431689442	0.010483832863378888	-0.005241916431689443	-0.005241916431689446	-0.005241916431689443	0.005277277357833108	0.010448465837057061	-0.005241910331511282	0.9947519205736552	-0.005235753437034348	0.001903396247108282
0.0104837658341294	0.0209675316682588	-0.010483765834129398	-0.0104837658341294	-0.0104837658341294	0.010483765834129397	0.020967531668258797	-0.010483765834129398	-0.0104837658341294	-0.010483765834129397	0.01055448750768334	0.020896797794373635	-0.010483753633798184	-0.010471452990386439	0.9895039213221271	0.00380676490389036
-0.005205467011664003	-0.010410934023328006	0.005205467011664003	0.005205467011664003	0.005205467011664003	-0.005205467011664	-0.010410934023328006	0.005205467011664001	0.005205467011664002	0.005205467011664001	-0.21169990287168097	0.19613831237743715	0.005150656470915839	0.005216235655554274	0.005194698367773725	0.7776975831984371