0.9984770977626005	-0.0030458044747987546	0.0015229022373993777	0.001522902237399377	0.0015229022373993775	-0.0015229022373993775	-0.0030458044747987546	0.0015229022373993775	0.001522902237399377	0.0015229022373993773	-0.0015321045580794826	-0.003036600364627334	0.0015229004479080613	0.0015229029851780915	0.0015229014896206638	-0.0005727071130225976
-0.0060916089495975136	0.9878167821008046	0.006091608949597512	0.006091608949597509	0.006091608949597511	-0.00609160894959751	-0.012183217899195022	0.006091608949597512	0.00609160894959751	0.006091608949597511	-0.006128418232317932	-0.012146401458509332	0.006091601791632246	0.006091611940712364	0.006091605958482655	-0.00229082845209039
0.003045804474798757	0.006091608949597513	0.9969541955252013	-0.003045804474798756	-0.0030458044747987563	0.0030458044747987568	0.006091608949597513	-0.0030458044747987568	-0.003045804474798756	-0.0030458044747987563	0.0030642091161589657	0.00607320072925467	-0.003045800895816125	-0.0030458059703561834	-0.0030458029792413284	0.0011454142260451951
0.0045687067121981334	0.009137413424396263	-0.0045687067121981334	0.9954312932878017	-0.004568706712198134	0.004568706712198136	0.009137413424396272	-0.004568706712198135	-0.004568706712198136	-0.004568706712198134	0.004596313674238448	0.009109801093882002	-0.004568701343724185	-0.004568708955534277	-0.004568704468861994	0.0017181213390677927
0.009137413424396267	0.018274826848792527	-0.009137413424396267	-0.009137413424396265	0.9908625865756036	0.009137413424396269	0.018274826848792537	-0.009137413424396267	-0.009137413424396269	-0.009137413424396267	0.009192627348476897	0.018219602187764004	-0.009137402687448365	-0.009137417911068552	-0.009137408937723988	0.0034362426781355832
-0.0015229022373993777	-0.0030458044747987546	0.0015229022373993775	0.0015229022373993773	0.001522902237399377	0.9984770977626009	-0.0030458044747987546	0.0015229022373993775	0.0015229022373993773	0.0015229022373993775	-0.0015321045580794822	-0.0030366003646273335	0.0015229004479080611	0.001522902985178091	0.0015229014896206636	-0.0005727071130225972
-0.006091608949597513	-0.012183217899195022	0.006091608949597512	0.006091608949597511	0.00609160894959751	-0.00609160894959751	0.987816782100805	0.006091608949597511	0.00609160894959751	0.006091608949597511	-0.00612841823231793	-0.012146401458509334	0.006091601791632245	0.006091611940712364	0.006091605958482654	-0.0022908284520903885
0.0030458044747987563	0.006091608949597511	-0.003045804474798756	-0.0030458044747987555	-0.003045804474798755	0.003045804474798755	0.006091608949597511	0.9969541955252011	-0.0030458044747987555	-0.0030458044747987555	0.003064209116158964	0.006073200729254667	-0.0030458008958161227	-0.0030458059703561816	-0.0030458029792413276	0.0011454142260451943
0.004568706712198135	0.009137413424396265	-0.004568706712198135	-0.004568706712198134	-0.0045687067121981334	0.0045687067121981334	0.009137413424396269	-0.004568706712198134	0.9954312932878021	-0.004568706712198134	0.004596313674238448	0.009109801093882004	-0.004568701343724184	-0.004568708955534278	-0.004568704468861993	0.0017181213390677923
0.009137413424396269	0.01827482684879253	-0.009137413424396269	-0.009137413424396267	-0.009137413424396265	0.009137413424396265	0.018274826848792534	-0.009137413424396267	-0.009137413424396267	0.9908625865756037	0.009192627348476893	0.018219602187764004	-0.00913740268744836	-0.009137417911068554	-0.009137408937723987	0.0034362426781355845
-0.0015185459831538405	-0.003037091966307681	0.0015185459831538405	0.0015185459831538405	0.0015185459831538405	-0.0015185459831538405	-0.0030370919663076806	0.0015185459831538403	0.0015185459831538399	0.0015185459831538403	0.967040168310121	0.028394712251701607	0.0015280274718693064	0.0015183431773815237	0.001518748788926156	-0.03398841118421916
-0.00571625065277781	-0.011432501305555617	0.005716250652777808	0.005716250652777808	0.005716250652777807	-0.005716250652777807	-0.011432501305555615	0.005716250652777807	0.005716250652777807	0.005716250652777806	0.0690157405076227	0.9138339610165579	0.005717797170263909	0.00571585566042863	0.005716645645126981	-0.06696330054323216
0.003045804404309832	0.0060916088086196635	-0.0030458044043098326	-0.003045804404309832	-0.0030458044043098313	0.0030458044043098318	0.006091608808619664	-0.0030458044043098318	-0.0030458044043098313	-0.0030458044043098313	0.0030832523484942065	0.00607201218418222	0.9969363442759434	-0.003045806004303283	-0.003045802804316377	0.0011287608800213383
0.004568732024395947	0.009137464048791892	-0.004568732024395948	-0.004568732024395947	-0.004568732024395946	0.004568732024395947	0.009137464048791896	-0.004568732024395948	-0.004568732024395948	-0.004568732024395946	0.004596817350925901	0.00910937323507875	-0.004568726537212757	0.9954258958602941	-0.004563359909086178	0.0017132559099808135
0.009137413369039725	0.018274826738079446	-0.009137413369039726	-0.009137413369039725	-0.009137413369039723	0.009137413369039725	0.018274826738079453	-0.009137413369039726	-0.009137413369039726	-0.009137413369039725	0.009193583892978297	0.018218645239796966	-0.009137402394695815	-0.009126678219237504	0.9908518514811584	0.0034264905788777555
-0.004542866541498151	-0.009085733082996301	0.0045428665414981514	0.004542866541498151	0.004542866541498151	-0.004542866541498151	-0.009085733082996301	0.0045428665414981514	0.0045428665414981514	0.004542866541498151	-0.1930563123421241	0.1794779493919514	0.0044926298671763365	0.004552387093062523	0.004533345989933781	0.7977763327003494