0.9976457177944017	-0.004708564411196426	0.002354282205598213	0.0023542822055982117	0.0023542822055982126	-0.0023542822055982113	-0.004708564411196424	0.002354282205598212	0.0023542822055982126	0.002354282205598213	-0.0023714591417005803	-0.0046913861598916855	0.002354280890395844	0.0023542846168419277	0.002354279794354493	-0.0007872192488980211
-0.00941712882239285	0.9811657423552146	0.009417128822392854	0.009417128822392847	0.00941712882239285	-0.009417128822392845	-0.018834257644785697	0.00941712882239285	0.00941712882239285	0.00941712882239285	-0.00948583656680232	-0.018765544639566735	0.009417123561583382	0.009417138467367712	0.009417119177417974	-0.003148876995592084
0.004708564411196424	0.00941712882239285	0.9952914355888041	-0.004708564411196424	-0.004708564411196426	0.004708564411196424	0.00941712882239285	-0.004708564411196425	-0.004708564411196426	-0.004708564411196425	0.004742918283401162	0.009382772319783374	-0.004708561780791691	-0.004708569233683858	-0.00470855958870899	0.0015744384977960419
0.007062846616794634	0.01412569323358927	-0.0070628466167946356	0.9929371533832051	-0.007062846616794632	0.00706284661679463	0.014125693233589268	-0.007062846616794633	-0.007062846616794634	-0.007062846616794631	0.007114377425101743	0.014074158479675048	-0.007062842671187535	-0.007062853850525787	-0.007062839383063481	0.0023616577466940634
0.014125693233589268	0.028251386467178542	-0.014125693233589271	-0.014125693233589271	0.985874306766411	0.014125693233589264	0.028251386467178535	-0.014125693233589268	-0.01412569323358927	-0.014125693233589264	0.014228754850203492	0.028148316959350102	-0.01412568534237507	-0.014125707701051576	-0.014125678766126965	0.004723315493388126
-0.0023542822055982113	-0.004708564411196423	0.002354282205598212	0.0023542822055982117	0.0023542822055982113	0.9976457177944011	-0.004708564411196421	0.002354282205598211	0.002354282205598211	0.0023542822055982113	-0.0023714591417005803	-0.004691386159891684	0.0023542808903958437	0.0023542846168419286	0.002354279794354493	-0.000787219248898021
-0.009417128822392849	-0.0188342576447857	0.009417128822392852	0.00941712882239285	0.009417128822392849	-0.00941712882239285	0.9811657423552141	0.009417128822392845	0.009417128822392845	0.009417128822392845	-0.009485836566802321	-0.018765544639566742	0.009417123561583378	0.009417138467367712	0.009417119177417976	-0.0031488769955920846
0.004708564411196423	0.009417128822392849	-0.004708564411196426	-0.004708564411196424	-0.004708564411196423	0.004708564411196424	0.009417128822392849	0.9952914355888036	-0.004708564411196424	-0.004708564411196423	0.004742918283401161	0.009382772319783374	-0.004708561780791691	-0.004708569233683856	-0.004708559588708989	0.0015744384977960419
0.007062846616794633	0.01412569323358927	-0.0070628466167946356	-0.007062846616794634	-0.007062846616794633	0.007062846616794631	0.014125693233589268	-0.007062846616794633	0.9929371533832053	-0.007062846616794634	0.007114377425101745	0.01407415847967505	-0.007062842671187533	-0.007062853850525788	-0.007062839383063482	0.0023616577466940634
0.01412569323358927	0.028251386467178542	-0.014125693233589273	-0.014125693233589273	-0.01412569323358927	0.014125693233589266	0.028251386467178542	-0.01412569323358927	-0.014125693233589273	0.9858743067664109	0.014228754850203492	0.028148316959350106	-0.014125685342375066	-0.014125707701051577	-0.014125678766126965	0.004723315493388127
-0.002341500862017157	-0.004683001724034316	0.002341500862017158	0.0023415008620171576	0.002341500862017157	-0.002341500862017157	-0.004683001724034316	0.002341500862017158	0.002341500862017157	0.002341500862017157	0.9558103607847609	0.03715289189329847	0.002353745597906207	0.002341069792954029	0.0023419319310802825	-0.04565068115886255
-0.008581628008012925	-0.01716325601602585	0.008581628008012926	0.008581628008012926	0.008581628008012925	-0.008581628008012925	-0.01716325601602585	0.008581628008012925	0.008581628008012925	0.008581628008012925	0.09322935858029226	0.8810239277999484	0.008583457603733096	0.008580794506334987	0.008582461509690859	-0.08948248390195845
0.004708564294099075	0.00941712858819815	-0.004708564294099076	-0.004708564294099076	-0.004708564294099075	0.004708564294099074	0.009417128588198152	-0.004708564294099075	-0.004708564294099075	-0.004708564294099075	0.004767769345094387	0.00938116121960724	0.9952681980234965	-0.0047085693338985365	-0.004708559254299619	0.0015526608509131056
0.007062908133394437	0.014125816266788877	-0.0070629081333944375	-0.0070629081333944375	-0.007062908133394437	0.007062908133394434	0.014125816266788872	-0.007062908133394437	-0.007062908133394438	-0.0070629081333944375	0.00711541244204204	0.014073307781004112	-0.0070629039562572805	0.9929287909669384	-0.0070546072337268695	0.002354386081008284
0.014125693007772265	0.028251386015544534	-0.014125693007772267	-0.014125693007772267	-0.014125693007772265	0.014125693007772264	0.028251386015544534	-0.014125693007772264	-0.014125693007772267	-0.014125693007772264	0.014230701324935237	0.02814636934410005	-0.014125684653490752	-0.014109120393474676	0.9858577343779297	0.004708723759285091
-0.006986812823435214	-0.013973625646870432	0.006986812823435215	0.006986812823435215	0.006986812823435214	-0.006986812823435213	-0.013973625646870432	0.006986812823435214	0.006986812823435214	0.006986812823435213	-0.2578846516963043	0.23699018376683623	0.006920842282597455	0.007000806240639564	0.006972819406230863	0.7284409478074652