0.9990935889962229	-0.001812822007554128	0.0009064110037770641	0.0009064110037770636	0.0009064110037770639	-0.0009064110037770638	-0.001812822007554128	0.000906411003777064	0.0009064110037770637	0.0009064110037770638	-0.0009096088783679552	-0.0018096233697699627	0.00090641024058379	0.0009064111843274404	0.0009064108232266868	-0.00037487417204350133
-0.003625644015108254	0.9927487119697841	0.0036256440151082557	0.003625644015108254	0.0036256440151082553	-0.0036256440151082553	-0.007251288030216511	0.0036256440151082557	0.0036256440151082544	0.003625644015108255	-0.00363843551347182	-0.0072384934790798525	0.00362564096233516	0.0036256447373097618	0.003625643292906749	-0.0014994966881740055
0.0018128220075541274	0.0036256440151082553	0.9981871779924462	-0.001812822007554127	-0.0018128220075541276	0.0018128220075541276	0.0036256440151082566	-0.0018128220075541283	-0.0018128220075541276	-0.0018128220075541279	0.0018192177567359104	0.003619246739539926	-0.0018128204811675803	-0.001812822368654881	-0.001812821646453374	0.0007497483440870028
0.0027192330113311918	0.0054384660226623836	-0.0027192330113311918	0.997280766988668	-0.0027192330113311918	0.0027192330113311913	0.005438466022662384	-0.002719233011331192	-0.0027192330113311913	-0.0027192330113311918	0.002728826635103864	0.005428870109309889	-0.0027192307217513705	-0.002719233552982321	-0.00271923246968006	0.0011246225161305038
0.0054384660226623836	0.010876932045324767	-0.0054384660226623836	-0.005438466022662383	0.9945615339773376	0.005438466022662383	0.010876932045324769	-0.0054384660226623836	-0.005438466022662382	-0.005438466022662383	0.00545765327020773	0.010857740218619774	-0.005438461443502738	-0.005438467105964644	-0.005438464939360121	0.0022492450322610085
-0.0009064110037770636	-0.0018128220075541276	0.0009064110037770639	0.0009064110037770637	0.0009064110037770638	0.9990935889962231	-0.001812822007554129	0.0009064110037770645	0.000906411003777064	0.0009064110037770641	-0.0009096088783679554	-0.0018096233697699631	0.0009064102405837903	0.0009064111843274408	0.0009064108232266872	-0.0003748741720435014
-0.0036256440151082553	-0.007251288030216512	0.0036256440151082566	0.0036256440151082557	0.003625644015108256	-0.003625644015108256	0.9927487119697841	0.0036256440151082566	0.0036256440151082553	0.003625644015108256	-0.00363843551347182	-0.0072384934790798525	0.0036256409623351615	0.0036256447373097618	0.003625643292906748	-0.0014994966881740057
0.0018128220075541266	0.003625644015108254	-0.0018128220075541272	-0.0018128220075541268	-0.001812822007554127	0.001812822007554127	0.0036256440151082544	0.9981871779924459	-0.001812822007554127	-0.001812822007554127	0.0018192177567359093	0.003619246739539925	-0.00181282048116758	-0.0018128223686548805	-0.0018128216464533737	0.0007497483440870024
0.0027192330113311918	0.0054384660226623836	-0.0027192330113311918	-0.002719233011331191	-0.0027192330113311918	0.002719233011331192	0.005438466022662384	-0.0027192330113311913	0.9972807669886685	-0.0027192330113311913	0.0027288266351038646	0.005428870109309889	-0.00271923072175137	-0.002719233552982322	-0.0027192324696800607	0.0011246225161305038
0.005438466022662383	0.010876932045324765	-0.005438466022662383	-0.005438466022662382	-0.005438466022662383	0.0054384660226623836	0.010876932045324767	-0.005438466022662382	-0.005438466022662382	0.9945615339773375	0.005457653270207729	0.010857740218619774	-0.005438461443502738	-0.005438467105964642	-0.005438464939360123	0.0022492450322610076
-0.0009052568946324474	-0.0018105137892648951	0.0009052568946324477	0.0009052568946324476	0.0009052568946324476	-0.0009052568946324476	-0.0018105137892648953	0.0009052568946324476	0.0009052568946324476	0.0009052568946324477	0.9771944499516932	0.020083236594700377	0.0009117996643418308	0.0009051767684121915	0.0009053370208527037	-0.02329145043542413
-0.003482322770071922	-0.006964645540143846	0.003482322770071923	0.003482322770071922	0.003482322770071923	-0.0034823227700719224	-0.0069646455401438465	0.003482322770071923	0.0034823227700719224	0.0034823227700719233	0.04641139056485651	0.9431407544466006	0.00348320944839893	0.0034821654498306907	0.0034824800903131533	-0.046237840073067776
0.001812821991014519	0.003625643982029039	-0.0018128219910145194	-0.0018128219910145192	-0.0018128219910145194	0.0018128219910145192	0.0036256439820290393	-0.0018128219910145194	-0.0018128219910145194	-0.0018128219910145196	0.001832317715729858	0.0036185929350599885	0.9981747333312395	-0.0018128223943001205	-0.0018128215877289183	0.0007379724479229385
0.00271924186909056	0.00543848373818112	-0.0027192418690905606	-0.0027192418690905598	-0.00271924186909056	0.0027192418690905606	0.005438483738181121	-0.0027192418690905598	-0.0027192418690905598	-0.00271924186909056	0.002729037025958624	0.005428686239811388	-0.0027192395275888927	0.997277559867737	-0.002716043605918708	0.0011216358983199175
0.005438466013164127	0.010876932026328254	-0.005438466013164127	-0.005438466013164127	-0.005438466013164127	0.005438466013164128	0.010876932026328256	-0.005438466013164127	-0.005438466013164126	-0.005438466013164128	0.005458056297717588	0.010857337058778223	-0.005438461330167561	-0.005432071692414513	0.9945551396660863	0.002243263947930198
-0.0027124234228727484	-0.005424846845745497	0.002712423422872749	0.0027124234228727475	0.002712423422872749	-0.002712423422872749	-0.005424846845745498	0.002712423422872749	0.0027124234228727475	0.002712423422872749	-0.13403029199635277	0.1259284411035023	0.0026770040471049924	0.002718337525920418	0.0027065093198250794	0.8613690833308154