0.9978107278840375	-0.004378544231925721	0.0021892721159628616	0.0021892721159628616	0.0021892721159628603	-0.0021892721159628603	-0.00437854423192572	0.0021892721159628608	0.002189272115962861	0.0021892721159628603	-0.002205126893728177	-0.004362687739986261	0.0021892704017887153	0.0021892741011929834	0.002189270130732738	-0.0007492386332959558
-0.008757088463851441	0.9824858230722969	0.008757088463851445	0.008757088463851445	0.008757088463851441	-0.00875708846385144	-0.017514176927702872	0.008757088463851443	0.008757088463851441	0.00875708846385144	-0.008820507574912711	-0.017450750959945034	0.008757081607154858	0.008757096404771934	0.00875708052293095	-0.0029969545331838218
0.004378544231925723	0.008757088463851445	0.9956214557680748	-0.004378544231925725	-0.004378544231925723	0.004378544231925723	0.008757088463851441	-0.004378544231925724	-0.004378544231925723	-0.004378544231925722	0.004410253787456356	0.008725375479972522	-0.004378540803577431	-0.0043785482023859686	-0.004378540261465478	0.0014984772665919113
0.006567816347888582	0.013135632695777163	-0.006567816347888583	0.9934321836521118	-0.006567816347888582	0.006567816347888581	0.013135632695777158	-0.006567816347888582	-0.00656781634788858	-0.006567816347888583	0.006615380681184534	0.013088063219958772	-0.0065678112053661475	-0.006567822303578946	-0.0065678103921982135	0.0022477158998878673
0.013135632695777166	0.026271265391554333	-0.013135632695777172	-0.013135632695777166	0.9868643673042229	0.013135632695777168	0.02627126539155433	-0.013135632695777175	-0.013135632695777166	-0.013135632695777175	0.01323076136236907	0.026176126439917544	-0.013135622410732298	-0.013135644607157902	-0.01313562078439643	0.004495431799775735
-0.0021892721159628608	-0.004378544231925721	0.0021892721159628616	0.0021892721159628608	0.002189272115962861	0.9978107278840371	-0.00437854423192572	0.0021892721159628616	0.002189272115962861	0.002189272115962861	-0.0022051268937281765	-0.004362687739986258	0.0021892704017887144	0.0021892741011929834	0.002189270130732738	-0.0007492386332959556
-0.008757088463851443	-0.01751417692770288	0.008757088463851447	0.008757088463851443	0.008757088463851443	-0.00875708846385144	0.9824858230722966	0.008757088463851445	0.008757088463851443	0.008757088463851441	-0.00882050757491271	-0.017450750959945038	0.008757081607154858	0.008757096404771932	0.00875708052293095	-0.002996954533183822
0.004378544231925722	0.008757088463851441	-0.004378544231925724	-0.004378544231925722	-0.004378544231925723	0.00437854423192572	0.00875708846385144	0.9956214557680748	-0.004378544231925723	-0.004378544231925722	0.0044102537874563565	0.008725375479972519	-0.004378540803577431	-0.0043785482023859686	-0.004378540261465477	0.001498477266591911
0.006567816347888582	0.013135632695777163	-0.006567816347888583	-0.006567816347888581	-0.006567816347888585	0.006567816347888581	0.01313563269577716	-0.006567816347888583	0.9934321836521113	-0.006567816347888584	0.006615380681184532	0.013088063219958769	-0.006567811205366147	-0.006567822303578947	-0.006567810392198212	0.0022477158998878664
0.013135632695777168	0.026271265391554336	-0.01313563269577717	-0.013135632695777168	-0.013135632695777173	0.013135632695777168	0.026271265391554333	-0.01313563269577717	-0.013135632695777168	0.9868643673042231	0.01323076136236907	0.02617612643991755	-0.013135622410732298	-0.013135644607157902	-0.01313562078439643	0.004495431799775736
-0.00217858109971626	-0.004357162199432521	0.002178581099716261	0.0021785810997162597	0.0021785810997162606	-0.0021785810997162597	-0.0043571621994325195	0.0021785810997162606	0.00217858109971626	0.0021785810997162606	0.9579083491506907	0.035544121085888336	0.002190367563987979	0.0021782004023873903	0.0021789617970451288	-0.04349796611634103
-0.008025967975150181	-0.01605193595030036	0.008025967975150181	0.00802596797515018	0.008025967975150181	-0.00802596797515018	-0.016051935950300352	0.008025967975150181	0.008025967975150176	0.008025967975150181	0.08883212653602746	0.8870881325783637	0.008027804935308636	0.008025230998947494	0.008026704951352853	-0.08532333521403843
0.004378544111266308	0.008757088222532615	-0.004378544111266309	-0.0043785441112663085	-0.004378544111266309	0.004378544111266308	0.008757088222532614	-0.0043785441112663085	-0.004378544111266307	-0.0043785441112663085	0.004434107999255027	0.008723819500257742	0.9955991607230195	-0.004378548274333917	-0.0043785399481986965	0.0014776400212901451
0.006567869365264545	0.01313573873052909	-0.0065678693652645465	-0.006567869365264544	-0.0065678693652645465	0.006567869365264544	0.013135738730529084	-0.0065678693652645465	-0.006567869365264544	-0.0065678693652645465	0.0066162982491712536	0.013087304496889166	-0.00656786401553133	0.9934244106750465	-0.006560149405575886	0.0022409111780112177
0.013135632516719275	0.026271265033438546	-0.013135632516719278	-0.013135632516719275	-0.01313563251671928	0.013135632516719275	0.026271265033438542	-0.01313563251671928	-0.013135632516719275	-0.01313563251671928	0.01323249001138881	0.026174396839312546	-0.013135621817262804	-0.013120216637457655	0.9868489516040191	0.0044817801143499465
-0.0065042438080404694	-0.013008487616080934	0.006504243808040471	0.0065042438080404694	0.006504243808040472	-0.0065042438080404694	-0.013008487616080932	0.006504243808040471	0.006504243808040468	0.006504243808040471	-0.2458014407833325	0.22635177825898717	0.006441174908264505	0.006517381444555333	0.006491106171525604	0.7412442715323814