0.999926012385657	-0.00014797522868611888	0.00007398761434305941	0.00007398761434305944	0.00007398761434305944	-0.00007398761434305944	-0.00014797522868611888	0.00007398761434305942	0.00007398761434305944	0.00007398761434305944	-0.00007399116559950763	-0.00014797167645725653	0.00007398761337064523	0.00007398761447001729	0.00007398761421610157	-0.00003627145454159352
-0.00029595045737223797	0.9994080990852556	0.0002959504573722377	0.0002959504573722378	0.0002959504573722378	-0.0002959504573722378	-0.0005919009147444756	0.00029595045737223775	0.00029595045737223786	0.0002959504573722378	-0.0002959646623980305	-0.0005918867058290261	0.0002959504534825808	0.00029595045788006916	0.0002959504568644063	-0.0001450858181663741
0.00014797522868611888	0.00029595045737223775	0.9998520247713141	-0.00014797522868611888	-0.00014797522868611888	0.00014797522868611888	0.0002959504573722376	-0.00014797522868611877	-0.00014797522868611885	-0.0001479752286861188	0.00014798233119901524	0.00029594335291451294	-0.00014797522674129046	-0.00014797522894003458	-0.00014797522843220317	0.00007254290908318705
0.00022196284302917826	0.00044392568605835635	-0.00022196284302917826	0.9997780371569706	-0.00022196284302917826	0.00022196284302917823	0.0004439256860583565	-0.00022196284302917826	-0.00022196284302917829	-0.00022196284302917826	0.00022197349679852282	0.00044391502937176963	-0.0002219628401119357	-0.00022196284341005192	-0.00022196284264830476	0.0001088143636247806
0.0004439256860583567	0.000887851372116713	-0.0004439256860583567	-0.0004439256860583567	0.9995560743139416	0.0004439256860583565	0.0008878513721167131	-0.0004439256860583567	-0.0004439256860583567	-0.00044392568605835657	0.00044394699359704586	0.0008878300587435394	-0.00044392568022387155	-0.0004439256868201038	-0.00044392568529660946	0.00021762872724956128
-0.00007398761434305945	-0.0001479752286861189	0.00007398761434305942	0.00007398761434305942	0.00007398761434305945	0.9999260123856569	-0.00014797522868611888	0.00007398761434305942	0.00007398761434305946	0.00007398761434305944	-0.00007399116559950761	-0.00014797167645725653	0.00007398761337064522	0.00007398761447001732	0.00007398761421610156	-0.00003627145454159354
-0.0002959504573722379	-0.0005919009147444758	0.00029595045737223786	0.00029595045737223786	0.0002959504573722379	-0.00029595045737223786	0.9994080990852554	0.0002959504573722378	0.0002959504573722379	0.0002959504573722378	-0.0002959646623980303	-0.000591886705829026	0.000295950453482581	0.0002959504578800692	0.0002959504568644063	-0.0001450858181663741
0.00014797522868611896	0.0002959504573722379	-0.00014797522868611893	-0.00014797522868611893	-0.00014797522868611896	0.00014797522868611893	0.0002959504573722379	0.999852024771314	-0.0001479752286861189	-0.0001479752286861189	0.00014798233119901527	0.00029594335291451305	-0.0001479752267412905	-0.00014797522894003463	-0.00014797522843220312	0.00007254290908318709
0.00022196284302917823	0.00044392568605835635	-0.00022196284302917823	-0.0002219628430291782	-0.00022196284302917823	0.00022196284302917823	0.0004439256860583564	-0.00022196284302917823	0.9997780371569706	-0.00022196284302917826	0.00022197349679852282	0.0004439150293717696	-0.0002219628401119357	-0.00022196284341005195	-0.00022196284264830473	0.00010881436362478061
0.00044392568605835646	0.0008878513721167127	-0.00044392568605835646	-0.00044392568605835646	-0.00044392568605835646	0.00044392568605835646	0.0008878513721167128	-0.00044392568605835646	-0.0004439256860583565	0.9995560743139412	0.0004439469935970457	0.0008878300587435392	-0.00044392568022387144	-0.0004439256868201038	-0.0004439256852966095	0.0002176287272495612
-0.00007398654904576087	-0.00014797309809152175	0.00007398654904576086	0.00007398654904576087	0.00007398654904576087	-0.00007398654904576086	-0.00014797309809152175	0.00007398654904576087	0.0000739865490457609	0.00007398654904576087	0.9974796349421023	0.0022977231048018285	0.00007466885500471161	0.00007398590045790484	0.00007398719763361697	-0.0024947692603392454
-0.0002948436168836753	-0.0005896872337673506	0.0002948436168836753	0.00029484361688367536	0.00029484361688367536	-0.00029484361688367536	-0.0005896872337673508	0.00029484361688367536	0.0002948436168836754	0.00029484361688367536	0.004669331632161862	0.9944461258747448	0.0002948552593261461	0.00029484232245972143	0.0002948449113076294	-0.005048061005070293
0.00014797522868462864	0.0002959504573692572	-0.0001479752286846286	-0.0001479752286846286	-0.0001479752286846286	0.0001479752286846286	0.0002959504573692572	-0.00014797522868462856	-0.00014797522868462864	-0.0001479752286846286	0.0001493469491731838	0.0002959350151448848	0.9998506684930513	-0.00014797522929511824	-0.00014797522807413912	0.00007119499361518267
0.0002219629010876186	0.0004439258021752371	-0.00022196290108761856	-0.00022196290108761856	-0.0002219629010876186	0.00022196290108761864	0.0004439258021752372	-0.00022196290108761864	-0.00022196290108761864	-0.0002219629010876186	0.00022197546184740037	0.0004439132379747814	-0.00022196289764694435	0.9997777759296186	-0.00022170173179387044	0.00010855513766770735
0.00044392568605765927	0.0008878513721153185	-0.0004439256860576593	-0.0004439256860576593	-0.00044392568605765927	0.0004439256860576593	0.0008878513721153185	-0.0004439256860576593	-0.0004439256860576593	-0.0004439256860576593	0.00044395080757379357	0.000887826243717837	-0.0004439256791763119	-0.00044340334926514847	0.9995555519771498	0.00021711021816572112
-0.00022195736560896444	-0.0004439147312179289	0.0002219573656089645	0.0002219573656089645	0.00022195736560896452	-0.0002219573656089645	-0.000443914731217929	0.00022195736560896452	0.00022195736560896452	0.0002219573656089645	-0.014892086258618204	0.014230258019797052	0.00021791350760322968	0.0002224758112534397	0.00022143891996448926	0.9851396698056649