0.9986760520049951	-0.002647895990009495	0.0013239479950047472	0.0013239479950047474	0.0013239479950047474	-0.0013239479950047472	-0.0026478959900094958	0.0013239479950047474	0.0013239479950047472	0.0013239479950047477	-0.00133104888654113	-0.002640793597423688	0.0013239464939553227	0.0013239485063377644	0.0013239474836717299	-0.0005126913434475397
-0.005295791980018991	0.9894084160399624	0.0052957919800189915	0.0052957919800189915	0.0052957919800189915	-0.005295791980018991	-0.010591583960037987	0.0052957919800189915	0.005295791980018991	0.0052957919800189915	-0.005324195546164522	-0.010563174389694752	0.0052957859758212935	0.005295794025351059	0.005295789934686921	-0.0020507653737901607
0.0026478959900094953	0.0052957919800189915	0.9973521040099906	-0.0026478959900094958	-0.0026478959900094958	0.002647895990009495	0.0052957919800189915	-0.002647895990009495	-0.002647895990009495	-0.0026478959900094953	0.002662097773082261	0.0052815871948473795	-0.0026478929879106467	-0.002647897012675529	-0.0026478949673434606	0.00102538268689508
0.003971843985014242	0.007943687970028488	-0.003971843985014242	0.9960281560149857	-0.003971843985014243	0.003971843985014242	0.007943687970028486	-0.003971843985014241	-0.003971843985014241	-0.003971843985014241	0.003993146659623393	0.007922380792271066	-0.0039718394818659694	-0.003971845519013293	-0.00397184245101519	0.0015380740303426199
0.007943687970028484	0.015887375940056975	-0.007943687970028484	-0.007943687970028483	0.9920563120299718	0.007943687970028483	0.01588737594005697	-0.00794368797002848	-0.00794368797002848	-0.007943687970028483	0.00798629331924678	0.015844761584542132	-0.007943678963731934	-0.007943691038026586	-0.00794368490203038	0.0030761480606852393
-0.0013239479950047468	-0.002647895990009494	0.001323947995004747	0.001323947995004747	0.001323947995004747	0.9986760520049951	-0.0026478959900094953	0.0013239479950047474	0.001323947995004747	0.0013239479950047474	-0.0013310488865411305	-0.002640793597423687	0.0013239464939553227	0.0013239485063377642	0.0013239474836717299	-0.0005126913434475401
-0.005295791980018991	-0.010591583960037983	0.0052957919800189915	0.0052957919800189915	0.0052957919800189915	-0.00529579198001899	0.9894084160399628	0.005295791980018992	0.0052957919800189915	0.005295791980018992	-0.005324195546164524	-0.010563174389694754	0.005295785975821295	0.005295794025351059	0.005295789934686923	-0.002050765373790161
0.0026478959900094953	0.0052957919800189915	-0.0026478959900094958	-0.0026478959900094953	-0.0026478959900094958	0.002647895990009495	0.0052957919800189915	0.9973521040099906	-0.0026478959900094945	-0.0026478959900094953	0.002662097773082261	0.005281587194847377	-0.0026478929879106467	-0.002647897012675529	-0.0026478949673434606	0.0010253826868950801
0.003971843985014243	0.00794368797002849	-0.003971843985014243	-0.003971843985014242	-0.003971843985014244	0.003971843985014242	0.007943687970028488	-0.003971843985014242	0.9960281560149856	-0.003971843985014243	0.003993146659623392	0.007922380792271068	-0.0039718394818659694	-0.003971845519013296	-0.003971842451015191	0.0015380740303426203
0.007943687970028484	0.015887375940056975	-0.007943687970028484	-0.007943687970028483	-0.007943687970028486	0.007943687970028483	0.015887375940056972	-0.007943687970028483	-0.007943687970028484	0.9920563120299717	0.007986293319246784	0.01584476158454213	-0.007943678963731935	-0.007943691038026586	-0.00794368490203038	0.0030761480606852397
-0.0013208850514274848	-0.00264177010285497	0.0013208850514274848	0.0013208850514274848	0.001320885051427485	-0.0013208850514274844	-0.00264177010285497	0.0013208850514274846	0.0013208850514274846	0.001320885051427485	0.9700718738726744	0.025956840973820044	0.001329515050650985	0.0013207266689109834	0.0013210434339439865	-0.0307964776719225
-0.005005861780501423	-0.01001172356100285	0.005005861780501424	0.005005861780501424	0.005005861780501425	-0.005005861780501423	-0.01001172356100285	0.005005861780501424	0.005005861780501424	0.005005861780501424	0.06226764331124965	0.9227134044335358	0.005007228694211798	0.0050055525975213145	0.005006170963481536	-0.06079529058279604
0.0026478959400787322	0.005295791880157466	-0.002647895940078733	-0.002647895940078733	-0.002647895940078733	0.0026478959400787322	0.005295791880157467	-0.002647895940078733	-0.002647895940078733	-0.002647895940078733	0.0026794076345842393	0.005280554175634397	0.9973358300699382	-0.0026478970448321213	-0.0026478948353253445	0.0010101590452673134
0.003971863039818862	0.007943726079637725	-0.003971863039818862	-0.003971863039818862	-0.003971863039818862	0.003971863039818861	0.007943726079637725	-0.003971863039818861	-0.003971863039818861	-0.003971863039818861	0.003993545757298974	0.007922038763608114	-0.003971858441269364	0.9960234662472492	-0.003967192326887225	0.001533805190863301
0.007943687935250132	0.015887375870500275	-0.007943687935250134	-0.007943687935250132	-0.007943687935250136	0.007943687935250132	0.015887375870500275	-0.007943687935250132	-0.00794368793525013	-0.00794368793525013	0.007987053280758714	0.015844001327910313	-0.007943678738168765	-0.007934352727193537	0.9920469768566932	0.003067594125667125
-0.003953696876750423	-0.007907393753500849	0.003953696876750424	0.003953696876750423	0.003953696876750424	-0.003953696876750423	-0.00790739375350085	0.003953696876750424	0.003953696876750424	0.003953696876750424	-0.1754786568475952	0.16366344515928571	0.003907817934808565	0.003962083318641294	0.003945310434859553	0.816749290284824