0.9998592370471506	-0.0002815259056986285	0.00014076295284931424	0.00014076295284931427	0.00014076295284931424	-0.00014076295284931424	-0.00028152590569862853	0.0001407629528493142	0.00014076295284931424	0.00014076295284931424	-0.00014078595916559557	-0.00028150289313669144	0.00014076294660365853	0.00014076295370203554	0.00014076295199659308	-0.0000678512046783236
-0.0005630518113972572	0.998873896377205	0.0005630518113972571	0.0005630518113972571	0.000563051811397257	-0.0005630518113972571	-0.0011261036227945144	0.0005630518113972571	0.0005630518113972572	0.000563051811397257	-0.0005631438366623825	-0.0011260115725467658	0.0005630517864146339	0.0005630518148081421	0.0005630518079863724	-0.0002714048187132946
0.0002815259056986285	0.0005630518113972571	0.9997184740943014	-0.0002815259056986285	-0.0002815259056986285	0.0002815259056986284	0.000563051811397257	-0.0002815259056986284	-0.0002815259056986285	-0.0002815259056986284	0.00028157191833119125	0.000563005786273383	-0.00028152589320731695	-0.00028152590740407096	-0.00028152590399318616	0.00013570240935664718
0.00042228885854794296	0.0008445777170958859	-0.00042228885854794296	0.9995777111414522	-0.00042228885854794307	0.00042228885854794307	0.0008445777170958859	-0.00042228885854794296	-0.00042228885854794307	-0.0004222888585479429	0.0004223578774967872	0.0008445086794100746	-0.00042228883981097553	-0.0004222888611061067	-0.00042228885598977916	0.00020355361403497085
0.0008445777170958859	0.0016891554341917719	-0.0008445777170958859	-0.0008445777170958861	0.9991554222829044	0.0008445777170958859	0.0016891554341917714	-0.0008445777170958857	-0.0008445777170958859	-0.0008445777170958857	0.0008447157549935744	0.0016890173588201493	-0.000844577679621951	-0.0008445777222122134	-0.0008445777119795582	0.0004071072280699417
-0.00014076295284931424	-0.00028152590569862853	0.00014076295284931427	0.00014076295284931427	0.00014076295284931424	0.9998592370471507	-0.0002815259056986286	0.00014076295284931427	0.0001407629528493143	0.00014076295284931427	-0.00014078595916559565	-0.0002815028931366916	0.0001407629466036585	0.00014076295370203562	0.00014076295199659305	-0.00006785120467832363
-0.0005630518113972571	-0.0011261036227945144	0.0005630518113972572	0.0005630518113972572	0.0005630518113972571	-0.0005630518113972571	0.9988738963772054	0.0005630518113972571	0.0005630518113972572	0.0005630518113972571	-0.0005631438366623825	-0.0011260115725467664	0.0005630517864146339	0.0005630518148081424	0.0005630518079863723	-0.0002714048187132944
0.00028152590569862864	0.0005630518113972574	-0.0002815259056986287	-0.0002815259056986287	-0.00028152590569862864	0.0002815259056986286	0.0005630518113972572	0.9997184740943011	-0.00028152590569862853	-0.00028152590569862853	0.00028157191833119125	0.000563005786273383	-0.00028152589320731695	-0.0002815259074040711	-0.00028152590399318605	0.00013570240935664713
0.00042228885854794286	0.0008445777170958857	-0.00042228885854794286	-0.000422288858547943	-0.00042228885854794286	0.00042228885854794286	0.0008445777170958856	-0.0004222888585479428	0.999577711141452	-0.0004222888585479429	0.00042235787749678703	0.0008445086794100744	-0.00042228883981097553	-0.00042228886110610677	-0.00042228885598977905	0.00020355361403497083
0.0008445777170958857	0.0016891554341917714	-0.0008445777170958857	-0.000844577717095886	-0.0008445777170958857	0.0008445777170958857	0.0016891554341917712	-0.0008445777170958856	-0.0008445777170958859	0.9991554222829041	0.0008447157549935741	0.0016890173588201488	-0.0008445776796219512	-0.0008445777222122135	-0.000844577711979558	0.0004071072280699416
-0.00014075634707735543	-0.00028151269415471086	0.00014075634707735543	0.00014075634707735548	0.00014075634707735543	-0.00014075634707735543	-0.00028151269415471086	0.00014075634707735548	0.0001407563470773555	0.0001407563470773555	0.9953477037033219	0.004228758670019498	0.0001420249325038189	0.0001407540422681636	0.0001407586518865475	-0.0046210585575749835
-0.0005591033639194494	-0.001118206727838899	0.0005591033639194495	0.0005591033639194496	0.0005591033639194495	-0.0005591033639194495	-0.001118206727838899	0.0005591033639194495	0.0005591033639194496	0.0005591033639194494	0.008711682469636226	0.9896109676841878	0.0005591431183370803	0.000559098771450648	0.0005591079563882506	-0.00933171182473812
0.000281525905679832	0.0005630518113596641	-0.00028152590567983205	-0.0002815259056798321	-0.00028152590567983205	0.00028152590567983205	0.000563051811359664	-0.00028152590567983205	-0.0002815259056798321	-0.00028152590567983205	0.0002841091438615388	0.0005629772524107287	0.9997159654150872	-0.00028152590864699345	-0.0002815259027126707	0.00013322242486344201
0.0004222890689749271	0.0008445781379498541	-0.00042228906897492707	-0.00042228906897492723	-0.0004222890689749271	0.0004222890689749271	0.0008445781379498541	-0.000422289068974927	-0.00042228906897492707	-0.000422289068974927	0.00042236475262682257	0.0008445024337426259	-0.0004222890484195944	0.9995772140705951	-0.0004217922085451246	0.00020306356778468758
0.0008445777170871061	0.001689155434174212	-0.000844577717087106	-0.0008445777170871063	-0.000844577717087106	0.000844577717087106	0.001689155434174212	-0.000844577717087106	-0.0008445777170871061	-0.0008445777170871061	0.0008447290843525732	0.0016890040257980898	-0.0008445776759764512	-0.0008435840074385872	0.9991544285732644	0.0004061269306408842
-0.00042225247611480787	-0.0008445049522296157	0.0004222524761148078	0.0004222524761148079	0.00042225247611480776	-0.00042225247611480776	-0.0008445049522296154	0.0004222524761148077	0.0004222524761148078	0.00042225247611480776	-0.02747639186007224	0.026217075103131877	0.0004148118047107389	0.00042323235945461365	0.00042127259277500165	0.9724761859425005