0.9975459335878165	-0.004908132824366981	0.002454066412183491	0.00245406641218349	0.00245406641218349	-0.002454066412183491	-0.004908132824366979	0.0024540664121834913	0.00245406641218349	0.002454066412183491	-0.002471950705113411	-0.004890247551452219	0.0024540654321986493	0.0024540691064143527	0.00245406371795263	-0.000809075036836154
-0.00981626564873396	0.9803674687025322	0.009816265648733958	0.009816265648733955	0.009816265648733958	-0.00981626564873396	-0.01963253129746791	0.009816265648733963	0.009816265648733958	0.009816265648733963	-0.009887802820453645	-0.019560990205808884	0.009816261728794594	0.00981627642565741	0.009816254871810513	-0.003236300147344615
0.00490813282436698	0.00981626564873396	0.9950918671756331	-0.004908132824366979	-0.00490813282436698	0.004908132824366982	0.009816265648733958	-0.004908132824366983	-0.004908132824366979	-0.004908132824366982	0.004943901410226824	0.009780495102904444	-0.0049081308643972995	-0.004908138212828709	-0.004908127435905261	0.0016181500736723077
0.0073621992365504735	0.014724398473100945	-0.007362199236550475	0.992637800763449	-0.007362199236550471	0.007362199236550473	0.01472439847310094	-0.007362199236550476	-0.00736219923655047	-0.0073621992365504735	0.0074158521153402344	0.014670742654356654	-0.0073621962965959515	-0.007362207319243056	-0.007362191153857888	0.002427225110508461
0.014724398473100943	0.029448796946201884	-0.014724398473100947	-0.01472439847310094	0.9852756015268986	0.014724398473100945	0.029448796946201887	-0.014724398473100952	-0.014724398473100942	-0.014724398473100945	0.014831704230680469	0.029341485308713316	-0.0147243925931919	-0.014724414638486115	-0.014724382307715778	0.004854450221016923
-0.00245406641218349	-0.00490813282436698	0.002454066412183491	0.0024540664121834896	0.0024540664121834913	0.9975459335878165	-0.004908132824366979	0.0024540664121834917	0.00245406641218349	0.0024540664121834913	-0.002471950705113411	-0.004890247551452221	0.00245406543219865	0.002454069106414353	0.0024540637179526295	-0.000809075036836154
-0.009816265648733958	-0.019632531297467917	0.009816265648733962	0.009816265648733957	0.009816265648733963	-0.009816265648733963	0.9803674687025318	0.009816265648733967	0.009816265648733962	0.009816265648733963	-0.009887802820453645	-0.019560990205808877	0.009816261728794597	0.009816276425657411	0.009816254871810518	-0.0032363001473446154
0.004908132824366979	0.009816265648733958	-0.004908132824366981	-0.004908132824366978	-0.004908132824366982	0.004908132824366982	0.009816265648733965	0.9950918671756334	-0.00490813282436698	-0.004908132824366983	0.0049439014102268235	0.00978049510290444	-0.0049081308643973	-0.004908138212828707	-0.0049081274359052615	0.0016181500736723083
0.007362199236550472	0.014724398473100942	-0.007362199236550474	-0.00736219923655047	-0.007362199236550473	0.007362199236550473	0.014724398473100942	-0.007362199236550475	0.9926378007634491	-0.007362199236550472	0.0074158521153402344	0.01467074265435666	-0.007362196296595949	-0.007362207319243056	-0.007362191153857888	0.002427225110508462
0.014724398473100942	0.02944879694620188	-0.014724398473100947	-0.014724398473100938	-0.014724398473100942	0.014724398473100943	0.02944879694620188	-0.014724398473100949	-0.014724398473100937	0.9852756015268992	0.014831704230680465	0.029341485308713316	-0.014724392593191898	-0.014724414638486115	-0.014724382307715776	0.004854450221016925
-0.0024399108721460394	-0.004879821744292077	0.00243991087214604	0.0024399108721460385	0.0024399108721460394	-0.0024399108721460394	-0.004879821744292079	0.0024399108721460403	0.0024399108721460385	0.00243991087214604	0.9545636701598035	0.038104094514431815	0.0024524135814724683	0.002439448206701986	0.0024403735375900927	-0.046923613869854275
-0.008914517845960946	-0.01782903569192189	0.00891451784596095	0.008914517845960946	0.008914517845960947	-0.008914517845960947	-0.0178290356919219	0.008914517845960951	0.008914517845960947	0.008914517845960951	0.09581288218095733	0.877441754470251	0.008916327656869727	0.008913623845906212	0.008915411846015688	-0.09194257210234838
0.004908132714862132	0.009816265429724262	-0.004908132714862133	-0.004908132714862131	-0.004908132714862133	0.004908132714862133	0.009816265429724266	-0.004908132714862133	-0.004908132714862132	-0.004908132714862134	0.004969324021199623	0.009778856860241983	0.9950680845482825	-0.004908138336090491	-0.004908127093633772	0.001595816224249683
0.007362266214275178	0.014724532428550355	-0.007362266214275179	-0.007362266214275176	-0.0073622662142751785	0.007362266214275178	0.014724532428550353	-0.007362266214275179	-0.007362266214275175	-0.0073622662142751785	0.007416961066550677	0.014669834389614844	-0.00736226302761517	0.992629081692193	-0.007353614120743563	0.002419673583804809
0.01472439821526173	0.02944879643052346	-0.014724398215261735	-0.014724398215261726	-0.014724398215261732	0.014724398215261728	0.029448796430523456	-0.014724398215261737	-0.014724398215261725	-0.014724398215261732	0.014833787607247795	0.02933940066519562	-0.014724391841919959	-0.014707126629935244	0.9852583301994119	0.004839294866283456
-0.007277971453800632	-0.01455594290760126	0.007277971453800634	0.00727797145380063	0.007277971453800632	-0.007277971453800632	-0.014555942907601262	0.0072779714538006345	0.00727797145380063	0.007277971453800633	-0.2650600003530523	0.2432937758264527	0.007210281618998667	0.007292475111521374	0.007263467796079882	0.7208683480563023