0.9994133145463018	-0.0011733709073969516	0.0005866854536984758	0.0005866854536984758	0.0005866854536984757	-0.0005866854536984756	-0.0011733709073969512	0.0005866854536984756	0.0005866854536984756	0.0005866854536984756	-0.0005878156189986866	-0.0011722404547858658	0.0005866851663876012	0.0005866855070740117	0.0005866854003229398	-0.0002568550062713683
-0.0023467418147939028	0.9953065163704122	0.002346741814793903	0.0023467418147939036	0.002346741814793903	-0.0023467418147939028	-0.0046934836295878055	0.0023467418147939028	0.0023467418147939028	0.0023467418147939028	-0.002351262475994747	-0.004688961819143463	0.0023467406655504064	0.002346742028296046	0.0023467416012917597	-0.0010274200250854732
0.0011733709073969518	0.0023467418147939036	0.9988266290926031	-0.001173370907396952	-0.0011733709073969518	0.0011733709073969516	0.002346741814793903	-0.001173370907396952	-0.001173370907396952	-0.001173370907396952	0.0011756312379973734	0.002344480909571733	-0.001173370332775203	-0.0011733710141480236	-0.0011733708006458803	0.0005137100125427367
0.0017600563610954286	0.003520112722190856	-0.0017600563610954284	0.9982399436389048	-0.0017600563610954286	0.0017600563610954286	0.003520112722190857	-0.0017600563610954288	-0.001760056361095429	-0.0017600563610954282	0.0017634468569960602	0.0035167213643576014	-0.0017600554991628041	-0.0017600565212220352	-0.001760056200968822	0.0007705650188141053
0.003520112722190858	0.007040225444381714	-0.0035201127221908576	-0.0035201127221908576	0.9964798872778091	0.003520112722190857	0.007040225444381715	-0.003520112722190858	-0.003520112722190858	-0.0035201127221908563	0.003526893713992121	0.007033442728715199	-0.003520110998325608	-0.003520113042444071	-0.0035201124019376417	0.0015411300376282102
-0.0005866854536984757	-0.0011733709073969514	0.0005866854536984758	0.0005866854536984758	0.0005866854536984758	0.9994133145463014	-0.0011733709073969516	0.0005866854536984758	0.0005866854536984759	0.0005866854536984758	-0.0005878156189986865	-0.0011722404547858658	0.0005866851663876013	0.0005866855070740117	0.0005866854003229399	-0.00025685500627136836
-0.0023467418147939036	-0.004693483629587807	0.002346741814793904	0.002346741814793904	0.002346741814793904	-0.0023467418147939036	0.9953065163704121	0.0023467418147939036	0.0023467418147939036	0.0023467418147939036	-0.0023512624759947473	-0.004688961819143463	0.002346740665550405	0.0023467420282960467	0.0023467416012917593	-0.0010274200250854734
0.0011733709073969514	0.0023467418147939028	-0.0011733709073969516	-0.0011733709073969516	-0.0011733709073969516	0.0011733709073969514	0.0023467418147939028	0.9988266290926033	-0.0011733709073969518	-0.0011733709073969516	0.0011756312379973734	0.002344480909571732	-0.001173370332775203	-0.0011733710141480238	-0.0011733708006458803	0.0005137100125427367
0.0017600563610954286	0.0035201127221908563	-0.0017600563610954284	-0.0017600563610954284	-0.0017600563610954282	0.0017600563610954284	0.0035201127221908568	-0.0017600563610954286	0.9982399436389048	-0.0017600563610954277	0.00176344685699606	0.0035167213643576005	-0.0017600554991628037	-0.0017600565212220354	-0.0017600562009688213	0.0007705650188141051
0.003520112722190857	0.007040225444381713	-0.0035201127221908568	-0.0035201127221908568	-0.0035201127221908563	0.0035201127221908568	0.0070402254443817135	-0.003520112722190857	-0.0035201127221908563	0.996479887277809	0.00352689371399212	0.007033442728715199	-0.0035201109983256074	-0.00352011304244407	-0.003520112401937642	0.0015411300376282102
-0.0005863241668232423	-0.0011726483336464847	0.0005863241668232423	0.0005863241668232423	0.0005863241668232422	-0.0005863241668232422	-0.0011726483336464844	0.0005863241668232423	0.0005863241668232422	0.0005863241668232422	0.9836916418663387	0.014544773066355914	0.0005909367336587332	0.0005862882766821081	0.0005863600569643763	-0.01650442548837191
-0.0022836809544332618	-0.004567361908866524	0.0022836809544332626	0.0022836809544332626	0.002283680954433262	-0.0022836809544332618	-0.0045673619088665235	0.002283680954433262	0.002283680954433262	0.0022836809544332618	0.03230815436067218	0.9608403250459171	0.0022841586845442933	0.002283610105151763	0.0022837518037147598	-0.03295840654119534
0.0011733709035130846	0.0023467418070261693	-0.0011733709035130848	-0.0011733709035130848	-0.0011733709035130846	0.0011733709035130846	0.0023467418070261693	-0.0011733709035130846	-0.0011733709035130844	-0.0011733709035130842	0.0011848601844643492	0.0023441330745858115	0.998817748547976	-0.001173371029433478	-0.0011733707775926903	0.0005051839576605558
0.0017600600487768375	0.003520120097553674	-0.0017600600487768375	-0.0017600600487768375	-0.001760060048776837	0.0017600600487768373	0.0035201200975536746	-0.0017600600487768373	-0.001760060048776837	-0.0017600600487768367	0.001763545288399208	0.0035166339710473835	-0.0017600591618929166	0.9982378695517254	-0.0017579896492790714	0.0007685932456081273
0.0035201127201881194	0.007040225440376238	-0.003520112720188119	-0.003520112720188119	-0.003520112720188119	0.003520112720188119	0.007040225440376238	-0.0035201127201881194	-0.0035201127201881185	-0.0035201127201881185	0.003527083192481975	0.007033253194316284	-0.003520110946422023	-0.003515972578276459	0.9964757471379004	0.0015371831106748713
-0.001757939733949424	-0.0035158794678988472	0.001757939733949424	0.0017579397339494238	0.0017579397339494238	-0.0017579397339494238	-0.0035158794678988477	0.0017579397339494238	0.0017579397339494236	0.0017579397339494232	-0.09603369361490714	0.09078548548807723	0.0017323286589310727	0.0017618646944844898	0.0017540147734143572	0.9017396156928844