0.9977907871188176	-0.004418425762365435	0.002209212881182716	0.002209212881182717	0.002209212881182717	-0.002209212881182717	-0.004418425762365432	0.0022092128811827165	0.002209212881182717	0.002209212881182716	-0.00222523688788137	-0.004402400079968329	0.002209211205484263	0.0022092149151843473	0.0022092108471810858	-0.0007539496417885437
-0.008836851524730868	0.9823262969505385	0.008836851524730868	0.00883685152473087	0.008836851524730871	-0.008836851524730871	-0.017673703049461736	0.00883685152473087	0.008836851524730871	0.008836851524730868	-0.008900947551525479	-0.01760960031987331	0.008836844821937055	0.008836859660737396	0.008836843388724347	-0.0030157985671541753
0.004418425762365433	0.00883685152473087	0.9955815742376346	-0.004418425762365434	-0.004418425762365434	0.004418425762365434	0.008836851524730866	-0.004418425762365434	-0.004418425762365434	-0.004418425762365432	0.00445047377576274	0.00880480015993666	-0.0044184224109685265	-0.0044184298303686954	-0.0044184216943621716	0.0015078992835770883
0.0066276386435481505	0.013255277287096303	-0.0066276386435481505	0.993372361356452	-0.006627638643548148	0.006627638643548148	0.013255277287096296	-0.00662763864354815	-0.006627638643548149	-0.006627638643548147	0.0066757106636441115	0.013207200239904989	-0.0066276336164527916	-0.006627644745553042	-0.006627632541543258	0.002261848925365632
0.013255277287096294	0.02651055457419259	-0.013255277287096296	-0.013255277287096296	0.9867447227129039	0.0132552772870963	0.0265105545741926	-0.013255277287096301	-0.013255277287096301	-0.013255277287096297	0.013351421327288218	0.026414400479809974	-0.013255267232905587	-0.013255289491106086	-0.013255265083086516	0.004523697850731263
-0.002209212881182717	-0.004418425762365436	0.002209212881182717	0.002209212881182717	0.002209212881182717	0.9977907871188174	-0.004418425762365433	0.002209212881182717	0.002209212881182717	0.002209212881182717	-0.0022252368878813693	-0.004402400079968328	0.0022092112054842637	0.0022092149151843477	0.0022092108471810866	-0.000753949641788544
-0.008836851524730864	-0.017673703049461736	0.008836851524730864	0.008836851524730864	0.008836851524730864	-0.008836851524730868	0.9823262969505379	0.00883685152473087	0.008836851524730871	0.008836851524730868	-0.008900947551525479	-0.017609600319873308	0.008836844821937051	0.008836859660737387	0.008836843388724341	-0.0030157985671541753
0.004418425762365433	0.00883685152473087	-0.004418425762365433	-0.004418425762365433	-0.004418425762365433	0.004418425762365435	0.008836851524730868	0.9955815742376349	-0.004418425762365435	-0.004418425762365434	0.00445047377576274	0.008804800159936656	-0.004418422410968527	-0.0044184298303686954	-0.0044184216943621716	0.0015078992835770879
0.006627638643548148	0.013255277287096297	-0.006627638643548149	-0.006627638643548149	-0.006627638643548147	0.006627638643548148	0.013255277287096296	-0.006627638643548149	0.9933723613564521	-0.006627638643548147	0.00667571066364411	0.013207200239904989	-0.006627633616452791	-0.006627644745553042	-0.006627632541543259	0.0022618489253656312
0.013255277287096294	0.026510554574192588	-0.013255277287096294	-0.013255277287096294	-0.013255277287096294	0.013255277287096294	0.026510554574192588	-0.013255277287096296	-0.013255277287096297	0.9867447227129037	0.013351421327288218	0.02641440047980997	-0.013255267232905583	-0.01325528949110608	-0.013255265083086512	0.004523697850731263
-0.0021982810014044636	-0.004396562002808929	0.002198281001404464	0.0021982810014044636	0.0021982810014044636	-0.002198281001404464	-0.00439656200280893	0.002198281001404464	0.0021982810014044636	0.0021982810014044636	0.9576521977375979	0.035741115252214024	0.0022101250073793687	0.0021978943432409983	0.002198667659567929	-0.043761509444688707
-0.008093459140020602	-0.016186918280041204	0.008093459140020602	0.008093459140020602	0.008093459140020602	-0.008093459140020602	-0.016186918280041207	0.008093459140020602	0.008093459140020602	0.008093459140020602	0.08937237713812389	0.8863454076833445	0.008095296898490464	0.008092710735859456	0.008094207544181747	-0.08583242292227489
0.004418425641613233	0.008836851283226468	-0.004418425641613234	-0.004418425641613233	-0.004418425641613233	0.004418425641613233	0.008836851283226466	-0.004418425641613233	-0.004418425641613233	-0.004418425641613234	0.00447445203715726	0.008803236813036614	0.9955591624330323	-0.004418429905152002	-0.004418421378074461	0.00148694689175534
0.006627692652989075	0.013255385305978152	-0.006627692652989075	-0.006627692652989075	-0.006627692652989074	0.006627692652989074	0.01325538530597815	-0.006627692652989075	-0.006627692652989076	-0.006627692652989074	0.006676642107681316	0.013206430614091836	-0.006627687415794999	0.993364517171958	-0.006619902477935903	0.0022549875004570586
0.01325527710277705	0.026510554205554104	-0.01325527710277705	-0.01325527710277705	-0.013255277102777052	0.013255277102777052	0.026510554205554104	-0.013255277102777054	-0.013255277102777054	-0.013255277102777048	0.01335317573539608	0.02641264509855522	-0.013255266628397192	-0.013239721381888248	0.9867291671763335	0.004509932034005266
-0.00656263041607933	-0.013125260832158661	0.00656263041607933	0.0065626304160793306	0.00656263041607933	-0.00656263041607933	-0.013125260832158658	0.0065626304160793306	0.0065626304160793306	0.006562630416079329	-0.24727731162621075	0.22765284421364518	0.0064992065804068645	0.006575872275288696	0.006549388556869962	0.7396770246551234