0.9974933030238387	-0.005013393952322773	0.0025066969761613866	0.002506696976161387	0.002506696976161386	-0.0025066969761613866	-0.005013393952322773	0.002506696976161386	0.002506696976161387	0.002506696976161387	-0.002524924420500031	-0.0049951657352186405	0.0025066962033958996	0.0025066998275959963	0.0025066941247267774	-0.0008202631668844309
-0.010026787904645548	0.9799464241907088	0.010026787904645543	0.010026787904645547	0.010026787904645543	-0.010026787904645547	-0.02005357580929109	0.010026787904645545	0.010026787904645547	0.010026787904645547	-0.010099697682000131	-0.019980662940874562	0.010026784813583592	0.010026799310383985	0.010026776498907111	-0.0032810526675377226
0.005013393952322772	0.010026787904645545	0.9949866060476771	-0.005013393952322772	-0.005013393952322771	0.0050133939523227715	0.010026787904645543	-0.0050133939523227715	-0.005013393952322772	-0.0050133939523227715	0.005049848841000064	0.00999033147043728	-0.005013392406791797	-0.005013399655191992	-0.005013388249453555	0.0016405263337688622
0.007520090928484161	0.015040181856968322	-0.0075200909284841595	0.9924799090715161	-0.00752009092848416	0.00752009092848416	0.01504018185696832	-0.00752009092848416	-0.00752009092848416	-0.0075200909284841595	0.007574773261500096	0.014985497205655925	-0.007520088610187691	-0.007520099482787985	-0.007520082374180332	0.0024607895006532924
0.015040181856968322	0.030080363713936645	-0.015040181856968322	-0.015040181856968322	0.984959818143031	0.015040181856968319	0.030080363713936645	-0.01504018185696832	-0.01504018185696832	-0.01504018185696832	0.015149546523000181	0.029970994411311836	-0.015040177220375385	-0.015040198965575971	-0.015040164748360667	0.004921579001306584
-0.0025066969761613875	-0.005013393952322775	0.002506696976161387	0.0025066969761613875	0.002506696976161387	0.9974933030238383	-0.005013393952322773	0.0025066969761613866	0.0025066969761613875	0.002506696976161387	-0.002524924420500032	-0.004995165735218641	0.0025066962033958983	0.0025066998275959968	0.0025066941247267782	-0.0008202631668844309
-0.010026787904645548	-0.020053575809291097	0.010026787904645547	0.010026787904645548	0.010026787904645547	-0.010026787904645548	0.9799464241907088	0.010026787904645541	0.010026787904645545	0.010026787904645545	-0.010099697682000128	-0.019980662940874562	0.010026784813583595	0.010026799310383987	0.010026776498907113	-0.0032810526675377226
0.005013393952322773	0.010026787904645545	-0.005013393952322772	-0.005013393952322773	-0.0050133939523227715	0.005013393952322773	0.010026787904645545	0.9949866060476771	-0.005013393952322773	-0.005013393952322772	0.005049848841000064	0.009990331470437281	-0.005013392406791796	-0.005013399655191993	-0.005013388249453558	0.0016405263337688615
0.00752009092848416	0.01504018185696832	-0.007520090928484159	-0.007520090928484159	-0.007520090928484158	0.007520090928484159	0.015040181856968317	-0.007520090928484159	0.9924799090715158	-0.007520090928484159	0.007574773261500094	0.014985497205655923	-0.007520088610187689	-0.0075200994827879855	-0.007520082374180333	0.002460789500653292
0.015040181856968326	0.03008036371393665	-0.015040181856968326	-0.015040181856968326	-0.015040181856968322	0.015040181856968326	0.03008036371393665	-0.015040181856968324	-0.015040181856968322	0.9849598181430314	0.015149546523000188	0.029970994411311846	-0.015040177220375381	-0.015040198965575974	-0.015040164748360672	0.004921579001306586
-0.0024917819900835856	-0.00498356398016717	0.002491781990083585	0.002491781990083585	0.002491781990083585	-0.002491781990083585	-0.00498356398016717	0.002491781990083585	0.002491781990083585	0.002491781990083585	0.9539121081286451	0.038599912715450525	0.0025044151757372527	0.002491302321371818	0.002492261658795354	-0.04758704978617719
-0.009089147585241092	-0.01817829517048218	0.009089147585241089	0.00908914758524109	0.00908914758524109	-0.00908914758524109	-0.018178295170482184	0.00908914758524109	0.009089147585241089	0.009089147585241089	0.09715465724162305	0.8755761052332318	0.009090942354663147	0.009088221042449022	0.009090074128033166	-0.09322490286697863
0.005013393848736141	0.010026787697472282	-0.005013393848736141	-0.005013393848736142	-0.005013393848736142	0.005013393848736142	0.010026787697472284	-0.005013393848736141	-0.00501339384873614	-0.00501339384873614	0.005075563982296916	0.009988680680133522	0.9949625430350425	-0.00501339979267692	-0.005013387904795362	0.0016179024527957749
0.007520160884864907	0.01504032176972981	-0.007520160884864905	-0.007520160884864905	-0.007520160884864904	0.007520160884864905	0.01504032176972981	-0.007520160884864903	-0.0075201608848649015	-0.007520160884864902	0.007575922098861034	0.01498455798258331	-0.007520158311714545	0.9924710018227484	-0.0075113235924784555	0.0024530911241116876
0.015040181581021815	0.03008036316204364	-0.01504018158102182	-0.015040181581021819	-0.015040181581021819	0.01504018158102182	0.03008036316204364	-0.015040181581021819	-0.015040181581021815	-0.015040181581021817	0.015151703691305342	0.029968835905428523	-0.015040176434690225	-0.015022541495743908	0.9849421783337002	0.004906127839483266
-0.007431334196263048	-0.014862668392526094	0.007431334196263047	0.007431334196263047	0.007431334196263047	-0.007431334196263047	-0.014862668392526096	0.007431334196263047	0.007431334196263045	0.007431334196263045	-0.2688087400236725	0.2465833247212678	0.007362746909878543	0.007446104805319859	0.0074165635872062334	0.7169210016102239