0.9993916432169154	-0.0012167135661683738	0.0006083567830841867	0.0006083567830841868	0.0006083567830841867	-0.0006083567830841865	-0.0012167135661683734	0.0006083567830841867	0.0006083567830841868	0.0006083567830841866	-0.0006095941384909123	-0.0012154758973745012	0.0006083564696970404	0.0006083568422236295	0.0006083567239447433	-0.0002652508846778234
-0.0024334271323367455	0.9951331457353266	0.0024334271323367463	0.0024334271323367468	0.002433427132336746	-0.002433427132336745	-0.0048668542646734935	0.0024334271323367463	0.0024334271323367468	0.002433427132336746	-0.00243837655396365	-0.004861903589498005	0.0024334258787881606	0.0024334273688945184	0.002433426895778975	-0.0010610035387112941
0.001216713566168373	0.0024334271323367463	0.9987832864338315	-0.0012167135661683732	-0.001216713566168373	0.0012167135661683725	0.002433427132336746	-0.001216713566168373	-0.0012167135661683732	-0.0012167135661683725	0.0012191882769818244	0.002430951794749001	-0.001216712939394081	-0.0012167136844472585	-0.0012167134478894871	0.000530501769355647
0.0018250703492525588	0.003650140698505118	-0.0018250703492525588	0.998174929650747	-0.001825070349252559	0.0018250703492525588	0.0036501406985051193	-0.0018250703492525594	-0.0018250703492525592	-0.0018250703492525592	0.0018287824154727369	0.003646427692123501	-0.0018250694090911211	-0.001825070526670888	-0.0018250701718342311	0.0007957526540334697
0.003650140698505118	0.007300281397010237	-0.003650140698505118	-0.003650140698505117	0.9963498593014948	0.003650140698505117	0.007300281397010238	-0.0036501406985051193	-0.0036501406985051184	-0.003650140698505119	0.003657564830945475	0.007292855384247004	-0.0036501388181822414	-0.0036501410533417767	-0.0036501403436684622	0.00159150530806694
-0.0006083567830841866	-0.0012167135661683736	0.0006083567830841866	0.0006083567830841865	0.0006083567830841865	0.9993916432169151	-0.0012167135661683732	0.0006083567830841865	0.0006083567830841867	0.0006083567830841865	-0.0006095941384909123	-0.0012154758973745012	0.00060835646969704	0.0006083568422236291	0.0006083567239447437	-0.0002652508846778235
-0.0024334271323367468	-0.004866854264673495	0.0024334271323367468	0.0024334271323367463	0.0024334271323367463	-0.0024334271323367463	0.9951331457353266	0.002433427132336746	0.0024334271323367468	0.002433427132336746	-0.00243837655396365	-0.004861903589498006	0.0024334258787881615	0.0024334273688945175	0.0024334268957789747	-0.0010610035387112944
0.0012167135661683734	0.0024334271323367476	-0.0012167135661683734	-0.0012167135661683732	-0.0012167135661683732	0.001216713566168373	0.0024334271323367468	0.9987832864338317	-0.0012167135661683732	-0.001216713566168373	0.001219188276981825	0.002430951794749003	-0.0012167129393940803	-0.0012167136844472588	-0.0012167134478894876	0.000530501769355647
0.0018250703492525594	0.0036501406985051193	-0.0018250703492525594	-0.001825070349252559	-0.0018250703492525594	0.0018250703492525594	0.00365014069850512	-0.00182507034925256	0.9981749296507475	-0.0018250703492525603	0.0018287824154727377	0.0036464276921235037	-0.0018250694090911218	-0.0018250705266708877	-0.0018250701718342313	0.0007957526540334703
0.0036501406985051193	0.007300281397010239	-0.0036501406985051193	-0.0036501406985051184	-0.0036501406985051193	0.0036501406985051193	0.007300281397010241	-0.0036501406985051206	-0.00365014069850512	0.996349859301495	0.0036575648309454755	0.0072928553842470075	-0.0036501388181822427	-0.0036501410533417763	-0.0036501403436684627	0.0015915053080669405
-0.0006079581557761165	-0.0012159163115522333	0.0006079581557761164	0.0006079581557761164	0.0006079581557761164	-0.0006079581557761162	-0.001215916311552233	0.0006079581557761163	0.0006079581557761162	0.0006079581557761162	0.98321263727661	0.01495873417196034	0.0006127122398772355	0.0006079197500300402	0.0006079965615221929	-0.01700148692352094
-0.0023658641464816077	-0.004731728292963217	0.002365864146481608	0.0023658641464816077	0.0023658641464816077	-0.0023658641464816073	-0.004731728292963216	0.0023658641464816077	0.0023658641464816077	0.0023658641464816073	0.0333284666616975	0.9595734360168966	0.0023663690284423103	0.002365788361396507	0.002365939931566708	-0.033935691079664536
0.0012167135617638786	0.0024334271235277576	-0.0012167135617638784	-0.0012167135617638784	-0.0012167135617638786	0.0012167135617638782	0.002433427123527758	-0.0012167135617638784	-0.0012167135617638784	-0.0012167135617638784	0.001228700691850984	0.002430583913793302	0.9987741425178834	-0.0012167137005341451	-0.001216713422993612	0.0005217329330039419
0.00182507431608966	0.003650148632179321	-0.0018250743160896602	-0.0018250743160896598	-0.00182507431608966	0.00182507431608966	0.0036501486321793212	-0.0018250743160896604	-0.0018250743160896602	-0.00182507431608966	0.0018288873952158953	0.003646334586330787	-0.0018250733493673605	0.9981727788276056	-0.0018229274597847099	0.0007937110237688658
0.00365014069621937	0.007300281392438742	-0.003650140696219371	-0.0036501406962193696	-0.0036501406962193704	0.00365014069621937	0.007300281392438744	-0.003650140696219372	-0.003650140696219371	-0.003650140696219371	0.0036577668466034655	0.00729265330861201	-0.003650138762776734	-0.003645847711088481	0.9963455663186499	0.0015874184201501022
-0.001822733290104851	-0.0036454665802097027	0.0018227332901048512	0.0018227332901048507	0.0018227332901048512	-0.001822733290104851	-0.0036454665802097036	0.0018227332901048518	0.0018227332901048516	0.0018227332901048514	-0.0988408201484981	0.09339896274757073	0.001796390820717697	0.0018267960174545334	0.0018186705627551696	0.8987822683908783