0.9994078967787441	-0.0011842064425110787	0.0005921032212555394	0.0005921032212555394	0.0005921032212555395	-0.0005921032212555394	-0.001184206442511079	0.0005921032212555392	0.0005921032212555394	0.0005921032212555396	-0.0005932597058006132	-0.0011830496642370352	0.00059210292752657	0.000592103276037158	0.0005921031664739206	-0.00025895981618249004
-0.0023684128850221583	0.9952631742299559	0.0023684128850221583	0.0023684128850221583	0.0023684128850221583	-0.0023684128850221574	-0.004736825770044317	0.0023684128850221574	0.002368412885022158	0.002368412885022158	-0.002373038823202453	-0.004732198656948142	0.00236841171010628	0.002368413104148633	0.0023684126658956835	-0.0010358392647299606
0.001184206442511078	0.002368412885022158	0.998815793557489	-0.001184206442511079	-0.0011842064425110787	0.0011842064425110785	0.0023684128850221574	-0.0011842064425110783	-0.0011842064425110785	-0.0011842064425110785	0.001186519411601226	0.0023660993284740704	-0.00118420585505314	-0.001184206552074316	-0.001184206332947841	0.0005179196323649803
0.0017763096637666178	0.0035526193275332366	-0.0017763096637666176	0.9982236903362333	-0.0017763096637666176	0.0017763096637666174	0.0035526193275332366	-0.0017763096637666174	-0.0017763096637666176	-0.0017763096637666176	0.001779779117401839	0.0035491489927111063	-0.0017763087825797097	-0.0017763098281114741	-0.0017763094994217605	0.0007768794485474705
0.0035526193275332357	0.007105238655066473	-0.0035526193275332353	-0.0035526193275332357	0.9964473806724667	0.003552619327533235	0.007105238655066472	-0.0035526193275332344	-0.003552619327533235	-0.0035526193275332353	0.0035595582348036782	0.0070982979854222125	-0.0035526175651594194	-0.0035526196562229474	-0.003552618998843521	0.001553758897094941
-0.0005921032212555392	-0.0011842064425110791	0.0005921032212555395	0.0005921032212555394	0.0005921032212555394	0.9994078967787442	-0.0011842064425110787	0.0005921032212555392	0.0005921032212555394	0.0005921032212555395	-0.0005932597058006131	-0.0011830496642370354	0.00059210292752657	0.0005921032760371582	0.0005921031664739203	-0.00025895981618249015
-0.002368412885022157	-0.004736825770044317	0.002368412885022158	0.0023684128850221574	0.0023684128850221574	-0.002368412885022157	0.9952631742299561	0.0023684128850221574	0.002368412885022158	0.0023684128850221583	-0.002373038823202453	-0.0047321986569481425	0.0023684117101062815	0.0023684131041486326	0.002368412665895682	-0.001035839264729961
0.0011842064425110783	0.002368412885022158	-0.0011842064425110787	-0.0011842064425110785	-0.0011842064425110785	0.0011842064425110783	0.002368412885022158	0.9988157935574886	-0.0011842064425110785	-0.0011842064425110785	0.001186519411601226	0.0023660993284740704	-0.0011842058550531399	-0.0011842065520743159	-0.0011842063329478409	0.0005179196323649803
0.0017763096637666176	0.003552619327533236	-0.0017763096637666174	-0.0017763096637666176	-0.0017763096637666176	0.0017763096637666172	0.003552619327533236	-0.0017763096637666174	0.9982236903362334	-0.0017763096637666176	0.0017797791174018391	0.0035491489927111063	-0.0017763087825797095	-0.0017763098281114741	-0.0017763094994217607	0.0007768794485474704
0.0035526193275332357	0.007105238655066474	-0.0035526193275332357	-0.0035526193275332357	-0.003552619327533236	0.0035526193275332353	0.007105238655066474	-0.0035526193275332357	-0.003552619327533236	0.9964473806724666	0.0035595582348036787	0.007098297985422213	-0.0035526175651594194	-0.003552619656222949	-0.003552618998843521	0.001553758897094941
-0.0005917328073640363	-0.001183465614728073	0.0005917328073640363	0.0005917328073640363	0.0005917328073640363	-0.0005917328073640362	-0.001183465614728073	0.0005917328073640363	0.0005917328073640363	0.0005917328073640362	0.9835712874959341	0.014648865978318503	0.0005963809110190765	0.000591696295297877	0.0005917693194301952	-0.0166292597258117
-0.0023042397655445982	-0.004608479531089198	0.002304239765544599	0.0023042397655445987	0.0023042397655445982	-0.002304239765544598	-0.004608479531089198	0.0023042397655445982	0.0023042397655445982	0.0023042397655445982	0.03256418424907531	0.9605226119580045	0.0023047242618308835	0.0023041676957450464	0.002304311835344147	-0.03320392248553552
0.001184206438501119	0.002368412877002239	-0.0011842064385011192	-0.001184206438501119	-0.001184206438501119	0.0011842064385011188	0.002368412877002239	-0.001184206438501119	-0.001184206438501119	-0.001184206438501119	0.0011958195371117655	0.002365746501043429	0.9988068468388471	-0.0011842065675607095	-0.001184206309441528	0.0005093325306616048
0.0017763134202703615	0.0035526268405407244	-0.0017763134202703615	-0.0017763134202703618	-0.0017763134202703618	0.0017763134202703615	0.0035526268405407244	-0.0017763134202703615	-0.0017763134202703615	-0.0017763134202703613	0.001779879170410476	0.003549060183863385	-0.001776312513733138	0.998221597066134	-0.0017742239066748408	0.0007748901953549022
0.0035526193254621996	0.007105238650924402	-0.0035526193254621996	-0.0035526193254622	-0.0035526193254621996	0.003552619325462199	0.007105238650924403	-0.003552619325462199	-0.0035526193254621996	-0.003552619325462199	0.003559750818569231	0.007098105344744716	-0.003552617512389549	-0.0035484409725310756	0.9964432023216065	0.0015497769492352608
-0.001774139166836368	-0.003548278333672737	0.0017741391668363682	0.0017741391668363682	0.0017741391668363682	-0.001774139166836368	-0.0035482783336727376	0.0017741391668363682	0.0017741391668363682	0.001774139166836368	-0.09673909422529377	0.09144247168954442	0.0017483442020766323	0.0017780986110426781	0.0017701797226300573	0.9009968831144254