0.9981495115672925	-0.0037009768654147185	0.0018504884327073588	0.0018504884327073595	0.0018504884327073593	-0.0018504884327073593	-0.003700976865414719	0.0018504884327073586	0.0018504884327073595	0.001850488432707359	-0.0018631427061478465	-0.003688320582067122	0.0018504864228002516	0.0018504896973970005	0.0018504871680177191	-0.0006641333042074343
-0.007401953730829435	0.985196092538341	0.007401953730829433	0.007401953730829435	0.0074019537308294345	-0.0074019537308294345	-0.01480390746165887	0.007401953730829433	0.007401953730829436	0.0074019537308294345	-0.007452570824591388	-0.01475328232826849	0.0074019456912010045	0.007401958789588	0.007401948672070874	-0.0026565332168297364
0.0037009768654147172	0.0074019537308294345	0.9962990231345847	-0.0037009768654147185	-0.003700976865414718	0.003700976865414718	0.007401953730829437	-0.0037009768654147172	-0.0037009768654147185	-0.003700976865414718	0.0037262854122956947	0.007376641164134246	-0.0037009728456005022	-0.003700979394794001	-0.003700974336035438	0.0013282666084148682
0.005551465298122078	0.011102930596244157	-0.005551465298122076	0.994448534701878	-0.0055514652981220785	0.005551465298122078	0.011102930596244157	-0.005551465298122076	-0.0055514652981220785	-0.005551465298122077	0.005589428118443542	0.011064961746201368	-0.005551459268400753	-0.005551469092191	-0.005551461504053154	0.001992399912622302
0.011102930596244159	0.02220586119248832	-0.011102930596244155	-0.011102930596244159	0.9888970694037554	0.011102930596244155	0.022205861192488317	-0.011102930596244155	-0.011102930596244157	-0.011102930596244153	0.011178856236887082	0.022129923492402736	-0.011102918536801511	-0.011102938184382002	-0.011102923008106313	0.003984799825244604
-0.0018504884327073593	-0.0037009768654147185	0.001850488432707359	0.0018504884327073597	0.0018504884327073595	0.9981495115672927	-0.003700976865414719	0.0018504884327073588	0.0018504884327073597	0.0018504884327073593	-0.0018631427061478474	-0.003688320582067123	0.0018504864228002511	0.001850489697397001	0.0018504871680177191	-0.0006641333042074342
-0.007401953730829436	-0.014803907461658872	0.007401953730829435	0.007401953730829439	0.007401953730829437	-0.007401953730829437	0.9851960925383411	0.0074019537308294345	0.007401953730829438	0.007401953730829436	-0.0074525708245913895	-0.014753282328268488	0.007401945691201005	0.007401958789588002	0.007401948672070876	-0.0026565332168297373
0.003700976865414718	0.007401953730829436	-0.0037009768654147177	-0.0037009768654147185	-0.0037009768654147185	0.003700976865414718	0.007401953730829437	0.9962990231345848	-0.0037009768654147185	-0.0037009768654147185	0.0037262854122956956	0.007376641164134246	-0.003700972845600503	-0.0037009793947940014	-0.0037009743360354383	0.0013282666084148687
0.005551465298122079	0.01110293059624416	-0.005551465298122078	-0.005551465298122079	-0.005551465298122079	0.005551465298122079	0.011102930596244159	-0.005551465298122078	0.994448534701878	-0.005551465298122076	0.005589428118443544	0.011064961746201368	-0.005551459268400753	-0.0055514690921909995	-0.005551461504053154	0.001992399912622303
0.011102930596244155	0.022205861192488314	-0.011102930596244152	-0.011102930596244155	-0.011102930596244155	0.011102930596244155	0.02220586119248831	-0.011102930596244152	-0.011102930596244155	0.9888970694037553	0.011178856236887084	0.022129923492402732	-0.011102918536801508	-0.011102938184381997	-0.01110292300810631	0.003984799825244605
-0.0018434205232957203	-0.0036868410465914405	0.0018434205232957198	0.0018434205232957205	0.0018434205232957203	-0.0018434205232957203	-0.003686841046591441	0.0018434205232957198	0.0018434205232957207	0.0018434205232957203	0.96239271900229	0.03206630751200897	0.0018541324391091807	0.001843135590498716	0.0018437054560927243	-0.03885356181518429
-0.006864942199235029	-0.01372988439847006	0.006864942199235028	0.00686494219923503	0.00686494219923503	-0.006864942199235029	-0.01372988439847006	0.006864942199235028	0.006864942199235032	0.00686494219923503	0.07922568109069482	0.9001777398937629	0.006866694617072336	0.006864389063527713	0.00686549533494235	-0.07635548027445183
0.0037009767623425926	0.007401953524685185	-0.003700976762342592	-0.003700976762342594	-0.0037009767623425935	0.0037009767623425935	0.007401953524685187	-0.0037009767623425926	-0.0037009767623425944	-0.0037009767623425935	0.003747866337175824	0.0073752419508582275	0.9962788452366507	-0.0037009794370796104	-0.003700974087605578	0.0013094630167880441
0.0055515029177871265	0.011103005835574253	-0.0055515029177871265	-0.0055515029177871265	-0.0055515029177871265	0.0055515029177871265	0.011103005835574253	-0.005551502917787125	-0.005551502917787127	-0.005551502917787125	0.005590123172753364	0.011064379390620615	-0.005551496727799723	0.9944419704590145	-0.005544976294588425	0.0019865701983612675
0.011102930491818847	0.022205860983637693	-0.011102930491818843	-0.011102930491818847	-0.011102930491818847	0.011102930491818847	0.022205860983637693	-0.011102930491818845	-0.011102930491818847	-0.011102930491818845	0.011180170799658084	0.022128608295848232	-0.011102918111868622	-0.011089892578641632	0.9888840315950043	0.003973109635168066
-0.005509480994595318	-0.011018961989190636	0.0055094809945953165	0.005509480994595318	0.005509480994595317	-0.005509480994595318	-0.011018961989190636	0.0055094809945953165	0.005509480994595319	0.005509480994595317	-0.2199339508358064	0.20346232400565306	0.005452664840962576	0.005520813094589726	0.005498148894600906	0.7688575049134758