0.9996029099233902	-0.0007941801532196665	0.00039709007660983307	0.0003970900766098333	0.0003970900766098331	-0.00039709007660983323	-0.0007941801532196665	0.0003970900766098331	0.0003970900766098333	0.0003970900766098332	-0.0003975018908793208	-0.000793768231050732	0.0003970899687103869	0.00039709009414476865	0.00039709005907489727	-0.00018056574053373542
-0.0015883603064393327	0.9968232793871216	0.001588360306439332	0.001588360306439333	0.0015883603064393323	-0.0015883603064393327	-0.0031767206128786654	0.001588360306439332	0.001588360306439333	0.0015883603064393325	-0.001590007563517283	-0.0031750729242029283	0.0015883598748415472	0.0015883603765790755	0.00158836023629959	-0.000722262962134942
0.0007941801532196662	0.0015883603064393327	0.9992058198467797	-0.0007941801532196664	-0.0007941801532196661	0.0007941801532196662	0.0015883603064393327	-0.000794180153219666	-0.0007941801532196664	-0.0007941801532196661	0.0007950037817586413	0.001587536462101464	-0.0007941799374207734	-0.0007941801882895372	-0.0007941801181497944	0.00036113148106747085
0.0011912702298295	0.0023825404596590004	-0.0011912702298295	0.9988087297701709	-0.0011912702298294997	0.0011912702298295002	0.0023825404596590004	-0.0011912702298295	-0.0011912702298295002	-0.0011912702298295	0.0011925056726379635	0.0023813046931521957	-0.0011912699061311612	-0.001191270282434306	-0.001191270177224693	0.0005416972216012067
0.002382540459659	0.004765080919318001	-0.002382540459659	-0.002382540459659	0.997617459540341	0.0023825404596589995	0.004765080919317999	-0.002382540459658999	-0.0023825404596589995	-0.002382540459658999	0.0023850113452759275	0.004762609386304394	-0.002382539812262322	-0.0023825405648686122	-0.002382540354449385	0.0010833944432024137
-0.0003970900766098332	-0.0007941801532196665	0.00039709007660983307	0.00039709007660983323	0.0003970900766098331	0.9996029099233902	-0.0007941801532196665	0.00039709007660983307	0.0003970900766098333	0.00039709007660983323	-0.0003975018908793208	-0.0007937682310507321	0.0003970899687103868	0.0003970900941447687	0.00039709005907489727	-0.00018056574053373545
-0.0015883603064393331	-0.0031767206128786667	0.0015883603064393327	0.0015883603064393334	0.001588360306439333	-0.0015883603064393331	0.9968232793871216	0.0015883603064393323	0.0015883603064393331	0.001588360306439333	-0.0015900075635172835	-0.003175072924202929	0.0015883598748415472	0.001588360376579075	0.0015883602362995897	-0.0007222629621349419
0.0007941801532196662	0.0015883603064393327	-0.000794180153219666	-0.0007941801532196664	-0.0007941801532196661	0.0007941801532196662	0.0015883603064393327	0.9992058198467799	-0.0007941801532196664	-0.0007941801532196661	0.0007950037817586414	0.001587536462101464	-0.0007941799374207734	-0.0007941801882895374	-0.0007941801181497945	0.0003611314810674709
0.0011912702298294997	0.002382540459659	-0.0011912702298294997	-0.0011912702298294997	-0.001191270229829499	0.0011912702298294993	0.002382540459659	-0.0011912702298294993	0.9988087297701708	-0.0011912702298294993	0.0011925056726379635	0.002381304693152196	-0.0011912699061311608	-0.0011912702824343063	-0.0011912701772246925	0.0005416972216012066
0.0023825404596590004	0.004765080919318002	-0.0023825404596590004	-0.0023825404596590004	-0.0023825404596589995	0.002382540459659	0.004765080919318002	-0.002382540459659	-0.0023825404596590004	0.9976174595403413	0.002385011345275927	0.004762609386304395	-0.002382539812262322	-0.0023825405648686122	-0.002382540354449385	0.0010833944432024135
-0.00039696650229888256	-0.0007939330045977652	0.00039696650229888256	0.00039696650229888267	0.00039696650229888256	-0.0003969665022988826	-0.0007939330045977652	0.00039696650229888245	0.0003969665022988826	0.00039696650229888256	0.9881843924646879	0.010621409628769436	0.0004002649019445787	0.00039694932309071603	0.00039698368150704893	-0.011873853262709514
-0.0015584963046445328	-0.003116992609289066	0.0015584963046445324	0.001558496304644533	0.0015584963046445326	-0.0015584963046445328	-0.003116992609289066	0.0015584963046445324	0.0015584963046445328	0.0015584963046445326	0.022921861798958266	0.9724023942204046	0.0015587513713481015	0.0015584622665129066	0.001558530342776159	-0.02381348655123044
0.0007941801522568885	0.0015883603045137773	-0.0007941801522568883	-0.0007941801522568886	-0.0007941801522568884	0.0007941801522568886	0.0015883603045137775	-0.0007941801522568884	-0.0007941801522568886	-0.0007941801522568886	0.0008016017993427285	0.0015873518979932528	0.9991994066071781	-0.000794180196592087	-0.0007941801079216899	0.0003549054581672379
0.0011912719128996047	0.0023825438257992103	-0.0011912719128996047	-0.001191271912899605	-0.0011912719128996045	0.0011912719128996045	0.00238254382579921	-0.0011912719128996043	-0.0011912719128996045	-0.0011912719128996045	0.0011925543160954258	0.002381261086361016	-0.0011912715766572307	0.9988073266411724	-0.001189870466971786	0.0005403443291936575
0.0023825404591870008	0.004765080918374004	-0.0023825404591870008	-0.0023825404591870016	-0.0023825404591870003	0.0023825404591870003	0.0047650809183740015	-0.002382540459187	-0.0023825404591870003	-0.0023825404591870003	0.002385105263813559	0.004762515441263151	-0.002382539786702709	-0.0023797377854201823	0.9976146568670458	0.001080687079052941
-0.0011905531355452218	-0.002381106271090444	0.0011905531355452215	0.0011905531355452218	0.0011905531355452213	-0.0011905531355452215	-0.002381106271090444	0.0011905531355452213	0.0011905531355452213	0.0011905531355452215	-0.06966281037046534	0.06610984130781224	0.0011718627915626551	0.0011932527864413278	0.0011878534846491145	0.9292956339610794