0.9998790897748525	-0.0002418204502945492	0.00012091022514727462	0.00012091022514727461	0.00012091022514727461	-0.00012091022514727461	-0.00024182045029454922	0.00012091022514727461	0.0001209102251472746	0.00012091022514727461	-0.00012092507120076562	-0.00024180560020031072	0.00012091022110652696	0.00012091022569166561	0.00012091022460288355	-0.000058570237218063054
-0.00048364090058909855	0.9990327181988214	0.0004836409005890986	0.00048364090058909855	0.00048364090058909855	-0.00048364090058909855	-0.0009672818011781969	0.0004836409005890986	0.00048364090058909855	0.0004836409005890986	-0.00048370028480306237	-0.0009672224008012425	0.0004836408844261079	0.0004836409027666626	0.00048364089841153416	-0.0002342809488722522
0.00024182045029454925	0.00048364090058909844	0.999758179549706	-0.0002418204502945493	-0.00024182045029454927	0.00024182045029454927	0.0004836409005890985	-0.00024182045029454927	-0.00024182045029454927	-0.00024182045029454927	0.0002418501424015313	0.0004836112004006213	-0.00024182044221305395	-0.00024182045138333128	-0.00024182044920576716	0.00011714047443612608
0.0003627306754418238	0.0007254613508836475	-0.0003627306754418238	0.999637269324558	-0.00036273067544182386	0.0003627306754418238	0.0007254613508836476	-0.0003627306754418238	-0.0003627306754418238	-0.00036273067544182386	0.00036277521360229684	0.0007254168006009321	-0.0003627306633195809	-0.00036273067707499684	-0.0003627306738086507	0.0001757107116541891
0.0007254613508836477	0.0014509227017672952	-0.0007254613508836477	-0.0007254613508836476	0.9992745386491165	0.0007254613508836476	0.0014509227017672952	-0.0007254613508836478	-0.0007254613508836477	-0.0007254613508836478	0.0007255504272045937	0.001450833601201864	-0.000725461326639162	-0.0007254613541499935	-0.0007254613476173015	0.00035142142330837824
-0.0001209102251472746	-0.00024182045029454916	0.00012091022514727458	0.0001209102251472746	0.00012091022514727461	0.9998790897748526	-0.00024182045029454925	0.00012091022514727465	0.00012091022514727464	0.00012091022514727465	-0.00012092507120076563	-0.00024180560020031064	0.000120910221106527	0.00012091022569166564	0.00012091022460288354	-0.00005857023721806303
-0.00048364090058909844	-0.0009672818011781968	0.0004836409005890984	0.00048364090058909844	0.0004836409005890985	-0.00048364090058909844	0.9990327181988216	0.00048364090058909855	0.0004836409005890986	0.0004836409005890986	-0.0004837002848030625	-0.0009672224008012428	0.000483640884426108	0.0004836409027666626	0.00048364089841153427	-0.00023428094887225216
0.0002418204502945493	0.00048364090058909855	-0.0002418204502945493	-0.0002418204502945493	-0.00024182045029454933	0.0002418204502945493	0.0004836409005890986	0.9997581795497056	-0.00024182045029454927	-0.0002418204502945493	0.00024185014240153126	0.0004836112004006213	-0.00024182044221305397	-0.00024182045138333128	-0.0002418204492057671	0.00011714047443612608
0.0003627306754418238	0.0007254613508836475	-0.0003627306754418238	-0.00036273067544182375	-0.0003627306754418238	0.0003627306754418238	0.0007254613508836476	-0.0003627306754418238	0.9996372693245582	-0.0003627306754418238	0.0003627752136022968	0.0007254168006009319	-0.000362730663319581	-0.0003627306770749967	-0.0003627306738086508	0.00017571071165418907
0.0007254613508836474	0.0014509227017672946	-0.0007254613508836474	-0.0007254613508836473	-0.0007254613508836474	0.0007254613508836474	0.0014509227017672948	-0.0007254613508836474	-0.0007254613508836474	0.9992745386491166	0.0007255504272045937	0.0014508336012018634	-0.000725461326639162	-0.0007254613541499935	-0.0007254613476173017	0.00035142142330837813
-0.00012090593916272015	-0.00024181187832544027	0.00012090593916272015	0.00012090593916272014	0.00012090593916272015	-0.00012090593916272014	-0.00024181187832544027	0.00012090593916272014	0.00012090593916272015	0.00012090593916272015	0.9959683239808446	0.003667861152242745	0.00012200298858729293	0.00012090422941140453	0.00012090764891403577	-0.004000553503262455
-0.0004807152174065604	-0.0009614304348131207	0.0004807152174065604	0.0004807152174065604	0.0004807152174065604	-0.0004807152174065604	-0.0009614304348131208	0.00048071521740656047	0.00048071521740656047	0.00048071521740656047	0.007526086931447616	0.9910317375753485	0.0004807450583910601	0.0004807118090220075	0.0004807186257911131	-0.008083427691479654
0.00024182045028417481	0.00048364090056834963	-0.00024182045028417484	-0.00024182045028417484	-0.00024182045028417484	0.00024182045028417484	0.0004836409005683497	-0.00024182045028417484	-0.0002418204502841749	-0.00024182045028417495	0.0002440442747761914	0.000483589795933002	0.999756006829859	-0.00024182045231009483	-0.00024182044825825488	0.000114989263249392
0.00036273083063740534	0.0007254616612748105	-0.00036273083063740523	-0.0003627308306374052	-0.00036273083063740534	0.00036273083063740523	0.0007254616612748104	-0.00036273083063740523	-0.00036273083063740534	-0.0003627308306374054	0.0003627803368709829	0.0007254121415611345	-0.00036273081715730685	0.999636842379542	-0.0003623040408169894	0.00017528899643591697
0.0007254613508788079	0.0014509227017576157	-0.0007254613508788079	-0.0007254613508788078	-0.0007254613508788079	0.0007254613508788079	0.0014509227017576157	-0.0007254613508788079	-0.000725461350878808	-0.0007254613508788082	0.0007255603633243122	0.0014508236623519213	-0.0007254613239186169	-0.0007246077784934899	0.999273685076736	0.00035057784124455544
-0.0003627073713968285	-0.000725414742793657	0.00036270737139682853	0.0003627073713968285	0.00036270737139682853	-0.0003627073713968285	-0.0007254147427936568	0.0003627073713968285	0.0003627073713968284	0.0003627073713968285	-0.023814262652936683	0.022732594637074853	0.0003562532730681727	0.0003635506868999059	0.0003618640558937512	0.9761715191144055