0.9984662430443557	-0.0030675139112899532	0.0015337569556449764	0.0015337569556449764	0.001533756955644977	-0.0015337569556449768	-0.0030675139112899532	0.0015337569556449768	0.0015337569556449764	0.0015337569556449768	-0.0015430752925293617	-0.0030581937718075405	0.001533755153046948	0.0015337577179371468	0.0015337561933528073	-0.0005758824076929851
-0.006135027822579907	0.98772994435484	0.006135027822579906	0.0061350278225799065	0.0061350278225799065	-0.006135027822579907	-0.012270055645159816	0.006135027822579907	0.006135027822579906	0.0061350278225799065	-0.006172301170117446	-0.012232775087230164	0.0061350206121877915	0.006135030871748587	0.006135024773411228	-0.0023035296307719402
0.003067513911289955	0.006135027822579909	0.9969324860887097	-0.003067513911289953	-0.003067513911289954	0.0030675139112899537	0.006135027822579908	-0.003067513911289954	-0.0030675139112899532	-0.003067513911289954	0.003086150585058723	0.006116387543615079	-0.0030675103060938957	-0.003067515435874293	-0.0030675123867056147	0.0011517648153859703
0.004601270866934929	0.009202541733869857	-0.004601270866934929	0.9953987291330649	-0.004601270866934931	0.00460127086693493	0.00920254173386986	-0.004601270866934933	-0.00460127086693493	-0.00460127086693493	0.00462922587758809	0.009174581315422616	-0.004601265459140847	-0.004601273153811439	-0.004601268580058418	0.0017276472230789554
0.009202541733869862	0.01840508346773972	-0.009202541733869862	-0.009202541733869859	0.9907974582661301	0.009202541733869859	0.018405083467739714	-0.009202541733869862	-0.009202541733869859	-0.00920254173386986	0.009258451755176176	0.018349162630845232	-0.00920253091828169	-0.009202546307622883	-0.00920253716011684	0.0034552944461579095
-0.0015337569556449773	-0.003067513911289954	0.0015337569556449766	0.0015337569556449764	0.0015337569556449768	0.998466243044355	-0.0030675139112899524	0.0015337569556449766	0.0015337569556449762	0.0015337569556449766	-0.0015430752925293615	-0.00305819377180754	0.0015337551530469479	0.0015337577179371465	0.0015337561933528065	-0.0005758824076929851
-0.006135027822579911	-0.01227005564515982	0.006135027822579908	0.006135027822579907	0.006135027822579909	-0.006135027822579909	0.98772994435484	0.0061350278225799065	0.006135027822579905	0.006135027822579906	-0.006172301170117448	-0.01223277508723016	0.006135020612187793	0.006135030871748588	0.0061350247734112285	-0.0023035296307719402
0.0030675139112899545	0.006135027822579908	-0.0030675139112899532	-0.003067513911289953	-0.0030675139112899537	0.0030675139112899537	0.006135027822579907	0.9969324860887103	-0.003067513911289953	-0.0030675139112899532	0.0030861505850587243	0.006116387543615078	-0.0030675103060938957	-0.0030675154358742935	-0.0030675123867056134	0.00115176481538597
0.004601270866934929	0.009202541733869859	-0.004601270866934929	-0.0046012708669349285	-0.004601270866934931	0.004601270866934929	0.009202541733869859	-0.004601270866934931	0.995398729133065	-0.004601270866934931	0.004629225877588091	0.009174581315422618	-0.0046012654591408445	-0.004601273153811441	-0.00460126858005842	0.0017276472230789545
0.00920254173386986	0.01840508346773972	-0.009202541733869862	-0.009202541733869859	-0.009202541733869864	0.00920254173386986	0.01840508346773972	-0.009202541733869864	-0.009202541733869859	0.99079745826613	0.009258451755176174	0.018349162630845236	-0.009202530918281687	-0.009202546307622881	-0.009202537160116838	0.003455294446157909
-0.001529322643402524	-0.0030586452868050476	0.0015293226434025238	0.0015293226434025234	0.0015293226434025238	-0.0015293226434025236	-0.0030586452868050476	0.0015293226434025238	0.0015293226434025232	0.0015293226434025238	0.9668798920551838	0.028522614446997167	0.0015388482110142029	0.0015291172913929623	0.0015295279954120856	-0.03415685839897679
-0.0057547286013011605	-0.01150945720260232	0.00575472860130116	0.005754728601301158	0.00575472860130116	-0.005754728601301159	-0.011509457202602318	0.00575472860130116	0.005754728601301158	0.00575472860130116	0.06937108683825856	0.9133631721660346	0.005756283793104303	0.0057543286971133666	0.005755128505488955	-0.0672886011562065
0.0030675138396514725	0.006135027679302944	-0.0030675138396514716	-0.0030675138396514708	-0.003067513839651472	0.003067513839651472	0.006135027679302944	-0.003067513839651472	-0.0030675138396514716	-0.003067513839651472	0.003105283951552314	0.006115191090927516	0.9969145526368236	-0.003067515469947665	-0.003067512209355278	0.0011350364999043654
0.004601296546825373	0.009202593093650742	-0.004601296546825371	-0.004601296546825369	-0.004601296546825372	0.00460129654682537	0.00920259309365074	-0.004601296546825372	-0.004601296546825369	-0.004601296546825372	0.004629735516934052	0.009174148595723849	-0.004601291019007161	0.995393293074722	-0.004595886168373061	0.0017227494896844507
0.009202541677204185	0.018405083354408366	-0.009202541677204183	-0.00920254167720418	-0.009202541677204185	0.009202541677204181	0.01840508335440836	-0.009202541677204185	-0.00920254167720418	-0.009202541677204185	0.009259419485989672	0.018348194490009143	-0.009202530621590441	-0.009191730176774505	0.9907866468223662	0.003445477448686585
-0.004574966203834238	-0.009149932407668475	0.0045749662038342374	0.004574966203834237	0.004574966203834239	-0.0045749662038342374	-0.009149932407668475	0.004574966203834239	0.0045749662038342374	0.004574966203834238	-0.19398456642909934	0.18031013336198803	0.004524500659442879	0.00458454787203403	0.004565384535634445	0.7967751000826994