0.9979756380600632	-0.004048723879872749	0.0020243619399363745	0.0020243619399363737	0.0020243619399363745	-0.002024361939936374	-0.0040487238798727464	0.002024361939936374	0.0020243619399363732	0.0020243619399363732	-0.0020387286095364795	-0.004034355272292358	0.00202436000195609	0.002024363549434829	0.00202436033043792	-0.0007090063476392393
-0.008097447759745495	0.9838051044805091	0.0080974477597455	0.008097447759745496	0.008097447759745498	-0.008097447759745498	-0.016194895519490993	0.008097447759745498	0.008097447759745495	0.008097447759745496	-0.008154914438145922	-0.016137421089169435	0.008097440007824357	0.008097454197739311	0.008097441321751678	-0.002836025390556959
0.004048723879872748	0.008097447759745496	0.9959512761201275	-0.004048723879872748	-0.00404872387987275	0.004048723879872749	0.008097447759745496	-0.004048723879872749	-0.0040487238798727464	-0.004048723879872748	0.004077457219072961	0.008068710544584716	-0.004048720003912179	-0.0040487270988696575	-0.004048720660875838	0.0014180126952784786
0.006073085819809125	0.01214617163961825	-0.006073085819809125	0.9939269141801909	-0.006073085819809126	0.006073085819809124	0.012146171639618248	-0.006073085819809126	-0.006073085819809126	-0.006073085819809126	0.006116185828609442	0.012103065816877073	-0.0060730800058682675	-0.006073090648304488	-0.00607308099131376	0.002127019042917719
0.012146171639618253	0.024292343279236503	-0.012146171639618251	-0.012146171639618255	0.9878538283603822	0.012146171639618251	0.0242923432792365	-0.012146171639618253	-0.012146171639618251	-0.012146171639618251	0.012232371657218886	0.024206131633754145	-0.012146160011736535	-0.012146181296608981	-0.012146161982627522	0.004254038085835438
-0.002024361939936374	-0.004048723879872748	0.0020243619399363745	0.002024361939936374	0.0020243619399363745	0.9979756380600638	-0.004048723879872747	0.0020243619399363745	0.0020243619399363737	0.0020243619399363737	-0.0020387286095364795	-0.004034355272292359	0.0020243600019560896	0.0020243635494348296	0.00202436033043792	-0.0007090063476392397
-0.008097447759745495	-0.01619489551949099	0.008097447759745498	0.008097447759745496	0.008097447759745496	-0.008097447759745495	0.9838051044805086	0.008097447759745496	0.008097447759745495	0.008097447759745496	-0.008154914438145916	-0.016137421089169428	0.008097440007824355	0.008097454197739315	0.008097441321751678	-0.002836025390556958
0.004048723879872748	0.008097447759745496	-0.00404872387987275	-0.004048723879872747	-0.004048723879872748	0.004048723879872747	0.008097447759745495	0.9959512761201276	-0.004048723879872748	-0.004048723879872749	0.004077457219072961	0.008068710544584717	-0.0040487200039121774	-0.004048727098869659	-0.004048720660875842	0.001418012695278479
0.006073085819809124	0.012146171639618248	-0.006073085819809124	-0.006073085819809126	-0.006073085819809126	0.006073085819809126	0.012146171639618251	-0.006073085819809127	0.9939269141801907	-0.006073085819809126	0.006116185828609442	0.012103065816877076	-0.006073080005868267	-0.006073090648304489	-0.006073080991313761	0.0021270190429177197
0.012146171639618248	0.024292343279236493	-0.012146171639618246	-0.01214617163961825	-0.01214617163961825	0.01214617163961825	0.024292343279236496	-0.01214617163961825	-0.012146171639618251	0.9878538283603819	0.012232371657218879	0.024206131633754145	-0.012146160011736535	-0.012146181296608974	-0.012146161982627517	0.0042540380858354385
-0.0020155432404585644	-0.004031086480917128	0.002015543240458564	0.002015543240458564	0.0020155432404585652	-0.002015543240458565	-0.004031086480917129	0.0020155432404585652	0.002015543240458564	0.0020155432404585644	0.9600577820423554	0.03388430139995888	0.0020268300767686724	0.002015210476215775	0.0020158760047013537	-0.04127887440711553
-0.007464211210265676	-0.014928422420531351	0.007464211210265677	0.007464211210265674	0.007464211210265676	-0.007464211210265674	-0.014928422420531344	0.007464211210265676	0.007464211210265672	0.007464211210265672	0.08426195036117969	0.8933436034912824	0.007466023727006625	0.007463566190296148	0.007464856230235199	-0.08103770383490583
0.004048723764497562	0.008097447528995123	-0.004048723764497562	-0.0040487237644975605	-0.004048723764497562	0.0040487237644975605	0.00809744752899512	-0.004048723764497561	-0.00404872376449756	-0.0040487237644975605	0.0041002453372787455	0.008067223279038497	0.9959299789126781	-0.0040487271525041345	-0.004048720376490983	0.00139814576441821
0.00607313099953368	0.01214626199906736	-0.006073130999533678	-0.00607313099953368	-0.006073130999533681	0.006073130999533682	0.012146261999067362	-0.006073130999533682	-0.006073130999533682	-0.006073130999533683	0.0061169919663223524	0.012102395034477707	-0.006073125001732692	0.9939197298303697	-0.006065991829437269	0.0021206861649268067
0.01214617150024076	0.02429234300048152	-0.012146171500240758	-0.012146171500240761	-0.012146171500240761	0.01214617150024076	0.024292343000481515	-0.01214617150024076	-0.01214617150024076	-0.01214617150024076	0.012233893193491344	0.024204609311648927	-0.012146159504658754	-0.01213191266081795	0.9878395696603368	0.004241335877419639
-0.006020671400245365	-0.012041342800490731	0.0060206714002453655	0.006020671400245365	0.006020671400245366	-0.0060206714002453655	-0.012041342800490728	0.006020671400245366	0.0060206714002453655	0.006020671400245367	-0.23341007244936635	0.21540814004770914	0.005960589601166471	0.006032938470212335	0.006008404330278395	0.7544391384571376