0.9978270419696769	-0.004345916060647069	0.0021729580303235354	0.002172958030323537	0.0021729580303235354	-0.002172958030323536	-0.0043459160606470724	0.0021729580303235362	0.0021729580303235367	0.002172958030323535	-0.0021886725351766105	-0.004330199812046782	0.0021729562865763228	0.0021729599761963654	0.002172956084450704	-0.0007453597074205209
-0.008691832121294143	0.9826163357574109	0.008691832121294143	0.00869183212129415	0.008691832121294141	-0.008691832121294143	-0.01738366424258829	0.008691832121294145	0.008691832121294147	0.00869183212129414	-0.008754690140706444	-0.017320799248187132	0.008691825146305291	0.008691839904785458	0.008691824337802818	-0.002981438829682084
0.0043459160606470724	0.008691832121294143	0.9956540839393526	-0.004345916060647074	-0.004345916060647072	0.004345916060647072	0.008691832121294145	-0.0043459160606470724	-0.004345916060647073	-0.004345916060647071	0.004377345070353222	0.008660399624093566	-0.004345912573152645	-0.004345919952392727	-0.004345912168901409	0.0014907194148410417
0.006518874090970608	0.013037748181941214	-0.0065188740909706095	0.9934811259090301	-0.006518874090970609	0.0065188740909706095	0.013037748181941216	-0.00651887409097061	-0.00651887409097061	-0.006518874090970606	0.0065660176055298315	0.012990599436140353	-0.006518868859728967	-0.0065188799285890945	-0.006518868253352117	0.002236079122261563
0.013037748181941216	0.026075496363882424	-0.013037748181941217	-0.013037748181941219	0.9869622518180586	0.013037748181941212	0.026075496363882424	-0.013037748181941217	-0.013037748181941217	-0.01303774818194121	0.013132035211059661	0.025981198872280696	-0.013037737719457937	-0.013037759857178189	-0.01303773650670423	0.004472158244523126
-0.0021729580303235362	-0.004345916060647072	0.0021729580303235367	0.0021729580303235362	0.002172958030323536	0.9978270419696764	-0.004345916060647071	0.0021729580303235362	0.0021729580303235362	0.002172958030323535	-0.0021886725351766105	-0.004330199812046782	0.002172956286576321	0.002172959976196365	0.002172956084450705	-0.0007453597074205208
-0.008691832121294141	-0.01738366424258828	0.008691832121294141	0.008691832121294141	0.008691832121294138	-0.00869183212129414	0.9826163357574117	0.008691832121294145	0.008691832121294147	0.008691832121294141	-0.008754690140706442	-0.017320799248187132	0.00869182514630529	0.00869183990478546	0.008691824337802818	-0.0029814388296820838
0.004345916060647073	0.008691832121294145	-0.0043459160606470724	-0.004345916060647074	-0.0043459160606470724	0.004345916060647074	0.008691832121294145	0.9956540839393533	-0.004345916060647073	-0.004345916060647071	0.004377345070353222	0.008660399624093566	-0.004345912573152645	-0.00434591995239273	-0.0043459121689014115	0.0014907194148410419
0.0065188740909706095	0.013037748181941216	-0.006518874090970611	-0.006518874090970611	-0.006518874090970609	0.006518874090970611	0.013037748181941216	-0.006518874090970612	0.9934811259090297	-0.006518874090970607	0.006566017605529833	0.01299059943614035	-0.00651886885972897	-0.006518879928589094	-0.006518868253352117	0.0022360791222615635
0.013037748181941212	0.026075496363882417	-0.013037748181941214	-0.013037748181941216	-0.013037748181941209	0.013037748181941214	0.026075496363882414	-0.013037748181941217	-0.013037748181941214	0.9869622518180585	0.013132035211059658	0.025981198872280693	-0.013037737719457933	-0.013037759857178186	-0.013037736506704228	0.004472158244523127
-0.0021624617152681083	-0.0043249234305362165	0.002162461715268109	0.0021624617152681087	0.002162461715268108	-0.0021624617152681087	-0.004324923430536216	0.0021624617152681096	0.0021624617152681087	0.002162461715268108	0.958118484081699	0.035382391836834656	0.0021742006509301074	0.0021620858684985827	0.0021628375620376334	-0.043281620727329516
-0.007970681688682535	-0.01594136337736507	0.007970681688682537	0.007970681688682535	0.007970681688682533	-0.007970681688682535	-0.015941363377365066	0.007970681688682538	0.007970681688682533	0.007970681688682531	0.08838822742383531	0.8876978915491535	0.007972517649645771	0.007969954012999688	0.007971409364365373	-0.0849054392704017
0.004345915940159799	0.008691831880319596	-0.0043459159401598	-0.0043459159401598	-0.004345915940159799	0.0043459159401598	0.008691831880319599	-0.004345915940159801	-0.0043459159401598	-0.004345915940159799	0.004401097035481458	0.008658849819975424	0.9956318850248626	-0.004345920022129092	-0.004345911858190506	0.0014699767039372037
0.006518926303847626	0.013037852607695247	-0.006518926303847627	-0.006518926303847628	-0.0065189263038476246	0.006518926303847626	0.013037852607695249	-0.006518926303847627	-0.0065189263038476246	-0.006518926303847624	0.006566923885780286	0.01298984958966251	-0.006518920867747547	0.9934734111837628	-0.006511263791458555	0.0022293208469947295
0.01303774800711117	0.02607549601422233	-0.01303774800711117	-0.013037748007111173	-0.013037748007111162	0.01303774800711117	0.026075496014222325	-0.013037748007111171	-0.013037748007111166	-0.013037748007111162	0.013133742900859205	0.025979490248285376	-0.013037737134922242	-0.013022446547040156	0.9869469505328178	0.004458600041651481
-0.006456462044368918	-0.01291292408873783	0.006456462044368917	0.006456462044368918	0.006456462044368916	-0.006456462044368918	-0.012912924088737832	0.006456462044368918	0.006456462044368916	0.006456462044368916	-0.24459057664155598	0.2252839680817454	0.006393684471072764	0.006469514247173271	0.006443409841564554	0.7425308056311234