0.9984445327395746	-0.0031109345208512225	0.0015554672604256106	0.0015554672604256102	0.001555467260425611	-0.0015554672604256112	-0.0031109345208512225	0.0015554672604256104	0.0015554672604256108	0.001555467260425611	-0.0015650177164659891	-0.003101382236982381	0.0015554654325971489	0.0015554680522630738	0.0015554664685881482	-0.0005822029083206506
-0.006221869041702443	0.9875562619165953	0.006221869041702442	0.006221869041702441	0.006221869041702443	-0.006221869041702445	-0.012443738083404888	0.0062218690417024415	0.0062218690417024415	0.006221869041702443	-0.0062600708658639564	-0.01240552894792952	0.0062218617303885955	0.006221872209052296	0.006221865874352594	-0.0023288116332826026
0.003110934520851222	0.006221869041702444	0.9968890654791486	-0.0031109345208512203	-0.003110934520851221	0.003110934520851222	0.006221869041702444	-0.0031109345208512203	-0.0031109345208512208	-0.0031109345208512216	0.0031300354329319787	0.006202764473964759	-0.0031109308651942973	-0.0031109361045261468	-0.0031109329371762965	0.0011644058166413013
0.004666401781276833	0.00933280356255367	-0.004666401781276834	0.9953335982187225	-0.004666401781276834	0.004666401781276836	0.009332803562553671	-0.004666401781276833	-0.004666401781276834	-0.004666401781276835	0.004695053149397967	0.009304146710947137	-0.004666396297791444	-0.00466640415678922	-0.0046663994057644445	0.0017466087249619526
0.009332803562553667	0.018665607125107342	-0.00933280356255367	-0.009332803562553671	0.9906671964374465	0.009332803562553673	0.018665607125107342	-0.009332803562553667	-0.009332803562553671	-0.00933280356255367	0.009390106298795938	0.01860829342189428	-0.009332792595582893	-0.009332808313578446	-0.009332798811528892	0.003493217449923907
-0.001555467260425611	-0.003110934520851222	0.0015554672604256108	0.0015554672604256106	0.001555467260425611	0.9984445327395749	-0.0031109345208512225	0.0015554672604256106	0.0015554672604256106	0.0015554672604256106	-0.0015650177164659893	-0.0031013822369823805	0.001555465432597149	0.001555468052263074	0.0015554664685881487	-0.0005822029083206508
-0.006221869041702444	-0.012443738083404888	0.006221869041702442	0.0062218690417024415	0.006221869041702444	-0.006221869041702442	0.9875562619165954	0.006221869041702442	0.006221869041702443	0.006221869041702444	-0.0062600708658639564	-0.01240552894792952	0.006221861730388595	0.006221872209052296	0.006221865874352593	-0.002328811633282603
0.003110934520851222	0.006221869041702444	-0.0031109345208512216	-0.0031109345208512208	-0.003110934520851222	0.003110934520851221	0.006221869041702443	0.9968890654791484	-0.0031109345208512208	-0.0031109345208512216	0.0031300354329319787	0.006202764473964759	-0.0031109308651942973	-0.0031109361045261468	-0.0031109329371762965	0.0011644058166413013
0.004666401781276832	0.009332803562553667	-0.004666401781276833	-0.004666401781276834	-0.004666401781276834	0.004666401781276834	0.00933280356255367	-0.004666401781276832	0.995333598218723	-0.004666401781276833	0.0046950531493979665	0.009304146710947137	-0.004666396297791445	-0.00466640415678922	-0.004666399405764445	0.001746608724961952
0.009332803562553666	0.01866560712510734	-0.009332803562553667	-0.00933280356255367	-0.00933280356255367	0.00933280356255367	0.018665607125107342	-0.009332803562553666	-0.009332803562553667	0.9906671964374465	0.009390106298795933	0.018608293421894278	-0.009332792595582892	-0.009332808313578439	-0.00933279881152889	0.003493217449923904
-0.0015508744569083348	-0.0031017489138166696	0.0015508744569083346	0.0015508744569083343	0.001550874456908335	-0.0015508744569083348	-0.0031017489138166704	0.0015508744569083343	0.0015508744569083346	0.0015508744569083348	0.9665607740590163	0.028776989552323103	0.0015604874748442377	0.0015506639751361995	0.0015510849386804707	-0.03449213059466294
-0.005831601392189162	-0.011663202784378325	0.005831601392189162	0.005831601392189161	0.005831601392189164	-0.005831601392189162	-0.011663202784378329	0.005831601392189162	0.005831601392189163	0.005831601392189163	0.07007804748215042	0.9124255761657916	0.005833173567679586	0.005831191594340229	0.005832011190038095	-0.06793602689515746
0.0031109344469140016	0.006221868893828004	-0.0031109344469140016	-0.0031109344469140007	-0.003110934446914002	0.003110934446914001	0.006221868893828004	-0.0031109344469140007	-0.003110934446914001	-0.0031109344469140007	0.0031493477597769673	0.00620155239165083	0.9968709687424004	-0.003110936138869576	-0.0031109327549584272	0.0011475284131207005
0.004666428204783414	0.00933285640956683	-0.004666428204783414	-0.0046664282047834136	-0.004666428204783414	0.0046664282047834136	0.009332856409566829	-0.004666428204783413	-0.004666428204783413	-0.004666428204783413	0.004695574793252176	0.009303704214945606	-0.0046664225986309555	0.9953280848889302	-0.004660941298496589	0.0017416464545861555
0.009332803503208573	0.018665607006417152	-0.009332803503208574	-0.009332803503208573	-0.009332803503208574	0.009332803503208574	0.018665607006417152	-0.009332803503208574	-0.009332803503208574	-0.009332803503208573	0.00939109654405682	0.018607302753287085	-0.009332792290926751	-0.009321839304675452	0.9906562322982587	0.003483270793864767
-0.004639153946877132	-0.009278307893754265	0.004639153946877132	0.004639153946877131	0.004639153946877132	-0.004639153946877132	-0.009278307893754266	0.004639153946877132	0.004639153946877133	0.004639153946877132	-0.1958324710893942	0.18196593004612002	0.004588233149519817	0.00464885762302106	0.004629450270733206	0.7947822784213934