0.9992399240899095	-0.0015201518201800634	0.0007600759100900317	0.0007600759100900316	0.0007600759100900313	-0.0007600759100900316	-0.0015201518201800634	0.0007600759100900316	0.0007600759100900314	0.0007600759100900315	-0.0007622026997224891	-0.001518024506873212	0.0007600753864156365	0.0007600760206679516	0.000760075799512112	-0.0003223564104621412
-0.003040303640360126	0.9939193927192791	0.0030403036403601267	0.0030403036403601267	0.0030403036403601254	-0.0030403036403601267	-0.006080607280720254	0.0030403036403601263	0.003040303640360126	0.003040303640360127	-0.0030488107988899554	-0.006072098027492847	0.0030403015456625477	0.003040304082671807	0.0030403031980484477	-0.0012894256418485642
0.0015201518201800627	0.003040303640360126	0.9984798481798198	-0.0015201518201800636	-0.001520151820180063	0.0015201518201800634	0.0030403036403601276	-0.0015201518201800632	-0.001520151820180063	-0.0015201518201800634	0.0015244053994449783	0.0030360490137464227	-0.0015201507728312732	-0.0015201520413359035	-0.0015201515990242243	0.0006447128209242823
0.002280227730270095	0.00456045546054019	-0.002280227730270095	0.9977197722697299	-0.0022802277302700945	0.0022802277302700954	0.004560455460540192	-0.0022802277302700954	-0.0022802277302700954	-0.0022802277302700954	0.0022866080991674653	0.004554073520619634	-0.002280226159246911	-0.0022802280620038556	-0.002280227398536335	0.0009670692313864238
0.004560455460540191	0.009120910921080382	-0.004560455460540191	-0.004560455460540191	0.9954395445394594	0.004560455460540191	0.009120910921080383	-0.004560455460540191	-0.004560455460540191	-0.004560455460540192	0.004573216198334933	0.00910814704123927	-0.004560452318493823	-0.004560456124007712	-0.00456045479707267	0.0019341384627728476
-0.0007600759100900316	-0.0015201518201800634	0.0007600759100900318	0.0007600759100900317	0.0007600759100900315	0.9992399240899099	-0.0015201518201800634	0.0007600759100900316	0.0007600759100900314	0.0007600759100900317	-0.0007622026997224888	-0.0015180245068732118	0.0007600753864156369	0.0007600760206679518	0.0007600757995121119	-0.0003223564104621411
-0.0030403036403601254	-0.006080607280720252	0.0030403036403601263	0.003040303640360126	0.003040303640360125	-0.003040303640360125	0.9939193927192798	0.0030403036403601263	0.003040303640360126	0.0030403036403601267	-0.0030488107988899545	-0.006072098027492845	0.0030403015456625464	0.0030403040826718066	0.0030403031980484477	-0.0012894256418485648
0.0015201518201800634	0.003040303640360127	-0.0015201518201800638	-0.0015201518201800636	-0.0015201518201800632	0.0015201518201800632	0.0030403036403601276	0.9984798481798194	-0.0015201518201800632	-0.0015201518201800636	0.0015244053994449777	0.003036049013746423	-0.0015201507728312739	-0.0015201520413359035	-0.0015201515990242236	0.0006447128209242822
0.0022802277302700954	0.004560455460540191	-0.002280227730270096	-0.0022802277302700954	-0.0022802277302700954	0.0022802277302700954	0.004560455460540191	-0.0022802277302700954	0.9977197722697294	-0.002280227730270096	0.002286608099167466	0.004554073520619634	-0.002280226159246911	-0.0022802280620038556	-0.002280227398536335	0.0009670692313864235
0.0045604554605401925	0.009120910921080385	-0.0045604554605401925	-0.0045604554605401925	-0.004560455460540192	0.004560455460540192	0.009120910921080383	-0.004560455460540191	-0.004560455460540192	0.99543954453946	0.004573216198334935	0.00910814704123927	-0.004560452318493823	-0.004560456124007712	-0.004560454797072672	0.0019341384627728473
-0.0007593510792642913	-0.0015187021585285827	0.0007593510792642914	0.0007593510792642913	0.0007593510792642912	-0.0007593510792642913	-0.0015187021585285827	0.0007593510792642913	0.0007593510792642914	0.0007593510792642913	0.9800266224053044	0.017689624639179932	0.0007650507969875255	0.0007592930445911193	0.0007594091139374639	-0.020322003445214436
-0.0029373397990478793	-0.0058746795980957585	0.0029373397990478793	0.002937339799047879	0.002937339799047878	-0.0029373397990478784	-0.0058746795980957585	0.0029373397990478784	0.0029373397990478793	0.0029373397990478784	0.040199175069386466	0.9509881064585806	0.002938038873937512	0.0029372255844051167	0.0029374540136906436	-0.040444254793776724
0.001520151810819359	0.0030403036216387186	-0.0015201518108193595	-0.0015201518108193593	-0.0015201518108193589	0.0015201518108193589	0.0030403036216387186	-0.0015201518108193589	-0.0015201518108193595	-0.001520151810819359	0.0015358131588987512	0.003035536752562461	0.9984689537101777	-0.001520152062722354	-0.0015201515589163648	0.0006343418394151169
0.0022802339409127683	0.0045604678818255365	-0.0022802339409127683	-0.0022802339409127687	-0.002280233940912768	0.002280233940912768	0.004560467881825537	-0.002280233940912768	-0.0022802339409127683	-0.0022802339409127687	0.002286763322909642	0.004553936890036895	-0.0022802323311209996	0.9977170839720516	-0.0022775518538769857	0.0009645430684622659
0.004560455455441925	0.009120910910883852	-0.004560455455441927	-0.004560455455441927	-0.004560455455441927	0.004560455455441927	0.009120910910883854	-0.004560455455441926	-0.004560455455441927	-0.004560455455441927	0.004573514202862436	0.009107848943883804	-0.004560452235862385	-0.004555092635900562	0.9954341817250169	0.001929080551397901
-0.002275961738803481	-0.004551923477606963	0.0022759617388034815	0.0022759617388034815	0.0022759617388034815	-0.002275961738803481	-0.004551923477606963	0.002275961738803481	0.0022759617388034815	0.0022759617388034815	-0.11748868316302408	0.11069197208266207	0.0022447876027550952	0.002280976680742518	0.002270946796864444	0.879029323860967