0.997888664314113	-0.004222671371774326	0.0021113356858871624	0.002111335685887162	0.002111335685887162	-0.0021113356858871615	-0.004222671371774324	0.0021113356858871624	0.0021113356858871624	0.0021113356858871624	-0.002126506084833376	-0.004207499132454562	0.002111333845513618	0.0021113374874705154	0.0021113338843038077	-0.0007305075289967932
-0.008445342743548653	0.9831093145129028	0.008445342743548655	0.008445342743548653	0.008445342743548651	-0.00844534274354865	-0.016890685487097306	0.008445342743548655	0.008445342743548653	0.008445342743548653	-0.008506024339333507	-0.016829996529818248	0.00844533538205447	0.008445349949882061	0.00844533553721523	-0.002922030115987174
0.004222671371774326	0.008445342743548651	0.9957773286282263	-0.004222671371774328	-0.004222671371774327	0.0042226713717743265	0.008445342743548655	-0.004222671371774327	-0.004222671371774327	-0.004222671371774327	0.004253012169666754	0.00841499826490913	-0.0042226676910272366	-0.004222674974941032	-0.004222667768607617	0.0014610150579935867
0.006334007057661482	0.012668014115322963	-0.006334007057661486	0.9936659929423385	-0.006334007057661482	0.006334007057661484	0.012668014115322968	-0.006334007057661486	-0.006334007057661486	-0.006334007057661485	0.006379518254500132	0.012622497397363694	-0.006334001536540848	-0.00633401246241155	-0.00633400165291142	0.00219152258699038
0.012668014115322968	0.025336028230645933	-0.012668014115322973	-0.012668014115322968	0.9873319858846767	0.01266801411532297	0.02533602823064594	-0.012668014115322973	-0.012668014115322972	-0.012668014115322972	0.012759036509000263	0.025244994794727384	-0.012668003073081703	-0.012668024924823102	-0.012668003305822843	0.0043830451739807616
-0.002111335685887162	-0.004222671371774324	0.002111335685887162	0.0021113356858871615	0.002111335685887161	0.9978886643141125	-0.004222671371774324	0.0021113356858871624	0.002111335685887162	0.002111335685887162	-0.0021265060848333754	-0.004207499132454563	0.002111333845513618	0.002111337487470515	0.002111333884303807	-0.000730507528996793
-0.008445342743548653	-0.016890685487097306	0.008445342743548653	0.008445342743548651	0.008445342743548648	-0.008445342743548648	0.9831093145129025	0.008445342743548651	0.00844534274354865	0.008445342743548651	-0.008506024339333507	-0.01682999652981825	0.008445335382054471	0.008445349949882067	0.00844533553721523	-0.002922030115987173
0.004222671371774328	0.008445342743548656	-0.004222671371774328	-0.004222671371774327	-0.0042226713717743265	0.0042226713717743265	0.008445342743548653	0.995777328628226	-0.0042226713717743265	-0.004222671371774326	0.004253012169666754	0.00841499826490913	-0.004222667691027235	-0.004222674974941034	-0.004222667768607617	0.0014610150579935867
0.006334007057661484	0.012668014115322966	-0.006334007057661487	-0.006334007057661484	-0.006334007057661486	0.006334007057661486	0.012668014115322972	-0.0063340070576614884	0.9936659929423387	-0.006334007057661488	0.006379518254500133	0.012622497397363696	-0.0063340015365408505	-0.006334012462411552	-0.006334001652911421	0.0021915225869903808
0.012668014115322968	0.025336028230645933	-0.012668014115322973	-0.012668014115322968	-0.012668014115322972	0.012668014115322972	0.025336028230645943	-0.012668014115322977	-0.012668014115322973	0.9873319858846774	0.012759036509000262	0.02524499479472739	-0.012668003073081701	-0.012668024924823102	-0.01266800330582284	0.004383045173980763
-0.002101555865552281	-0.004203111731104562	0.0021015558655522806	0.0021015558655522806	0.0021015558655522806	-0.00210155586555228	-0.004203111731104562	0.0021015558655522806	0.0021015558655522806	0.00210155586555228	0.9589170148133774	0.03476676189959973	0.0021131115559184202	0.0021011981266203066	0.002101913604484254	-0.04245829420906955
-0.007761283888258313	-0.015522567776516626	0.007761283888258313	0.007761283888258313	0.007761283888258311	-0.007761283888258308	-0.015522567776516621	0.0077612838882583106	0.007761283888258311	0.0077612838882583106	0.08669561876571177	0.8900187001942959	0.007763113263475785	0.007760590942245154	0.0077619768342714664	-0.0833152472949722
0.004222671252672339	0.008445342505344679	-0.0042226712526723395	-0.004222671252672339	-0.004222671252672338	0.004222671252672338	0.008445342505344676	-0.004222671252672338	-0.004222671252672338	-0.004222671252672338	0.004276371651559291	0.008413473007337234	0.9957554978464482	-0.004222675037155731	-0.004222667468188944	0.0014406322117161263
0.006334056289581865	0.012668112579163726	-0.006334056289581866	-0.006334056289581863	-0.006334056289581864	0.006334056289581864	0.01266811257916373	-0.006334056289581865	-0.006334056289581865	-0.006334056289581866	0.00638038242228023	0.012621780729287671	-0.006334050572404172	0.9936584982080201	-0.006326610787184103	0.0021849402099942206
0.012668013955852845	0.025336027911705687	-0.012668013955852849	-0.012668013955852845	-0.012668013955852845	0.012668013955852844	0.02533602791170569	-0.012668013955852849	-0.012668013955852847	-0.012668013955852849	0.012760665963038417	0.025243364470180236	-0.012668002521512947	-0.012653144772694075	0.9873171168609886	0.004369840960988587
-0.006275865272498349	-0.012551730544996698	0.006275865272498352	0.0062758652724983505	0.006275865272498351	-0.0062758652724983505	-0.012551730544996698	0.006275865272498352	0.006275865272498352	0.006275865272498354	-0.23998811968668113	0.22122219304967	0.006214196092014576	0.006288593413285792	0.0062631371317109115	0.7474265838448871