0.9985349847954706	-0.0029300304090577162	0.001465015204528858	0.001465015204528858	0.0014650152045288577	-0.001465015204528858	-0.002930030409057716	0.0014650152045288581	0.0014650152045288575	0.0014650152045288577	-0.001473600010138209	-0.002921443889025223	0.0014650134901057147	0.0014650158777841874	0.0014650145312735275	-0.0005556020032187426
-0.005860060818115433	0.9882798783637692	0.005860060818115433	0.005860060818115433	0.0058600608181154324	-0.0058600608181154324	-0.011720121636230868	0.005860060818115435	0.0058600608181154324	0.005860060818115434	-0.005894400040552838	-0.011685775556100897	0.0058600539604228615	0.0058600635111367505	0.0058600581250941135	-0.0022224080128749706
0.0029300304090577167	0.0058600608181154324	0.9970699695909421	-0.0029300304090577167	-0.0029300304090577162	0.0029300304090577162	0.005860060818115433	-0.002930030409057717	-0.0029300304090577162	-0.0029300304090577167	0.002947200020276417	0.005842887778050445	-0.0029300269802114303	-0.0029300317555683753	-0.0029300290625470554	0.0011112040064374853
0.004395045613586572	0.008790091227173145	-0.004395045613586574	0.995604954386413	-0.004395045613586572	0.004395045613586572	0.008790091227173145	-0.004395045613586574	-0.004395045613586572	-0.004395045613586573	0.0044208000304146264	0.008764331667075671	-0.004395040470317147	-0.004395047633352564	-0.004395043593820583	0.0016668060096562275
0.008790091227173152	0.017580182454346303	-0.008790091227173153	-0.008790091227173152	0.9912099087728264	0.008790091227173148	0.0175801824543463	-0.008790091227173153	-0.00879009122717315	-0.008790091227173152	0.008841600060829255	0.017528663334151345	-0.008790080940634295	-0.008790095266705128	-0.008790087187641167	0.0033336120193124554
-0.0014650152045288575	-0.002930030409057715	0.001465015204528857	0.001465015204528857	0.0014650152045288572	0.9985349847954709	-0.0029300304090577154	0.0014650152045288581	0.0014650152045288572	0.0014650152045288577	-0.0014736000101382085	-0.0029214438890252225	0.001465013490105715	0.001465015877784187	0.0014650145312735273	-0.0005556020032187423
-0.005860060818115435	-0.01172012163623087	0.005860060818115433	0.005860060818115433	0.005860060818115434	-0.005860060818115433	0.9882798783637688	0.005860060818115434	0.005860060818115432	0.005860060818115433	-0.005894400040552837	-0.011685775556100895	0.005860053960422864	0.0058600635111367505	0.005860058125094113	-0.0022224080128749706
0.0029300304090577154	0.005860060818115431	-0.002930030409057715	-0.002930030409057715	-0.002930030409057715	0.002930030409057715	0.005860060818115431	0.9970699695909426	-0.002930030409057716	-0.0029300304090577167	0.0029472000202764178	0.005842887778050448	-0.0029300269802114308	-0.0029300317555683757	-0.002930029062547056	0.0011112040064374853
0.004395045613586572	0.008790091227173145	-0.004395045613586573	-0.004395045613586572	-0.004395045613586572	0.0043950456135865715	0.008790091227173143	-0.004395045613586574	0.9956049543864129	-0.004395045613586573	0.0044208000304146264	0.00876433166707567	-0.004395040470317148	-0.004395047633352565	-0.004395043593820583	0.0016668060096562275
0.00879009122717315	0.0175801824543463	-0.008790091227173152	-0.00879009122717315	-0.00879009122717315	0.008790091227173148	0.017580182454346296	-0.008790091227173152	-0.008790091227173152	0.991209908772827	0.008841600060829255	0.017528663334151345	-0.008790080940634295	-0.00879009526670513	-0.008790087187641168	0.0033336120193124567
-0.001461061984060486	-0.0029221239681209714	0.0014610619840604857	0.0014610619840604857	0.0014610619840604853	-0.0014610619840604853	-0.002922123968120971	0.001461061984060486	0.0014610619840604855	0.0014610619840604855	0.9679033547376138	0.02770421694875826	0.0014703043455075674	0.0014608725463279516	0.00146125142179302	-0.03308061121724348
-0.005510565304755274	-0.01102113060951055	0.005510565304755275	0.005510565304755274	0.005510565304755274	-0.005510565304755275	-0.011021130609510552	0.005510565304755277	0.005510565304755275	0.005510565304755274	0.06709907951516476	0.9163677263370029	0.005512063538322058	0.005510196111074372	0.005510934498436178	-0.06520989721865911
0.002930030344680678	0.0058600606893613565	-0.0029300303446806782	-0.0029300303446806782	-0.0029300303446806782	0.0029300303446806782	0.0058600606893613565	-0.002930030344680679	-0.002930030344680678	-0.002930030344680678	0.0029657550417859545	0.005841742438761378	0.9970525632088141	-0.002930031788920455	-0.0029300289004408992	0.0010949554654928208
0.00439506901099673	0.00879013802199346	-0.004395069010996731	-0.004395069010996731	-0.00439506901099673	0.00439506901099673	0.008790138021993464	-0.004395069010996734	-0.004395069010996732	-0.004395069010996731	0.004421272353969499	0.008763929423979928	-0.0043950637559559665	0.9955997629351738	-0.004389900957167376	0.0016621132773822806
0.008790091178461523	0.017580182356923046	-0.008790091178461525	-0.008790091178461523	-0.008790091178461523	0.008790091178461521	0.01758018235692305	-0.008790091178461527	-0.008790091178461525	-0.008790091178461523	0.008842497747382624	0.017527765277941625	-0.008790080668401203	-0.008779763249527912	0.9911995808926045	0.003324206827510926
-0.0043716034505584065	-0.008743206901116813	0.0043716034505584065	0.0043716034505584065	0.004371603450558404	-0.004371603450558404	-0.008743206901116811	0.004371603450558407	0.0043716034505584065	0.0043716034505584065	-0.18805536446634785	0.17498955561832125	0.004322601946909721	0.004380796766492536	0.004362410134624273	0.803172220738714