0.9991839234370901	-0.001632153125820422	0.000816076562910211	0.0008160765629102105	0.000816076562910211	-0.0008160765629102111	-0.0016321531258204223	0.0008160765629102108	0.0008160765629102106	0.0008160765629102113	-0.0008185900676675832	-0.0016296390092037985	0.0008160759510509598	0.0008160766977614856	0.0008160764280589361	-0.00034273714616453124
-0.003264306251640843	0.9934713874967187	0.0032643062516408434	0.003264306251640842	0.0032643062516408434	-0.003264306251640844	-0.0065286125032816885	0.0032643062516408425	0.0032643062516408416	0.003264306251640844	-0.0032743602706703334	-0.006518556036815195	0.0032643038042038395	0.0032643067910459434	0.0032643057122357442	-0.0013709485846581252
0.0016321531258204213	0.003264306251640843	0.99836784687418	-0.0016321531258204215	-0.0016321531258204221	0.0016321531258204223	0.003264306251640845	-0.001632153125820422	-0.0016321531258204215	-0.0016321531258204223	0.0016371801353351667	0.003259278018407599	-0.0016321519021019195	-0.0016321533955229713	-0.001632152856117872	0.0006854742923290623
0.002448229688730633	0.004896459377461266	-0.002448229688730633	0.9975517703112691	-0.002448229688730633	0.002448229688730633	0.004896459377461266	-0.002448229688730632	-0.002448229688730632	-0.0024482296887306334	0.00245577020300275	0.004888917027611396	-0.0024482278531528794	-0.002448230093284458	-0.0024482292841768076	0.0010282114384935928
0.004896459377461265	0.009792918754922532	-0.004896459377461265	-0.004896459377461264	0.995103540622539	0.004896459377461268	0.009792918754922534	-0.004896459377461264	-0.004896459377461264	-0.004896459377461268	0.004911540406005501	0.009777834055222792	-0.00489645570630576	-0.004896460186568915	-0.004896458568353616	0.002056422876987187
-0.0008160765629102111	-0.0016321531258204223	0.0008160765629102111	0.0008160765629102111	0.0008160765629102112	0.9991839234370902	-0.0016321531258204228	0.000816076562910211	0.0008160765629102107	0.0008160765629102114	-0.0008185900676675835	-0.0016296390092037998	0.00081607595105096	0.0008160766977614861	0.0008160764280589363	-0.0003427371461645313
-0.003264306251640844	-0.006528612503281689	0.003264306251640844	0.003264306251640844	0.0032643062516408443	-0.0032643062516408443	0.9934713874967188	0.003264306251640844	0.0032643062516408425	0.0032643062516408443	-0.003274360270670334	-0.006518556036815197	0.0032643038042038395	0.0032643067910459443	0.003264305712235745	-0.0013709485846581247
0.0016321531258204213	0.003264306251640843	-0.0016321531258204213	-0.0016321531258204213	-0.0016321531258204215	0.0016321531258204215	0.0032643062516408434	0.9983678468741795	-0.001632153125820421	-0.001632153125820422	0.0016371801353351663	0.0032592780184075984	-0.0016321519021019195	-0.001632153395522972	-0.0016321528561178717	0.000685474292329062
0.0024482296887306334	0.004896459377461267	-0.0024482296887306334	-0.002448229688730633	-0.0024482296887306334	0.0024482296887306334	0.004896459377461267	-0.002448229688730633	0.9975517703112688	-0.0024482296887306334	0.0024557702030027495	0.004888917027611395	-0.0024482278531528802	-0.0024482300932844583	-0.002448229284176807	0.0010282114384935932
0.004896459377461264	0.00979291875492253	-0.004896459377461264	-0.004896459377461263	-0.004896459377461264	0.004896459377461265	0.009792918754922528	-0.004896459377461263	-0.004896459377461263	0.9951035406225391	0.004911540406005501	0.009777834055222789	-0.004896455706305759	-0.004896460186568917	-0.004896458568353615	0.002056422876987186
-0.0008152012398191819	-0.001630402479638364	0.0008152012398191818	0.0008152012398191818	0.000815201239819182	-0.0008152012398191821	-0.0016304024796383642	0.0008152012398191819	0.0008152012398191819	0.0008152012398191822	0.9789173957172969	0.018630970613078234	0.0008212311899868879	0.0008151351043296983	0.0008152673753086661	-0.021483282188559275
-0.0031466032623523005	-0.006293206524704602	0.003146603262352301	0.0031466032623523005	0.003146603262352301	-0.0031466032623523013	-0.006293206524704603	0.0031466032623523005	0.0031466032623523005	0.0031466032623523013	0.04262200259502551	0.9479374163449293	0.0031473745353410177	0.0031464732253422864	0.003146733299362315	-0.04271279235013709
0.0016321531140026612	0.0032643062280053228	-0.0016321531140026612	-0.0016321531140026612	-0.0016321531140026616	0.0016321531140026616	0.003264306228005323	-0.0016321531140026612	-0.001632153114002661	-0.0016321531140026614	0.0016492504061005656	0.0032587115605228587	0.9983563442613819	-0.0016321534186579717	-0.001632152809347351	0.0006745508529011459
0.0024482368561502587	0.004896473712300518	-0.0024482368561502587	-0.002448236856150258	-0.0024482368561502587	0.0024482368561502587	0.004896473712300516	-0.0024482368561502574	-0.002448236856150257	-0.0024482368561502582	0.0024559457999082357	0.004888762889310626	-0.0024482349769183454	0.9975488835154032	-0.0024453572277035474	0.0010255083094346622
0.004896459370898059	0.00979291874179612	-0.004896459370898059	-0.004896459370898059	-0.00489645937089806	0.004896459370898061	0.009792918741796119	-0.004896459370898059	-0.004896459370898059	-0.004896459370898061	0.004911877237529709	0.009777497116705615	-0.004896455612439201	-0.004890701763950714	0.9950977830221542	0.0020510102102062233
-0.0024430724763366035	-0.004886144952673208	0.002443072476336603	0.0024430724763366027	0.0024430724763366035	-0.0024430724763366035	-0.004886144952673206	0.0024430724763366027	0.0024430724763366027	0.0024430724763366035	-0.12397126912325881	0.11667489418294397	0.002410229987641623	0.002448433673343787	0.0024377112793294176	0.8721223667505998