0.9993591349182909	-0.001281730163417559	0.0006408650817087796	0.0006408650817087798	0.0006408650817087798	-0.0006408650817087799	-0.0012817301634175592	0.0006408650817087798	0.0006408650817087799	0.00064086508170878	-0.0006422727296703112	-0.0012803221609772293	0.0006408647272299827	0.0006408651502052911	0.0006408650132122674	-0.0002777295190024844
-0.0025634603268351193	0.9948730793463295	0.002563460326835118	0.002563460326835118	0.002563460326835119	-0.002563460326835119	-0.005126920653670237	0.002563460326835119	0.002563460326835119	0.0025634603268351198	-0.0025690909186812435	-0.00512128864390892	0.0025634589089199304	0.002563460600821166	0.002563460052849069	-0.0011109180760099377
0.0012817301634175595	0.0025634603268351185	0.9987182698365827	-0.0012817301634175588	-0.001281730163417559	0.001281730163417559	0.0025634603268351176	-0.001281730163417559	-0.001281730163417559	-0.0012817301634175595	0.001284545459340622	0.00256064432195446	-0.001281729454459965	-0.0012817303004105827	-0.0012817300264245347	0.000555459038004969
0.001922595245126339	0.003845190490252678	-0.0019225952451263387	0.9980774047548737	-0.0019225952451263385	0.0019225952451263385	0.0038451904902526766	-0.001922595245126338	-0.0019225952451263383	-0.0019225952451263387	0.0019268181890109333	0.0038409664829316915	-0.0019225941816899477	-0.0019225954506158732	-0.0019225950396368032	0.0008331885570074534
0.003845190490252679	0.007690380980505358	-0.003845190490252679	-0.0038451904902526784	0.9961548095097477	0.003845190490252679	0.007690380980505357	-0.003845190490252678	-0.0038451904902526775	-0.0038451904902526784	0.0038536363780218674	0.007681932965863383	-0.003845188363379896	-0.0038451909012317464	-0.0038451900792736073	0.0016663771140149075
-0.0006408650817087798	-0.0012817301634175592	0.0006408650817087795	0.0006408650817087795	0.0006408650817087796	0.9993591349182911	-0.0012817301634175588	0.0006408650817087795	0.0006408650817087794	0.0006408650817087795	-0.0006422727296703109	-0.0012803221609772298	0.0006408647272299823	0.0006408651502052911	0.0006408650132122674	-0.00027772951900248443
-0.002563460326835119	-0.005126920653670237	0.002563460326835118	0.002563460326835118	0.0025634603268351185	-0.0025634603268351185	0.9948730793463295	0.002563460326835119	0.0025634603268351198	0.0025634603268351198	-0.0025690909186812444	-0.00512128864390892	0.0025634589089199304	0.0025634606008211663	0.0025634600528490715	-0.0011109180760099382
0.0012817301634175595	0.0025634603268351185	-0.001281730163417559	-0.001281730163417559	-0.0012817301634175592	0.0012817301634175592	0.0025634603268351185	0.9987182698365826	-0.0012817301634175592	-0.0012817301634175595	0.0012845454593406217	0.0025606443219544596	-0.0012817294544599648	-0.0012817303004105832	-0.001281730026424535	0.0005554590380049688
0.001922595245126339	0.003845190490252678	-0.0019225952451263385	-0.0019225952451263383	-0.001922595245126339	0.001922595245126339	0.003845190490252678	-0.001922595245126339	0.9980774047548738	-0.0019225952451263385	0.0019268181890109328	0.0038409664829316906	-0.0019225941816899477	-0.0019225954506158732	-0.0019225950396368034	0.0008331885570074533
0.003845190490252679	0.007690380980505358	-0.003845190490252679	-0.003845190490252678	-0.0038451904902526792	0.003845190490252679	0.0076903809805053585	-0.0038451904902526792	-0.003845190490252679	0.9961548095097477	0.0038536363780218665	0.007681932965863381	-0.0038451883633798954	-0.0038451909012317464	-0.0038451900792736064	0.0016663771140149072
-0.0006404062269941387	-0.0012808124539882772	0.0006404062269941387	0.0006404062269941387	0.0006404062269941389	-0.0006404062269941387	-0.0012808124539882774	0.0006404062269941387	0.0006404062269941387	0.0006404062269941387	0.98250592710423	0.01556789096301325	0.0006453694787681588	0.0006403639096029733	0.0006404485443853039	-0.017735924962253
-0.0024888802906069944	-0.004977760581213989	0.0024888802906069944	0.002488880290606994	0.002488880290606995	-0.002488880290606995	-0.004977760581213991	0.0024888802906069957	0.0024888802906069957	0.0024888802906069957	0.0348401568724213	0.9576926562590793	0.002489426287285476	0.002488796835844895	0.0024889637453690953	-0.035378218758996945
0.001281730158148747	0.002563460316297494	-0.0012817301581487472	-0.001281730158148747	-0.0012817301581487474	0.0012817301581487474	0.0025634603162974956	-0.0012817301581487478	-0.0012817301581487478	-0.001281730158148748	0.0012944769239566895	0.0025602460246837164	0.9987087373676572	-0.0012817303176851278	-0.0012817299986123663	0.0005463329026207341
0.0019225996500486385	0.003845199300097276	-0.001922599650048638	-0.0019225996500486378	-0.001922599650048638	0.001922599650048638	0.003845199300097276	-0.001922599650048638	-0.0019225996500486378	-0.0019225996500486385	0.0019269332963588472	0.0038408645613094046	-0.0019225985575709763	0.9980751388063145	-0.0019203381064121156	0.000831042450906486
0.0038451904874914106	0.007690380974982821	-0.0038451904874914106	-0.00384519048749141	-0.0038451904874914115	0.0038451904874914106	0.007690380974982821	-0.003845190487491411	-0.003845190487491411	-0.0038451904874914106	0.0038538577707223957	0.007681711506798839	-0.003845188302538414	-0.003840668241904718	0.9961502872669217	0.001662080888633615
-0.0019199024426712163	-0.0038398048853424322	0.0019199024426712163	0.001919902442671216	0.0019199024426712165	-0.0019199024426712161	-0.0038398048853424322	0.0019199024426712161	0.0019199024426712157	0.0019199024426712161	-0.10298073629064437	0.09724844816724401	0.0018924832380578934	0.001924170988570266	0.001915633896772166	0.8944128266464303