0.9989056480534131	-0.0021887038931736338	0.001094351946586817	0.001094351946586817	0.0010943519465868167	-0.0010943519465868173	-0.002188703893173634	0.001094351946586817	0.0010943519465868175	0.0010943519465868169	-0.0010991810545703602	-0.0021838736862850572	0.001094350847681784	0.0010943522502999846	0.0010943516428736485	-0.00043899574373467266
-0.0043774077863472675	0.9912451844273054	0.004377407786347268	0.004377407786347269	0.004377407786347267	-0.004377407786347269	-0.008754815572694535	0.004377407786347268	0.004377407786347269	0.004377407786347267	-0.0043967242182814436	-0.008735494745140227	0.004377403390727135	0.004377409001199939	0.004377406571494597	-0.001755982974938691
0.002188703893173634	0.004377407786347268	0.9978112961068266	-0.0021887038931736346	-0.0021887038931736333	0.0021887038931736346	0.004377407786347268	-0.002188703893173634	-0.002188703893173635	-0.0021887038931736338	0.0021983621091407218	0.004367747372570114	-0.002188701695363568	-0.0021887045005999695	-0.0021887032857472984	0.0008779914874693452
0.003283055839760451	0.0065661116795209026	-0.003283055839760451	0.9967169441602397	-0.0032830558397604513	0.0032830558397604517	0.0065661116795209026	-0.003283055839760452	-0.0032830558397604517	-0.0032830558397604513	0.0032975431637110846	0.006551621058855175	-0.0032830525430453538	-0.003283056750899954	-0.0032830549286209485	0.0013169872312040177
0.0065661116795209	0.013132223359041802	-0.0065661116795209	-0.0065661116795209	0.993433888320479	0.0065661116795209026	0.013132223359041803	-0.0065661116795209026	-0.0065661116795209026	-0.006566111679520902	0.00659508632742217	0.01310324211771035	-0.006566105086090704	-0.006566113501799909	-0.006566109857241896	0.002633974462408036
-0.0010943519465868175	-0.002188703893173635	0.0010943519465868173	0.0010943519465868177	0.0010943519465868173	0.9989056480534132	-0.0021887038931736346	0.0010943519465868173	0.0010943519465868177	0.0010943519465868173	-0.001099181054570361	-0.002183873686285057	0.001094350847681784	0.0010943522502999841	0.0010943516428736492	-0.0004389957437346728
-0.004377407786347269	-0.008754815572694538	0.004377407786347268	0.00437740778634727	0.004377407786347268	-0.00437740778634727	0.9912451844273052	0.004377407786347269	0.004377407786347271	0.0043774077863472675	-0.0043967242182814436	-0.008735494745140229	0.004377403390727136	0.004377409001199939	0.004377406571494595	-0.0017559829749386907
0.002188703893173635	0.00437740778634727	-0.0021887038931736346	-0.0021887038931736355	-0.0021887038931736346	0.0021887038931736355	0.00437740778634727	0.9978112961068268	-0.002188703893173635	-0.002188703893173634	0.0021983621091407226	0.004367747372570115	-0.002188701695363569	-0.002188704500599969	-0.002188703285747299	0.0008779914874693458
0.0032830558397604513	0.006566111679520903	-0.0032830558397604513	-0.0032830558397604513	-0.0032830558397604513	0.0032830558397604517	0.0065661116795209026	-0.003283055839760452	0.99671694416024	-0.003283055839760451	0.0032975431637110846	0.006551621058855173	-0.003283052543045353	-0.003283056750899954	-0.003283054928620948	0.001316987231204018
0.0065661116795209026	0.013132223359041807	-0.0065661116795209026	-0.0065661116795209026	-0.0065661116795209026	0.006566111679520903	0.013132223359041805	-0.006566111679520904	-0.0065661116795209026	0.9934338883204792	0.00659508632742217	0.013103242117710348	-0.006566105086090706	-0.0065661135017999065	-0.006566109857241895	0.0026339744624080366
-0.0010924686401400125	-0.002184937280280025	0.0010924686401400123	0.0010924686401400125	0.001092468640140012	-0.0010924686401400125	-0.002184937280280025	0.0010924686401400125	0.0010924686401400125	0.0010924686401400123	0.9738371191101157	0.02287793831824634	0.0011000052913582815	0.0010923559427044225	0.0010925813375756018	-0.02682591518633131
-0.0041737130747692905	-0.008347426149538581	0.00417371307476929	0.0041737130747692905	0.00417371307476929	-0.0041737130747692905	-0.008347426149538581	0.004173713074769291	0.004173713074769291	0.0041737130747692905	0.05386311939099668	0.9336146246252758	0.004174829834188722	0.004173492413964625	0.004173933735573954	-0.05310626473952444
0.002188703863800589	0.004377407727601178	-0.0021887038638005885	-0.002188703863800589	-0.0021887038638005885	0.002188703863800589	0.004377407727601177	-0.002188703863800589	-0.0021887038638005885	-0.002188703863800588	0.0022134618779597473	0.004366915959623107	0.997797029890018	-0.0021887045301193318	-0.0021887031974818466	0.0008645749119978714
0.0032830687995781416	0.006566137599156283	-0.003283068799578141	-0.003283068799578141	-0.0032830687995781416	0.0032830687995781416	0.006566137599156282	-0.003283068799578142	-0.0032830687995781416	-0.0032830687995781416	0.003297833076068673	0.006551369955450906	-0.0032830654323633005	0.9967130700930942	-0.0032792076922504407	0.0013134180536483854
0.006566111661276791	0.013132223322553585	-0.0065661116612767915	-0.0065661116612767915	-0.0065661116612767915	0.006566111661276791	0.013132223322553583	-0.006566111661276792	-0.00656611166127679	-0.0065661116612767915	0.006595640162318595	0.013102688087093424	-0.006566104926858435	-0.006558393147572169	0.9934261698250184	0.0026268248258633766
-0.003271918787328577	-0.0065438375746571555	0.0032719187873285777	0.0032719187873285773	0.0032719187873285777	-0.0032719187873285777	-0.0065438375746571555	0.0032719187873285777	0.0032719187873285777	0.0032719187873285777	-0.15359473690166184	0.14381936928505673	0.0032315300419478274	0.0032789620243269583	0.003264875550330196	0.8403532528817298