0.9978089151477502	-0.004382169704500116	0.002191084852250057	0.002191084852250057	0.002191084852250057	-0.002191084852250057	-0.0043821697045001145	0.002191084852250056	0.002191084852250056	0.0021910848522500572	-0.0022069551158410473	-0.004366297730126329	0.0021910831414672597	0.002191086841883524	0.00219108286261659	-0.000749668266265204
-0.008764339409000232	0.9824713211819993	0.008764339409000226	0.008764339409000227	0.008764339409000229	-0.008764339409000226	-0.017528678818000458	0.008764339409000226	0.008764339409000226	0.00876433940900023	-0.008827820463364187	-0.017465190920505323	0.008764332565869039	0.008764347367534092	0.00876433145046636	-0.002998673065060815
0.004382169704500115	0.00876433940900023	0.9956178302954998	-0.0043821697045001145	-0.0043821697045001145	0.0043821697045001145	0.00876433940900023	-0.004382169704500113	-0.004382169704500113	-0.004382169704500115	0.004413910231682092	0.008732595460252656	-0.004382166282934517	-0.004382173683767045	-0.00438216572523318	0.0014993365325304078
0.006573254556750173	0.013146509113500345	-0.006573254556750169	0.9934267454432499	-0.00657325455675017	0.006573254556750171	0.013146509113500342	-0.006573254556750169	-0.006573254556750171	-0.006573254556750172	0.006620865347523135	0.01309889319037898	-0.006573249424401777	-0.006573260525650573	-0.006573248587849769	0.002249004798795612
0.013146509113500343	0.026293018227000687	-0.013146509113500335	-0.013146509113500338	0.9868534908864993	0.013146509113500342	0.026293018227000683	-0.013146509113500338	-0.01314650911350034	-0.013146509113500343	0.013241730695046269	0.026197786380757964	-0.013146498848803558	-0.01314652105130114	-0.013146497175699543	0.004498009597591223
-0.0021910848522500572	-0.0043821697045001145	0.002191084852250056	0.002191084852250056	0.0021910848522500572	0.9978089151477499	-0.004382169704500114	0.002191084852250056	0.0021910848522500555	0.002191084852250057	-0.002206955115841046	-0.004366297730126328	0.0021910831414672593	0.0021910868418835235	0.0021910828626165897	-0.0007496682662652039
-0.008764339409000229	-0.017528678818000458	0.008764339409000224	0.008764339409000224	0.008764339409000229	-0.008764339409000227	0.9824713211819992	0.008764339409000226	0.008764339409000226	0.00876433940900023	-0.008827820463364186	-0.017465190920505316	0.008764332565869034	0.008764347367534092	0.00876433145046636	-0.0029986730650608147
0.004382169704500115	0.00876433940900023	-0.004382169704500113	-0.004382169704500113	-0.004382169704500115	0.0043821697045001145	0.00876433940900023	0.9956178302954996	-0.004382169704500112	-0.0043821697045001145	0.004413910231682092	0.008732595460252656	-0.004382166282934517	-0.004382173683767047	-0.004382165725233181	0.0014993365325304073
0.006573254556750173	0.013146509113500345	-0.006573254556750168	-0.00657325455675017	-0.006573254556750172	0.006573254556750172	0.013146509113500345	-0.006573254556750171	0.9934267454432494	-0.006573254556750173	0.006620865347523135	0.01309889319037898	-0.006573249424401779	-0.006573260525650571	-0.006573248587849771	0.0022490047987956114
0.013146509113500345	0.02629301822700069	-0.013146509113500337	-0.01314650911350034	-0.013146509113500343	0.013146509113500343	0.026293018227000687	-0.013146509113500342	-0.013146509113500343	0.9868534908864998	0.013241730695046272	0.02619778638075796	-0.01314649884880356	-0.013146521051301145	-0.013146497175699547	0.004498009597591225
-0.002180372071183289	-0.004360744142366579	0.0021803720711832883	0.0021803720711832883	0.002180372071183289	-0.0021803720711832883	-0.004360744142366578	0.0021803720711832883	0.0021803720711832887	0.002180372071183289	0.9578850319484284	0.03556206011779632	0.002192163791408252	0.0021799908334301787	0.002180753308936399	-0.04352196432157296
-0.00803210721519824	-0.016064214430396483	0.00803210721519824	0.008032107215198236	0.00803210721519824	-0.008032107215198236	-0.016064214430396476	0.008032107215198236	0.008032107215198236	0.008032107215198238	0.08888134391696927	0.887020497385481	0.008033944267152818	0.0080313692028442	0.008032845227552274	-0.08536969157363382
0.004382169583826862	0.008764339167653724	-0.004382169583826859	-0.004382169583826859	-0.00438216958382686	0.004382169583826859	0.00876433916765372	-0.004382169583826858	-0.004382169583826859	-0.004382169583826861	0.004437775762326756	0.008731038802597117	0.9955955246027299	-0.004382173755966688	-0.004382165411687036	0.0014784888015163776
0.006573307663914198	0.013146615327828397	-0.006573307663914195	-0.006573307663914197	-0.0065733076639141975	0.0065733076639141975	0.013146615327828395	-0.006573307663914196	-0.0065733076639141975	-0.006573307663914199	0.006621784173334459	0.01309813347858701	-0.006573302324093073	0.993418965993273	-0.006565581321101598	0.002242194919142429
0.013146508933968439	0.026293017867936877	-0.013146508933968432	-0.013146508933968437	-0.013146508933968437	0.013146508933968439	0.02629301786793688	-0.013146508933968437	-0.013146508933968439	-0.013146508933968442	0.013243461679332259	0.026196054442940618	-0.013146498254335998	-0.013131080341647169	0.9868380624737106	0.004484347530905998
-0.0065095522880562	-0.0130191045761124	0.006509552288056194	0.006509552288056199	0.006509552288056198	-0.006509552288056199	-0.013019104576112401	0.006509552288056194	0.006509552288056197	0.0065095522880562005	-0.2459357948114142	0.22647023916488213	0.006446451070419642	0.006522699408273526	0.006496405167838875	0.7411015602738336