0.9985982897329897	-0.0028034205340210965	0.0014017102670105485	0.0014017102670105482	0.001401710267010548	-0.0014017102670105491	-0.002803420534021098	0.001401710267010549	0.0014017102670105487	0.0014017102670105485	-0.0014096241965997555	-0.0027955049810361628	0.0014017086436148222	0.0014017108642095436	0.0014017096698115527	-0.0005365624640811148
-0.005606841068042195	0.9887863178639156	0.005606841068042193	0.005606841068042193	0.005606841068042192	-0.0056068410680421964	-0.01121368213608439	0.005606841068042195	0.005606841068042193	0.005606841068042192	-0.005638496786399023	-0.011182019924144653	0.005606834574459291	0.005606843456838175	0.005606838679246211	-0.00214624985632446
0.0028034205340210965	0.005606841068042193	0.9971965794659787	-0.0028034205340210965	-0.002803420534021096	0.0028034205340210982	0.005606841068042196	-0.002803420534021098	-0.002803420534021097	-0.002803420534021097	0.0028192483931995115	0.005591009962072326	-0.0028034172872296445	-0.002803421728419087	-0.002803419339623106	0.0010731249281622295
0.004205130801031648	0.008410261602063297	-0.004205130801031647	0.9957948691989684	-0.0042051308010316426	0.004205130801031647	0.008410261602063294	-0.004205130801031645	-0.004205130801031647	-0.004205130801031643	0.004228872589799266	0.008386514943108492	-0.004205125930844465	-0.0042051325926286305	-0.004205129009434661	0.0016096873922433438
0.00841026160206329	0.016820523204126584	-0.008410261602063289	-0.00841026160206329	0.9915897383979362	0.00841026160206329	0.01682052320412658	-0.008410261602063289	-0.00841026160206329	-0.008410261602063283	0.00845774517959853	0.01677302988621698	-0.00841025186168893	-0.008410265185257264	-0.008410258018869316	0.003219374784486687
-0.0014017102670105478	-0.0028034205340210956	0.0014017102670105478	0.001401710267010548	0.0014017102670105476	0.9985982897329899	-0.002803420534021098	0.0014017102670105485	0.0014017102670105485	0.001401710267010548	-0.0014096241965997555	-0.0027955049810361636	0.0014017086436148225	0.0014017108642095436	0.0014017096698115531	-0.0005365624640811149
-0.005606841068042194	-0.011213682136084386	0.005606841068042194	0.005606841068042195	0.005606841068042193	-0.0056068410680421964	0.9887863178639162	0.005606841068042195	0.005606841068042194	0.005606841068042193	-0.005638496786399025	-0.011182019924144651	0.0056068345744592915	0.005606843456838176	0.005606838679246214	-0.0021462498563244595
0.0028034205340210965	0.005606841068042193	-0.002803420534021097	-0.002803420534021097	-0.0028034205340210965	0.002803420534021098	0.005606841068042196	0.9971965794659792	-0.002803420534021097	-0.002803420534021096	0.002819248393199511	0.005591009962072327	-0.002803417287229645	-0.002803421728419088	-0.0028034193396231054	0.0010731249281622298
0.004205130801031646	0.008410261602063294	-0.004205130801031646	-0.004205130801031646	-0.004205130801031645	0.004205130801031646	0.008410261602063294	-0.004205130801031646	0.9957948691989685	-0.004205130801031643	0.0042288725897992666	0.008386514943108495	-0.004205125930844467	-0.004205132592628632	-0.004205129009434659	0.001609687392243344
0.008410261602063292	0.016820523204126588	-0.00841026160206329	-0.008410261602063292	-0.008410261602063289	0.008410261602063292	0.016820523204126588	-0.00841026160206329	-0.008410261602063294	0.9915897383979364	0.008457745179598531	0.016773029886216987	-0.008410251861688936	-0.008410265185257263	-0.008410258018869318	0.0032193747844866884
-0.0013981725316595016	-0.0027963450633190032	0.0013981725316595014	0.0013981725316595016	0.0013981725316595012	-0.0013981725316595016	-0.002796345063319004	0.0013981725316595014	0.0013981725316595018	0.0013981725316595014	0.9688645252011504	0.026931984344726753	0.0014071453908038167	0.001397997300816968	0.0013983477625020366	-0.03206871854447019
-0.005284686005782431	-0.010569372011564862	0.005284686005782432	0.005284686005782431	0.00528468600578243	-0.005284686005782432	-0.010569372011564866	0.005284686005782433	0.005284686005782433	0.005284686005782431	0.0649599481315556	0.9191845522215425	0.005286127635337424	0.0052843442510272	0.00528502776053767	-0.06325475785545229
0.002803420476235878	0.005606840952471756	-0.002803420476235878	-0.002803420476235878	-0.0028034204762358776	0.002803420476235879	0.005606840952471758	-0.0028034204762358785	-0.0028034204762358793	-0.002803420476235878	0.002837254597195567	0.0055899138254163466	0.9971796725298601	-0.0028034217612184277	-0.0028034191912533297	0.0010573292487222779
0.004205152193042193	0.008410304386084385	-0.004205152193042192	-0.004205152193042193	-0.004205152193042191	0.004205152193042193	0.008410304386084387	-0.004205152193042192	-0.0042051521930421935	-0.004205152193042191	0.004229311490411859	0.008386140114198117	-0.004205147218525594	0.9957899029290733	-0.004200207315157693	0.0016051843441429465
0.008410261559989194	0.01682052311997839	-0.008410261559989193	-0.008410261559989194	-0.00841026155998919	0.008410261559989194	0.016820523119978392	-0.008410261559989193	-0.008410261559989194	-0.00841026155998919	0.008458580050442588	0.01677219468051146	-0.008410251610975666	-0.008400379062050042	0.9915798559420719	0.0032103505572130915
-0.004184160173807848	-0.008368320347615693	0.004184160173807845	0.004184160173807848	0.004184160173807845	-0.004184160173807847	-0.008368320347615695	0.004184160173807845	0.004184160173807847	0.004184160173807844	-0.18248324941954808	0.1699783898517664	0.004136539220165959	0.004192993072519282	0.00417532727509641	0.8091869041468962