0.998173049789811	-0.0036539004203783904	0.0018269502101891958	0.0018269502101891956	0.001826950210189195	-0.001826950210189196	-0.00365390042037839	0.0018269502101891956	0.0018269502101891956	0.0018269502101891952	-0.0018393638365426608	-0.003641484785800319	0.0018269482019645893	0.001826951432090284	0.0018269489882881062	-0.000657864886137593
-0.007307800840756786	0.9853843983184866	0.007307800840756784	0.007307800840756784	0.00730780084075678	-0.007307800840756786	-0.014615601681513561	0.007307800840756783	0.007307800840756783	0.007307800840756781	-0.007357455346170641	-0.014565939143201275	0.007307792807858357	0.007307805728361138	0.0073077959531524265	-0.0026314595445503714
0.0036539004203783917	0.0073078008407567825	0.9963460995796216	-0.003653900420378393	-0.0036539004203783912	0.003653900420378394	0.007307800840756783	-0.003653900420378393	-0.0036539004203783925	-0.0036539004203783917	0.003678727673085322	0.0072829695716006395	-0.0036538964039291794	-0.0036539028641805692	-0.003653897976576214	0.0013157297722751861
0.00548085063056759	0.010961701261135177	-0.00548085063056759	0.9945191493694324	-0.005480850630567588	0.00548085063056759	0.010961701261135173	-0.005480850630567589	-0.005480850630567591	-0.005480850630567588	0.005518091509627982	0.010924454357400967	-0.005480844605893769	-0.005480854296270852	-0.00548084696486432	0.0019735946584127804
0.010961701261135178	0.021923402522270354	-0.010961701261135178	-0.01096170126113518	0.9890382987388643	0.010961701261135178	0.021923402522270343	-0.010961701261135177	-0.01096170126113518	-0.010961701261135177	0.011036183019255958	0.021848908714801926	-0.010961689211787532	-0.010961708592541704	-0.010961693929728636	0.003947189316825558
-0.001826950210189196	-0.0036539004203783912	0.001826950210189196	0.0018269502101891963	0.0018269502101891952	0.998173049789811	-0.0036539004203783895	0.0018269502101891956	0.0018269502101891956	0.001826950210189195	-0.0018393638365426608	-0.0036414847858003184	0.0018269482019645893	0.001826951432090284	0.0018269489882881064	-0.000657864886137593
-0.007307800840756783	-0.014615601681513565	0.007307800840756783	0.007307800840756784	0.007307800840756781	-0.007307800840756783	0.9853843983184858	0.0073078008407567825	0.007307800840756782	0.007307800840756779	-0.007357455346170642	-0.014565939143201272	0.007307792807858357	0.007307805728361138	0.007307795953152426	-0.002631459544550371
0.003653900420378394	0.007307800840756785	-0.003653900420378394	-0.003653900420378394	-0.003653900420378392	0.003653900420378394	0.007307800840756784	0.9963460995796217	-0.003653900420378393	-0.0036539004203783917	0.003678727673085323	0.00728296957160064	-0.00365389640392918	-0.0036539028641805692	-0.003653897976576215	0.0013157297722751864
0.00548085063056759	0.010961701261135175	-0.005480850630567589	-0.00548085063056759	-0.0054808506305675875	0.005480850630567591	0.010961701261135175	-0.00548085063056759	0.9945191493694325	-0.0054808506305675875	0.0055180915096279815	0.010924454357400961	-0.005480844605893768	-0.005480854296270852	-0.005480846964864318	0.0019735946584127795
0.010961701261135175	0.02192340252227035	-0.010961701261135175	-0.010961701261135177	-0.010961701261135173	0.010961701261135178	0.021923402522270343	-0.010961701261135177	-0.010961701261135177	0.9890382987388645	0.011036183019255963	0.021848908714801923	-0.010961689211787536	-0.010961708592541704	-0.010961693929728634	0.003947189316825559
-0.001820102282166821	-0.0036402045643336408	0.0018201022821668204	0.0018201022821668206	0.0018201022821668197	-0.0018201022821668204	-0.00364020456433364	0.0018201022821668204	0.0018201022821668204	0.0018201022821668197	0.9627150139770724	0.03181404907705224	0.0018307323815419476	0.0018198236047247416	0.001820380959608899	-0.03851767705049084
-0.00678326333794857	-0.01356652667589714	0.0067832633379485705	0.006783263337948571	0.00678326333794857	-0.006783263337948571	-0.01356652667589714	0.006783263337948571	0.0067832633379485705	0.00678326333794857	0.07852504063942972	0.9011234277429279	0.006785004941745222	0.006782722229305951	0.006783804446591191	-0.0757071187873645
0.0036539003193512484	0.007307800638702495	-0.0036539003193512484	-0.0036539003193512484	-0.003653900319351247	0.0036539003193512484	0.007307800638702493	-0.003653900319351247	-0.0036539003193512476	-0.003653900319351247	0.003700138153872499	0.007281583541073863	0.9963260789437559	-0.0036539029054091757	-0.0036538977332933164	0.001297073790603053
0.005480887281885565	0.010961774563771128	-0.005480887281885565	-0.0054808872818855655	-0.005480887281885564	0.0054808872818855655	0.010961774563771124	-0.0054808872818855655	-0.0054808872818855655	-0.005480887281885563	0.005518772030606271	0.010923883633223535	-0.0054808811000586774	0.9945126690323001	-0.005474443596071475	0.001967833513534391
0.010961701160937112	0.021923402321874216	-0.010961701160937112	-0.010961701160937115	-0.010961701160937112	0.010961701160937115	0.021923402321874216	-0.010961701160937115	-0.010961701160937117	-0.010961701160937115	0.011037470461600493	0.021847620657581914	-0.01096168879730817	-0.010948828605216017	0.9890254262833414	0.003935637002555615
-0.005440176529747683	-0.01088035305949536	0.005440176529747681	0.005440176529747683	0.00544017652974768	-0.005440176529747682	-0.010880353059495359	0.005440176529747682	0.005440176529747682	0.005440176529747681	-0.21807246289046694	0.201808296763857	0.005383813067114642	0.005451380676317678	0.0054289723831776795	0.7708541617339613