0.9999440587909304	-0.00011188241813855111	0.00005594120906927556	0.00005594120906927557	0.000055941209069275555	-0.00005594120906927556	-0.00011188241813855111	0.00005594120906927557	0.00005594120906927556	0.00005594120906927556	-0.00005594276986555913	-0.00011188085691390303	0.000055941208640911004	0.000055941209124531696	0.00005594120901401947	-0.00002755387175369138
-0.00022376483627710222	0.9995524703274451	0.00022376483627710217	0.00022376483627710217	0.00022376483627710214	-0.00022376483627710217	-0.00044752967255420434	0.00022376483627710222	0.0002237648362771022	0.0002237648362771022	-0.0002237710794622364	-0.0004475234276556121	0.000223764834563644	0.00022376483649812662	0.00022376483605607774	-0.00011021548701476554
0.00011188241813855114	0.00022376483627710225	0.9998881175818616	-0.00011188241813855112	-0.0001118824181385511	0.00011188241813855112	0.0002237648362771022	-0.00011188241813855115	-0.00011188241813855114	-0.00011188241813855114	0.00011188553973111828	0.00022376171382780603	-0.00011188241728182204	-0.00011188241824906338	-0.00011188241802803897	0.00005510774350738277
0.00016782362720782663	0.0003356472544156532	-0.0001678236272078266	0.999832176372792	-0.00016782362720782663	0.00016782362720782663	0.0003356472544156533	-0.0001678236272078267	-0.00016782362720782666	-0.00016782362720782666	0.00016782830959667736	0.00033564257074170914	-0.000167823625922733	-0.00016782362737359505	-0.00016782362704205833	0.00008266161526107414
0.00033564725441565327	0.0006712945088313064	-0.0003356472544156532	-0.00033564725441565316	0.9996643527455842	0.0003356472544156532	0.0006712945088313065	-0.0003356472544156533	-0.0003356472544156533	-0.0003356472544156533	0.0003356566191933547	0.0006712851414834182	-0.00033564725184546604	-0.00033564725474719004	-0.00033564725408411676	0.00016532323052214832
-0.00005594120906927557	-0.00011188241813855112	0.00005594120906927557	0.000055941209069275555	0.00005594120906927557	0.9999440587909304	-0.00011188241813855114	0.00005594120906927558	0.000055941209069275576	0.000055941209069275576	-0.00005594276986555913	-0.00011188085691390303	0.000055941208640911	0.00005594120912453169	0.00005594120901401947	-0.00002755387175369139
-0.0002237648362771022	-0.00044752967255420434	0.00022376483627710222	0.00022376483627710217	0.0002237648362771022	-0.00022376483627710228	0.9995524703274453	0.0002237648362771023	0.00022376483627710222	0.00022376483627710228	-0.00022377107946223646	-0.00044752342765561206	0.000223764834563644	0.00022376483649812667	0.00022376483605607782	-0.00011021548701476557
0.00011188241813855114	0.00022376483627710225	-0.00011188241813855114	-0.00011188241813855111	-0.00011188241813855114	0.00011188241813855118	0.00022376483627710236	0.9998881175818618	-0.00011188241813855115	-0.00011188241813855118	0.00011188553973111824	0.00022376171382780603	-0.00011188241728182201	-0.00011188241824906338	-0.00011188241802803893	0.00005510774350738279
0.00016782362720782666	0.0003356472544156532	-0.0001678236272078266	-0.00016782362720782658	-0.00016782362720782666	0.0001678236272078267	0.0003356472544156534	-0.00016782362720782666	0.9998321763727919	-0.0001678236272078267	0.0001678283095966774	0.0003356425707417091	-0.00016782362592273302	-0.00016782362737359505	-0.00016782362704205833	0.00008266161526107414
0.00033564725441565327	0.0006712945088313064	-0.0003356472544156532	-0.00033564725441565316	-0.00033564725441565327	0.0003356472544156533	0.0006712945088313066	-0.00033564725441565327	-0.00033564725441565327	0.9996643527455843	0.0003356566191933549	0.0006712851414834182	-0.000335647251845466	-0.00033564725474719015	-0.0003356472540841167	0.0001653232305221483
-0.00005594072300376827	-0.00011188144600753652	0.00005594072300376826	0.000055940723003768254	0.00005594072300376827	-0.00005594072300376827	-0.00011188144600753653	0.00005594072300376826	0.00005594072300376826	0.00005594072300376826	0.9980783151618412	0.0017533434913186887	0.000056459900832525094	0.00005594035033685614	0.00005594109567068041	-0.0019003245675062743
-0.00022312953074043944	-0.00044625906148087883	0.00022312953074043944	0.0002231295307404394	0.00022312953074043942	-0.00022312953074043944	-0.0004462590614808789	0.00022312953074043944	0.00022312953074043944	0.00022312953074043944	0.003549518346154442	0.9957810862990017	0.00022313629336303937	0.00022312878665769418	0.00022313027482318484	-0.0038473835106578942
0.00011188241813806348	0.00022376483627612693	-0.00011188241813806348	-0.00011188241813806345	-0.00011188241813806345	0.00011188241813806348	0.00022376483627612693	-0.00011188241813806346	-0.00011188241813806346	-0.00011188241813806346	0.00011292389730689002	0.00022375687376514675	0.9998870840652039	-0.00011188241845369935	-0.00011188241782242768	0.00005407907788268848
0.0001678236603861565	0.000335647320772313	-0.0001678236603861565	-0.00016782366038615645	-0.00016782366038615653	0.0001678236603861566	0.00033564732077231323	-0.0001678236603861566	-0.00016782366038615653	-0.0001678236603861566	0.00016782944361808623	0.00033564153595262535	-0.00016782365879839845	0.9998319788702638	-0.0001676261910359637	0.00008246526670403984
0.00033564725441542363	0.0006712945088308473	-0.00033564725441542363	-0.0003356472544154236	-0.0003356472544154237	0.00033564725441542374	0.0006712945088308475	-0.0003356472544154237	-0.0003356472544154237	-0.0003356472544154237	0.0003356588208780732	0.0006712829391926823	-0.0003356472512399079	-0.00033525231653350223	0.9996639578077026	0.0001649305006360696
-0.00016782123607572778	-0.00033564247215145556	0.0001678212360757278	0.00016782123607572778	0.0001678212360757278	-0.00016782123607572783	-0.00033564247215145566	0.0001678212360757278	0.0001678212360757278	0.00016782123607572783	-0.011356083736358899	0.010855706073933567	0.000164735190273875	0.00016821393812117014	0.0001674285340302856	0.988680315399253