0.997544118941	-0.004911762117999954	0.002455881058999975	0.002455881058999976	0.002455881058999977	-0.0024558810589999764	-0.004911762117999954	0.0024558810589999755	0.0024558810589999764	0.002455881058999976	-0.0024737775336632004	-0.004893864670140336	0.0024558800858035866	0.0024558837585588493	0.002455878359441103	-0.0008094647037929098
-0.0098235242359999	0.9803529515280005	0.0098235242359999	0.009823524235999904	0.009823524235999907	-0.009823524235999906	-0.019647048471999815	0.009823524235999902	0.009823524235999904	0.009823524235999904	-0.009895110134652803	-0.019575458680561347	0.009823520343214341	0.0098235350342354	0.009823513437764409	-0.0032378588151716382
0.00491176211799995	0.009823524235999902	0.9950882378819995	-0.004911762117999951	-0.004911762117999953	0.004911762117999952	0.009823524235999906	-0.004911762117999951	-0.004911762117999952	-0.004911762117999952	0.0049475550673264	0.009787729340280674	-0.004911760171607172	-0.004911767517117697	-0.004911756718882204	0.001618929407585819
0.007367643176999933	0.014735286353999864	-0.007367643176999929	0.9926323568229994	-0.007367643176999933	0.0073676431769999304	0.014735286353999864	-0.00736764317699993	-0.007367643176999932	-0.007367643176999932	0.007421332600989601	0.014681594010421021	-0.007367640257410761	-0.007367651275676546	-0.007367635078323314	0.0024283941113787295
0.01473528635399987	0.029470572707999736	-0.014735286353999863	-0.014735286353999868	0.9852647136460005	0.014735286353999868	0.02947057270799974	-0.014735286353999863	-0.014735286353999868	-0.014735286353999866	0.014842665201979206	0.029363188020842045	-0.014735280514821522	-0.014735302551353096	-0.014735270156646631	0.004856788222757459
-0.002455881058999976	-0.004911762117999954	0.0024558810589999755	0.002455881058999976	0.002455881058999976	0.9975441189409999	-0.004911762117999954	0.0024558810589999755	0.002455881058999977	0.0024558810589999764	-0.0024737775336632004	-0.004893864670140338	0.0024558800858035857	0.002455883758558849	0.002455878359441103	-0.0008094647037929098
-0.009823524235999902	-0.01964704847199981	0.0098235242359999	0.009823524235999902	0.009823524235999902	-0.009823524235999904	0.9803529515280003	0.009823524235999906	0.009823524235999909	0.009823524235999906	-0.009895110134652803	-0.019575458680561347	0.009823520343214343	0.009823535034235397	0.009823513437764414	-0.003237858815171639
0.004911762117999953	0.009823524235999907	-0.004911762117999951	-0.004911762117999952	-0.004911762117999953	0.004911762117999953	0.009823524235999907	0.9950882378819997	-0.004911762117999954	-0.004911762117999952	0.004947555067326402	0.009787729340280674	-0.004911760171607173	-0.0049117675171176985	-0.004911756718882208	0.00161892940758582
0.007367643176999935	0.014735286353999868	-0.0073676431769999304	-0.007367643176999934	-0.007367643176999934	0.007367643176999934	0.014735286353999866	-0.007367643176999932	0.9926323568229999	-0.007367643176999932	0.007421332600989603	0.014681594010421024	-0.007367640257410761	-0.007367651275676545	-0.007367635078323316	0.0024283941113787295
0.014735286353999868	0.029470572707999732	-0.014735286353999861	-0.014735286353999866	-0.014735286353999866	0.014735286353999868	0.02947057270799973	-0.014735286353999863	-0.014735286353999866	0.9852647136460003	0.014842665201979202	0.02936318802084205	-0.014735280514821522	-0.014735302551353094	-0.014735270156646628	0.004856788222757461
-0.002441699736808918	-0.004883399473617836	0.002441699736808917	0.0024416997368089176	0.0024416997368089176	-0.0024416997368089184	-0.004883399473617837	0.0024416997368089176	0.002441699736808917	0.002441699736808917	0.9545411383112782	0.03812125520681446	0.0024542070082896918	0.002441236488970865	0.00244216298464697	-0.04694657728348316
-0.008920549837102132	-0.01784109967420427	0.00892054983710213	0.008920549837102132	0.00892054983710213	-0.008920549837102132	-0.01784109967420427	0.00892054983710213	0.00892054983710213	0.00892054983710213	0.09585937802375244	0.877377163119917	0.008922359182126145	0.008919654722242572	0.008921444951961694	-0.09198695558548478
0.004911762008676188	0.009823524017352377	-0.004911762008676187	-0.0049117620086761874	-0.004911762008676187	0.0049117620086761874	0.009823524017352375	-0.004911762008676187	-0.004911762008676186	-0.004911762008676187	0.004972987865093648	0.009786090645091526	0.9950644455071669	-0.004911767640845161	-0.004911756376507214	0.0015965855213895552
0.007367710256294256	0.01473542051258851	-0.007367710256294254	-0.007367710256294255	-0.007367710256294257	0.007367710256294256	0.014735420512588512	-0.0073677102562942545	-0.007367710256294256	-0.007367710256294255	0.0074224429171775895	0.014680684685131243	-0.007367707089720317	0.9926236312642841	-0.0073590517768728665	0.0024208375126931496
0.014735286095550642	0.029470572191101285	-0.014735286095550635	-0.01473528609555064	-0.014735286095550644	0.014735286095550646	0.029470572191101285	-0.014735286095550639	-0.014735286095550642	-0.014735286095550639	0.014844751104557909	0.02936110084892407	-0.014735279762380706	-0.014718001802767196	0.9852474296116662	0.004841622651981256
-0.007283261648941158	-0.01456652329788231	0.007283261648941155	0.007283261648941155	0.007283261648941156	-0.007283261648941158	-0.01456652329788231	0.007283261648941156	0.007283261648941156	0.007283261648941156	-0.2651896515019042	0.24340758743626956	0.007215540767752214	0.00729777453571741	0.007268748762164899	0.7207317263263435