0.9974914879600404	-0.005017024079918519	0.002508512039959259	0.002508512039959258	0.002508512039959259	-0.00250851203995926	-0.005017024079918516	0.002508512039959258	0.0025085120399592578	0.002508512039959258	-0.002526750940182069	-0.004998784414461969	0.00250851127472552	0.0025085148969146483	0.002508509183003872	-0.0008206448133585935
-0.010034048159837038	0.9799319036803267	0.010034048159837038	0.010034048159837036	0.01003404815983704	-0.010034048159837043	-0.020068096319674072	0.01003404815983704	0.010034048159837036	0.010034048159837038	-0.010107003760728282	-0.019995137657847883	0.010034045098902085	0.010034059587658593	0.010034036732015488	-0.003282579253434373
0.005017024079918517	0.010034048159837038	0.9949829759200812	-0.005017024079918516	-0.005017024079918519	0.005017024079918521	0.010034048159837035	-0.005017024079918518	-0.005017024079918517	-0.005017024079918518	0.005053501880364138	0.009997568828923942	-0.00501702254945104	-0.005017029793829295	-0.005017018366007742	0.0016412896267171862
0.00752553611987778	0.015051072239755561	-0.00752553611987778	0.9924744638801217	-0.007525536119877781	0.007525536119877782	0.015051072239755561	-0.007525536119877778	-0.007525536119877778	-0.007525536119877779	0.007580252820546212	0.01499635324338591	-0.0075255338241765595	-0.007525544690743942	-0.007525527549011612	0.0024619344400757803
0.015051072239755551	0.030102144479511105	-0.015051072239755553	-0.015051072239755551	0.9849489277602445	0.015051072239755558	0.030102144479511112	-0.01505107223975555	-0.01505107223975555	-0.015051072239755551	0.01516050564109242	0.029992706486771818	-0.015051067648353112	-0.015051089381487881	-0.015051055098023224	0.004923868880151557
-0.002508512039959259	-0.00501702407991852	0.0025085120399592595	0.0025085120399592595	0.002508512039959259	0.9974914879600412	-0.00501702407991852	0.00250851203995926	0.0025085120399592595	0.00250851203995926	-0.0025267509401820697	-0.004998784414461971	0.00250851127472552	0.0025085148969146483	0.0025085091830038724	-0.0008206448133585937
-0.010034048159837036	-0.02006809631967408	0.010034048159837038	0.010034048159837038	0.010034048159837036	-0.01003404815983704	0.9799319036803261	0.01003404815983704	0.010034048159837038	0.01003404815983704	-0.010107003760728279	-0.019995137657847894	0.010034045098902081	0.010034059587658597	0.010034036732015493	-0.003282579253434374
0.005017024079918518	0.01003404815983704	-0.005017024079918519	-0.005017024079918519	-0.005017024079918518	0.00501702407991852	0.01003404815983704	0.9949829759200809	-0.005017024079918519	-0.00501702407991852	0.005053501880364138	0.009997568828923942	-0.005017022549451039	-0.005017029793829297	-0.005017018366007742	0.0016412896267171866
0.007525536119877779	0.015051072239755558	-0.007525536119877779	-0.007525536119877779	-0.007525536119877778	0.007525536119877779	0.015051072239755561	-0.007525536119877778	0.9924744638801217	-0.007525536119877777	0.007580252820546212	0.014996353243385906	-0.007525533824176559	-0.007525544690743941	-0.007525527549011611	0.0024619344400757795
0.015051072239755553	0.03010214447951111	-0.015051072239755553	-0.015051072239755553	-0.015051072239755551	0.015051072239755554	0.030102144479511112	-0.015051072239755551	-0.015051072239755553	0.9849489277602441	0.015160505641092418	0.029992706486771818	-0.01505106764835312	-0.015051089381487887	-0.015051055098023222	0.004923868880151559
-0.002493570428711865	-0.004987140857423731	0.002493570428711865	0.002493570428711865	0.0024935704287118647	-0.002493570428711865	-0.00498714085742373	0.002493570428711865	0.002493570428711865	0.002493570428711865	0.9538897080481342	0.03861694304793967	0.0025062080465027645	0.0024930901694858298	0.002494050687937903	-0.047609835864385955
-0.00909515828964932	-0.018190316579298642	0.009095158289649321	0.00909515828964932	0.009095158289649317	-0.00909515828964932	-0.01819031657929864	0.009095158289649317	0.00909515828964932	0.00909515828964932	0.0972006853048779	0.8755120456318616	0.009096952483961794	0.009094230616830696	0.009096085962467939	-0.09326894684115003
0.005017023976561142	0.010034047953122285	-0.005017023976561142	-0.005017023976561141	-0.00501702397656114	0.005017023976561142	0.010034047953122283	-0.00501702397656114	-0.005017023976561141	-0.005017023976561141	0.0050792270033374306	0.009995917626967256	0.9949589033228172	-0.005017029931831764	-0.005017018021290521	0.0016186557820726186
0.007525606180196724	0.015051212360393449	-0.007525606180196724	-0.007525606180196725	-0.007525606180196724	0.007525606180196725	0.01505121236039345	-0.007525606180196723	-0.007525606180196723	-0.007525606180196724	0.007581403044460211	0.01499541294529204	-0.007525603629358811	0.9924655501409501	-0.007516762501343837	0.0024542310085253014
0.015051071963169089	0.030102143926338178	-0.015051071963169085	-0.015051071963169085	-0.015051071963169085	0.015051071963169087	0.030102143926338174	-0.015051071963169085	-0.015051071963169084	-0.015051071963169084	0.015162665373828717	0.029990545413971507	-0.015051066861462051	-0.015033419171601663	0.9849312752452639	0.004908407535010963
-0.007436620601836889	-0.014873241203673778	0.007436620601836889	0.007436620601836889	0.00743662060183689	-0.007436620601836889	-0.014873241203673778	0.007436620601836889	0.007436620601836886	0.007436620601836889	-0.26893760240578946	0.24669635872882872	0.007368002473286615	0.007451400390638653	0.007421840813035126	0.716785419965911