0.9987827279723525	-0.0024345440552947144	0.0012172720276473576	0.0012172720276473574	0.0012172720276473579	-0.0012172720276473574	-0.0024345440552947144	0.0012172720276473579	0.001217272027647358	0.001217272027647358	-0.0012232881086079398	-0.002428526654996962	0.0012172707083101864	0.0012172724342427968	0.001217271621051917	-0.00047905932107778377
-0.004869088110589428	0.990261823778821	0.00486908811058943	0.004869088110589429	0.00486908811058943	-0.004869088110589428	-0.009738176221178856	0.0048690881105894306	0.00486908811058943	0.0048690881105894306	-0.004893152434431761	-0.00971410661998785	0.004869082833240743	0.004869089736971187	0.0048690864842076695	-0.0019162372843111355
0.0024345440552947153	0.00486908811058943	0.9975654559447055	-0.0024345440552947144	-0.0024345440552947153	0.0024345440552947144	0.004869088110589428	-0.0024345440552947153	-0.0024345440552947157	-0.0024345440552947153	0.002446576217215881	0.004857053309993926	-0.002434541416620373	-0.0024345448684855945	-0.002434543242103834	0.000958118642155568
0.003651816082942071	0.00730363216588414	-0.003651816082942071	0.9963481839170577	-0.003651816082942072	0.0036518160829420703	0.007303632165884139	-0.0036518160829420716	-0.003651816082942071	-0.0036518160829420716	0.0036698643258238203	0.0072855799649908844	-0.003651812124930559	-0.003651817302728392	-0.0036518148631557532	0.0014371779632333511
0.0073036321658841415	0.014607264331768278	-0.0073036321658841415	-0.0073036321658841415	0.9926963678341163	0.0073036321658841415	0.014607264331768278	-0.007303632165884144	-0.007303632165884143	-0.007303632165884144	0.007339728651647642	0.014571159929981767	-0.0073036242498611195	-0.0073036346054567835	-0.007303629726311507	0.0028743559264667023
-0.0012172720276473572	-0.002434544055294714	0.0012172720276473572	0.0012172720276473572	0.0012172720276473576	0.9987827279723522	-0.002434544055294713	0.0012172720276473574	0.0012172720276473574	0.0012172720276473574	-0.0012232881086079402	-0.002428526654996961	0.001217270708310186	0.0012172724342427968	0.001217271621051917	-0.00047905932107778393
-0.004869088110589428	-0.009738176221178854	0.004869088110589428	0.004869088110589428	0.004869088110589429	-0.004869088110589427	0.990261823778821	0.00486908811058943	0.00486908811058943	0.00486908811058943	-0.00489315243443176	-0.009714106619987848	0.004869082833240745	0.004869089736971187	0.004869086484207669	-0.001916237284311136
0.0024345440552947157	0.0048690881105894306	-0.0024345440552947157	-0.0024345440552947157	-0.002434544055294716	0.0024345440552947153	0.00486908811058943	0.9975654559447057	-0.002434544055294715	-0.0024345440552947157	0.002446576217215881	0.004857053309993924	-0.0024345414166203725	-0.0024345448684855936	-0.0024345432421038348	0.0009581186421555679
0.003651816082942071	0.00730363216588414	-0.003651816082942071	-0.003651816082942071	-0.003651816082942071	0.0036518160829420707	0.00730363216588414	-0.003651816082942071	0.9963481839170581	-0.003651816082942072	0.0036698643258238207	0.0072855799649908844	-0.0036518121249305598	-0.0036518173027283917	-0.0036518148631557532	0.0014371779632333516
0.007303632165884143	0.014607264331768281	-0.007303632165884143	-0.007303632165884143	-0.007303632165884143	0.007303632165884142	0.014607264331768281	-0.007303632165884143	-0.007303632165884142	0.9926963678341161	0.007339728651647643	0.014571159929981767	-0.0073036242498611195	-0.007303634605456784	-0.007303629726311507	0.002874355926466703
-0.0012147978319492604	-0.0024295956638985205	0.0012147978319492604	0.0012147978319492604	0.0012147978319492609	-0.0012147978319492604	-0.0024295956638985205	0.0012147978319492607	0.0012147978319492609	0.0012147978319492609	0.9717811367455687	0.024566332197708207	0.0012229353928243012	0.0012146614480634116	0.0012149342158351106	-0.028994052980033637
-0.004620897414483833	-0.009241794828967663	0.004620897414483833	0.004620897414483832	0.004620897414483834	-0.004620897414483833	-0.009241794828967663	0.004620897414483834	0.004620897414483833	0.004620897414483834	0.058451140664719264	0.927684911313315	0.004622153192998449	0.004620630817154536	0.004621164011813129	-0.05730773206980068
0.002434544015489562	0.0048690880309791235	-0.002434544015489562	-0.002434544015489562	-0.002434544015489563	0.002434544015489562	0.0048690880309791235	-0.0024345440154895626	-0.0024345440154895626	-0.002434544015489563	0.002462888963585466	0.004856111347069642	0.9975500877203236	-0.0024345448996292386	-0.0024345431313498892	0.0009437109831240176
0.0036518321567073015	0.007303664313414601	-0.0036518321567073015	-0.0036518321567073015	-0.003651832156707302	0.0036518321567073015	0.007303664313414601	-0.0036518321567073015	-0.0036518321567073015	-0.003651832156707302	0.0036702111149579213	0.007285281313601637	-0.0036518281151449554	0.9963438732711002	-0.0036475375845148655	0.0014332326477541925
0.007303632139670691	0.01460726427934138	-0.007303632139670691	-0.007303632139670691	-0.0073036321396706926	0.007303632139670692	0.014607264279341378	-0.0073036321396706926	-0.007303632139670691	-0.007303632139670692	0.007340389985398922	0.014570498350503147	-0.00730362405656068	-0.007295047943868086	0.9926877836645269	0.002866451456035312
-0.003637168710736816	-0.007274337421473631	0.0036371687107368163	0.0036371687107368163	0.003637168710736817	-0.0036371687107368167	-0.007274337421473631	0.003637168710736817	0.003637168710736817	0.0036371687107368184	-0.1655517552127618	0.1546836465797889	0.00359377121149926	0.003644935818844216	0.0036294016026294155	0.8274637136553812