0.9990538374797194	-0.001892325040559913	0.0009461625202799563	0.0009461625202799561	0.0009461625202799564	-0.0009461625202799563	-0.0018923250405599129	0.0009461625202799562	0.0009461625202799562	0.0009461625202799563	-0.000949683550336606	-0.0018888031779641303	0.0009461616877408226	0.000946162723623506	0.0009461623169364064	-0.00038873782667543996
-0.003784650081119825	0.9924306998377603	0.003784650081119825	0.0037846500811198245	0.0037846500811198253	-0.003784650081119825	-0.00756930016223965	0.0037846500811198245	0.003784650081119825	0.0037846500811198253	-0.0037987342013464233	-0.007555212711856521	0.0037846467509632916	0.0037846508944940236	0.0037846492677456275	-0.0015549513067017594
0.0018923250405599129	0.0037846500811198275	0.99810767495944	-0.0018923250405599125	-0.0018923250405599129	0.0018923250405599127	0.0037846500811198258	-0.0018923250405599127	-0.0018923250405599127	-0.0018923250405599129	0.0018993671006732119	0.003777606355928262	-0.0018923233754816456	-0.0018923254472470123	-0.0018923246338728137	0.0007774756533508799
0.0028384875608398696	0.00567697512167974	-0.0028384875608398687	0.9971615124391597	-0.00283848756083987	0.0028384875608398696	0.005676975121679738	-0.002838487560839869	-0.002838487560839868	-0.0028384875608398687	0.002849050651009817	0.00566640953389239	-0.002838485063222468	-0.0028384881708705175	-0.0028384869508092203	0.0011662134800263192
0.005676975121679741	0.011353950243359485	-0.00567697512167974	-0.005676975121679738	0.9943230248783204	0.00567697512167974	0.01135395024335948	-0.005676975121679739	-0.005676975121679737	-0.00567697512167974	0.005698101302019635	0.011332819067784784	-0.005676970126444937	-0.0056769763417410385	-0.005676973901618443	0.0023324269600526397
-0.0009461625202799562	-0.0018923250405599129	0.0009461625202799562	0.0009461625202799562	0.0009461625202799562	0.9990538374797197	-0.0018923250405599122	0.000946162520279956	0.000946162520279956	0.0009461625202799561	-0.0009496835503366056	-0.0018888031779641299	0.0009461616877408226	0.0009461627236235058	0.0009461623169364067	-0.00038873782667543975
-0.003784650081119824	-0.0075693001622396516	0.003784650081119825	0.003784650081119825	0.003784650081119825	-0.0037846500811198245	0.99243069983776	0.0037846500811198236	0.003784650081119824	0.003784650081119824	-0.0037987342013464224	-0.0075552127118565186	0.0037846467509632903	0.003784650894494023	0.0037846492677456258	-0.001554951306701759
0.001892325040559912	0.0037846500811198258	-0.0018923250405599125	-0.0018923250405599125	-0.0018923250405599125	0.0018923250405599122	0.003784650081119825	0.9981076749594398	-0.0018923250405599118	-0.001892325040559912	0.001899367100673211	0.0037776063559282597	-0.0018923233754816456	-0.0018923254472470118	-0.0018923246338728135	0.0007774756533508797
0.002838487560839871	0.005676975121679743	-0.00283848756083987	-0.0028384875608398696	-0.00283848756083987	0.0028384875608398696	0.00567697512167974	-0.0028384875608398683	0.99716151243916	-0.0028384875608398696	0.002849050651009817	0.005666409533892389	-0.0028384850632224685	-0.002838488170870518	-0.0028384869508092216	0.0011662134800263194
0.005676975121679742	0.011353950243359485	-0.00567697512167974	-0.005676975121679739	-0.00567697512167974	0.005676975121679739	0.01135395024335948	-0.0056769751216797365	-0.005676975121679739	0.9943230248783202	0.005698101302019633	0.01133281906778478	-0.005676970126444938	-0.005676976341741038	-0.005676973901618443	0.002332426960052639
-0.0009448712521111144	-0.0018897425042222289	0.0009448712521111144	0.0009448712521111144	0.0009448712521111146	-0.0009448712521111146	-0.0018897425042222295	0.0009448712521111143	0.0009448712521111146	0.0009448712521111146	0.9764601808688261	0.020698444392047474	0.0009516322349039795	0.0009447846189571139	0.0009449578852651153	-0.02406340922885765
-0.00362934726291819	-0.007258694525836379	0.003629347262918189	0.00362934726291819	0.00362934726291819	-0.00362934726291819	-0.00725869452583638	0.0036293472629181896	0.00362934726291819	0.00362934726291819	0.048034583821472306	0.9410764376841603	0.0036302839685314076	0.0036291772703560634	0.0036295172554803193	-0.04774030794757738
0.0018923250216419305	0.003784650043283861	-0.0018923250216419303	-0.0018923250216419303	-0.0018923250216419303	0.00189232502164193	0.003784650043283861	-0.0018923250216419298	-0.00189232502164193	-0.0018923250216419303	0.0019129055956439228	0.0037769143711370396	0.9980948300765031	-0.001892325473865193	-0.0018923245694186675	0.000765338600585331
0.002838497220132744	0.005676994440265489	-0.002838497220132744	-0.0028384972201327434	-0.0028384972201327434	0.0028384972201327434	0.005676994440265487	-0.002838497220132743	-0.0028384972201327425	-0.0028384972201327434	0.0028492770780125442	0.0056662120290660424	-0.0028384946668131	0.9971581643093986	-0.002835158749664296	0.0011631028523479885
0.005676975110645268	0.011353950221290538	-0.005676975110645267	-0.005676975110645265	-0.005676975110645267	0.005676975110645265	0.011353950221290533	-0.0056769751106452646	-0.0056769751106452646	-0.005676975110645267	0.0056985347930307685	0.01133238543227339	-0.005676970004013627	-0.005670300652243302	0.994316350430953	0.002326197178801584
-0.0028308645109185403	-0.0056617290218370815	0.0028308645109185395	0.0028308645109185395	0.00283086451091854	-0.0028308645109185395	-0.00566172902183708	0.002830864510918538	0.0028308645109185395	0.00283086451091854	-0.13831330509829837	0.12985722368328279	0.0027943523931784164	0.0028370197781654545	0.002824709243671625	0.8567786217426581