0.997788974249022	-0.004422051501955683	0.002211025750977843	0.002211025750977843	0.002211025750977843	-0.002211025750977843	-0.004422051501955683	0.002211025750977844	0.002211025750977844	0.002211025750977843	-0.0022270650196117847	-0.004406010561249462	0.0022110240789055637	0.0022110277894498405	0.002211023712505847	-0.0007543762834621473
-0.008844103003911368	0.9823117939921774	0.00884410300391137	0.008844103003911368	0.008844103003911368	-0.008844103003911368	-0.01768820600782273	0.008844103003911372	0.008844103003911372	0.008844103003911367	-0.008908260078447139	-0.017624042244997837	0.008844096315622255	0.008844111157799359	0.008844094850023384	-0.0030175051338485873
0.004422051501955687	0.008844103003911372	0.9955779484980442	-0.004422051501955686	-0.004422051501955686	0.004422051501955686	0.00884410300391137	-0.004422051501955689	-0.004422051501955688	-0.004422051501955686	0.00445413003922357	0.008812021122498926	-0.0044220481578111275	-0.004422055578899681	-0.004422047425011692	0.0015087525669242948
0.006633077252933525	0.013266154505867052	-0.006633077252933527	0.9933669227470667	-0.006633077252933528	0.006633077252933525	0.013266154505867055	-0.006633077252933529	-0.006633077252933529	-0.006633077252933528	0.006681195058835358	0.013218031683748388	-0.006633072236716691	-0.006633083368349517	-0.006633071137517535	0.002263128850386441
0.013266154505867052	0.026532309011734107	-0.013266154505867055	-0.013266154505867055	0.986733845494133	0.013266154505867052	0.02653230901173411	-0.01326615450586706	-0.013266154505867062	-0.013266154505867059	0.013362390117670712	0.026436063367496775	-0.013266144473433383	-0.013266166736699036	-0.013266142275035071	0.004526257700772884
-0.002211025750977842	-0.004422051501955683	0.0022110257509778426	0.002211025750977842	0.0022110257509778426	0.9977889742490219	-0.004422051501955684	0.0022110257509778434	0.002211025750977843	0.002211025750977842	-0.002227065019611785	-0.004406010561249462	0.0022110240789055637	0.0022110277894498392	0.002211023712505845	-0.0007543762834621472
-0.008844103003911365	-0.017688206007822727	0.008844103003911367	0.008844103003911365	0.008844103003911367	-0.008844103003911365	0.982311793992177	0.008844103003911372	0.00884410300391137	0.008844103003911367	-0.008908260078447144	-0.017624042244997848	0.00884409631562225	0.008844111157799362	0.00884409485002338	-0.0030175051338485878
0.004422051501955685	0.008844103003911368	-0.004422051501955686	-0.004422051501955685	-0.004422051501955687	0.004422051501955685	0.008844103003911368	0.9955779484980447	-0.004422051501955687	-0.004422051501955685	0.004454130039223571	0.008812021122498926	-0.0044220481578111275	-0.004422055578899681	-0.004422047425011691	0.0015087525669242948
0.006633077252933526	0.013266154505867054	-0.006633077252933528	-0.006633077252933528	-0.0066330772529335285	0.006633077252933527	0.013266154505867052	-0.006633077252933528	0.9933669227470671	-0.006633077252933528	0.006681195058835355	0.013218031683748388	-0.006633072236716691	-0.006633083368349518	-0.006633071137517536	0.002263128850386441
0.01326615450586705	0.026532309011734104	-0.013266154505867054	-0.013266154505867054	-0.013266154505867055	0.013266154505867052	0.0265323090117341	-0.013266154505867055	-0.013266154505867052	0.9867338454941329	0.013362390117670708	0.026436063367496772	-0.01326614447343338	-0.013266166736699038	-0.013266142275035071	0.004526257700772884
-0.0022000718159382975	-0.004400143631876594	0.002200071815938298	0.0022000718159382983	0.002200071815938298	-0.002200071815938298	-0.004400143631876594	0.002200071815938298	0.002200071815938298	0.002200071815938298	0.957628947828426	0.03575898751651244	0.0022119210231848147	0.002199684614119219	0.0022004590177573773	-0.04378542055850759
-0.008099590285609424	-0.01619918057121884	0.008099590285609424	0.008099590285609424	0.008099590285609424	-0.00809959028560942	-0.016199180571218833	0.00809959028560942	0.008099590285609418	0.008099590285609418	0.08942136709291021	0.8862780242422822	0.008101428093588974	0.008098840839242331	0.008100339731976505	-0.08587861339634728
0.004422051381201615	0.00884410276240323	-0.004422051381201616	-0.004422051381201615	-0.004422051381201614	0.004422051381201614	0.008844102762403227	-0.004422051381201615	-0.004422051381201615	-0.004422051381201614	0.004478119528109361	0.008810457115663901	0.9955555261186303	-0.0044220556539481095	-0.004422047108455115	0.0014877897284816329
0.006633131353041998	0.013266262706083996	-0.006633131353041999	-0.006633131353041998	-0.006633131353042	0.006633131353041998	0.013266262706083996	-0.006633131353042	-0.006633131353042	-0.0066331313530420015	0.006682127768695049	0.013217261063852157	-0.006633126126463206	0.9933590720885809	-0.00662533479466443	0.002256262274201769
0.013266154321064335	0.02653230864212867	-0.013266154321064335	-0.013266154321064335	-0.013266154321064337	0.013266154321064335	0.026532308642128667	-0.013266154321064337	-0.013266154321064334	-0.013266154321064337	0.013364146875280118	0.02643430563476343	-0.01326614386791488	-0.01325058588752215	0.9867182772453932	0.004512481515295432
-0.0065679375605216545	-0.013135875121043313	0.006567937560521656	0.006567937560521656	0.006567937560521656	-0.0065679375605216545	-0.013135875121043306	0.0065679375605216545	0.0065679375605216545	0.006567937560521656	-0.24741126257745472	0.22777090593782293	0.006504481518588517	0.0065811888838400385	0.0065546862372032715	0.7395348270219883