0.9978596672499194	-0.004280665500162922	0.002140332750081461	0.0021403327500814605	0.0021403327500814596	-0.002140332750081461	-0.004280665500162922	0.00214033275008146	0.002140332750081459	0.00214033275008146	-0.0021557619389673192	-0.004265234513440563	0.0021403309522449554	0.002140334618704821	0.0021403308814581007	-0.0007375358612757572
-0.008561331000325854	0.9828773379993482	0.008561331000325845	0.008561331000325845	0.008561331000325842	-0.008561331000325845	-0.01712266200065169	0.008561331000325844	0.008561331000325842	0.008561331000325845	-0.008623047755869277	-0.01706093805376224	0.008561323808979823	0.008561338474819285	0.008561323525832403	-0.002950143445103027
0.004280665500162922	0.008561331000325842	0.995719334499837	-0.004280665500162921	-0.004280665500162919	0.004280665500162922	0.008561331000325844	-0.004280665500162918	-0.0042806655001629175	-0.004280665500162919	0.004311523877934636	0.008530469026881123	-0.004280661904489911	-0.004280669237409642	-0.004280661762916202	0.0014750717225515137
0.0064209982502443815	0.012841996500488763	-0.006420998250244381	0.9935790017497558	-0.006420998250244379	0.006420998250244382	0.012841996500488765	-0.006420998250244378	-0.006420998250244379	-0.0064209982502443815	0.006467285816901961	0.012795703540321675	-0.006420992856734869	-0.006421003856114463	-0.006420992644374301	0.0022126075838272705
0.012841996500488765	0.025683993000977526	-0.012841996500488761	-0.012841996500488761	0.9871580034995107	0.012841996500488763	0.025683993000977526	-0.012841996500488756	-0.012841996500488758	-0.012841996500488761	0.012934571633803916	0.02559140708064334	-0.012841985713469733	-0.012842007712228924	-0.012841985288748603	0.004425215167654541
-0.0021403327500814622	-0.004280665500162924	0.0021403327500814614	0.0021403327500814614	0.002140332750081461	0.9978596672499187	-0.004280665500162923	0.0021403327500814605	0.00214033275008146	0.0021403327500814605	-0.00215576193896732	-0.004265234513440562	0.0021403309522449567	0.002140334618704821	0.002140330881458101	-0.0007375358612757571
-0.008561331000325847	-0.01712266200065169	0.008561331000325844	0.008561331000325844	0.00856133100032584	-0.008561331000325845	0.9828773379993486	0.00856133100032584	0.008561331000325837	0.008561331000325842	-0.008623047755869273	-0.017060938053762242	0.008561323808979823	0.008561338474819285	0.008561323525832401	-0.002950143445103027
0.004280665500162921	0.008561331000325838	-0.004280665500162919	-0.004280665500162918	-0.0042806655001629175	0.00428066550016292	0.008561331000325838	0.9957193344998366	-0.0042806655001629175	-0.004280665500162919	0.004311523877934637	0.00853046902688112	-0.004280661904489911	-0.0042806692374096405	-0.0042806617629162005	0.0014750717225515133
0.006420998250244382	0.012841996500488765	-0.0064209982502443815	-0.0064209982502443815	-0.006420998250244381	0.006420998250244385	0.012841996500488766	-0.006420998250244381	0.9935790017497551	-0.0064209982502443815	0.006467285816901959	0.012795703540321671	-0.006420992856734869	-0.0064210038561144656	-0.006420992644374301	0.002212607583827271
0.012841996500488763	0.025683993000977522	-0.01284199650048876	-0.012841996500488761	-0.01284199650048876	0.012841996500488768	0.02568399300097753	-0.012841996500488761	-0.01284199650048876	0.9871580034995111	0.012934571633803916	0.025591407080643343	-0.012841985713469737	-0.012842007712228928	-0.0128419852887486	0.004425215167654542
-0.0021302194878153697	-0.004260438975630739	0.0021302194878153693	0.002130219487815369	0.0021302194878153693	-0.0021302194878153706	-0.00426043897563074	0.00213021948781537	0.0021302194878153693	0.0021302194878153693	0.9585402953238014	0.0350574035573235	0.0021418621432450196	0.002129853270332515	0.002130585705298224	-0.04284694641356163
-0.007859930156857486	-0.015719860313714973	0.007859930156857486	0.007859930156857483	0.00785993015685748	-0.007859930156857483	-0.015719860313714962	0.007859930156857481	0.007859930156857481	0.007859930156857481	0.08749526641319608	0.8889231100881215	0.007861763184967686	0.007859220947629244	0.007860639366085725	-0.08406586833098303
0.004280665380268816	0.008561330760537632	-0.004280665380268815	-0.004280665380268815	-0.004280665380268813	0.004280665380268817	0.008561330760537632	-0.004280665380268814	-0.004280665380268813	-0.004280665380268813	0.004335069294030132	0.008528931976898005	0.9956973294896099	-0.0042806693030043065	-0.0042806614575333244	0.001454518978830672
0.0064210488735048435	0.012842097747009689	-0.0064210488735048435	-0.006421048873504843	-0.006421048873504842	0.006421048873504844	0.012842097747009687	-0.006421048873504843	-0.006421048873504843	-0.0064210488735048435	0.0064681696979938755	0.012794971328829029	-0.00642104327981321	0.9935714035043234	-0.006413501251333046	0.002205942345710179
0.012841996333909754	0.025683992667819507	-0.012841996333909754	-0.012841996333909752	-0.01284199633390975	0.012841996333909759	0.02568399266781951	-0.012841996333909754	-0.012841996333909752	-0.012841996333909755	0.012936237718985012	0.025589740095374593	-0.012841985146540091	-0.012826923721101995	0.9871429310532822	0.004411844206790575
-0.006360869237070514	-0.012721738474141027	0.006360869237070513	0.006360869237070512	0.006360869237070511	-0.006360869237070516	-0.012721738474141028	0.006360869237070514	0.006360869237070512	0.006360869237070514	-0.24215961497328858	0.22313919961280107	0.006298676886346377	0.0063737501369745715	0.006347988337166458	0.7451155781804176