0.999207408194513	-0.001585183610973603	0.0007925918054868013	0.0007925918054868018	0.0007925918054868019	-0.0007925918054868014	-0.0015851836109736035	0.0007925918054868019	0.0007925918054868018	0.0007925918054868018	-0.0007949394935728024	-0.001582835348604006	0.0007925912312032042	0.0007925919297920774	0.0007925916811815266	-0.00033423392350823394
-0.0031703672219472053	0.9936592655561052	0.003170367221947206	0.0031703672219472075	0.0031703672219472075	-0.003170367221947206	-0.006340734443894415	0.0031703672219472075	0.0031703672219472075	0.0031703672219472075	-0.0031797579742912107	-0.006331341394416024	0.0031703649248128185	0.00317036771916831	0.0031703667247261064	-0.0013369356940329362
0.0015851836109736029	0.003170367221947206	0.9984148163890258	-0.0015851836109736035	-0.0015851836109736037	0.0015851836109736029	0.003170367221947207	-0.0015851836109736037	-0.0015851836109736037	-0.0015851836109736037	0.001589878987145605	0.003165670697208012	-0.001585182462406409	-0.0015851838595841545	-0.001585183362363053	0.000668467847016468
0.002377775416460405	0.004755550832920811	-0.0023777754164604047	0.9976222245835394	-0.002377775416460405	0.0023777754164604043	0.004755550832920808	-0.0023777754164604047	-0.0023777754164604047	-0.002377775416460405	0.002384818480718408	0.004748506045812018	-0.002377773693609615	-0.0023777757893762314	-0.0023777750435445798	0.0010027017705247024
0.004755550832920811	0.009511101665841622	-0.0047555508329208095	-0.00475555083292081	0.9952444491670799	0.004755550832920812	0.009511101665841622	-0.004755550832920812	-0.004755550832920812	-0.004755550832920813	0.004769636961436817	0.009497012091624039	-0.0047555473872192295	-0.004755551578752465	-0.0047555500870891595	0.0020054035410494043
-0.0007925918054868016	-0.0015851836109736037	0.0007925918054868018	0.000792591805486802	0.0007925918054868019	0.999207408194513	-0.0015851836109736037	0.000792591805486802	0.0007925918054868019	0.000792591805486802	-0.0007949394935728026	-0.0015828353486040064	0.0007925912312032043	0.0007925919297920775	0.0007925916811815264	-0.00033423392350823394
-0.0031703672219472075	-0.006340734443894416	0.003170367221947208	0.0031703672219472088	0.003170367221947208	-0.003170367221947207	0.9936592655561054	0.0031703672219472083	0.0031703672219472083	0.0031703672219472083	-0.003179757974291211	-0.0063313413944160275	0.003170364924812818	0.0031703677191683094	0.0031703667247261064	-0.0013369356940329362
0.0015851836109736035	0.003170367221947208	-0.0015851836109736037	-0.0015851836109736042	-0.001585183610973604	0.0015851836109736033	0.003170367221947208	0.9984148163890267	-0.0015851836109736042	-0.0015851836109736044	0.0015898789871456056	0.0031656706972080133	-0.001585182462406409	-0.0015851838595841551	-0.0015851833623630532	0.0006684678470164681
0.002377775416460405	0.004755550832920811	-0.0023777754164604047	-0.002377775416460405	-0.002377775416460406	0.002377775416460405	0.00475555083292081	-0.0023777754164604047	0.9976222245835396	-0.0023777754164604056	0.0023848184807184077	0.00474850604581202	-0.0023777736936096143	-0.0023777757893762314	-0.0023777750435445798	0.001002701770524702
0.004755550832920813	0.009511101665841626	-0.004755550832920811	-0.004755550832920812	-0.004755550832920813	0.004755550832920812	0.009511101665841624	-0.004755550832920811	-0.004755550832920811	0.9952444491670795	0.004769636961436817	0.009497012091624039	-0.004755547387219229	-0.004755551578752465	-0.00475555008708916	0.0020054035410494043
-0.0007917816377322059	-0.0015835632754644122	0.0007917816377322061	0.0007917816377322061	0.0007917816377322062	-0.0007917816377322059	-0.0015835632754644126	0.0007917816377322063	0.0007917816377322061	0.0007917816377322063	0.979378539689725	0.018240222756050434	0.0007976742787603198	0.0007917189538100924	0.0007918443216543199	-0.02100020707590453
-0.003058952961089542	-0.006117905922179086	0.003058952961089543	0.0030589529610895432	0.003058952961089543	-0.0030589529610895415	-0.006117905922179086	0.0030589529610895424	0.0030589529610895424	0.003058952961089543	0.04161302292124464	0.9492093771721013	0.0030596939844749183	0.0030588296632217257	0.0030590762589573594	-0.04176956954092484
0.001585183600229405	0.0031703672004588105	-0.0015851836002294052	-0.0015851836002294054	-0.0015851836002294054	0.0015851836002294046	0.003170367200458811	-0.0015851836002294052	-0.0015851836002294052	-0.0015851836002294054	0.001601673741296607	0.0031651269851672797	0.9984035664739948	-0.0015851838820025385	-0.0015851833184562728	0.0006577737406149893
0.002377782174169713	0.004755564348339427	-0.0023777821741697122	-0.0023777821741697127	-0.0023777821741697135	0.002377782174169713	0.004755564348339426	-0.0023777821741697127	-0.0023777821741697122	-0.002377782174169713	0.0023849854193937065	0.004748359338682562	-0.002377780409736839	0.9976194210384247	-0.0023749853867643623	0.0010000727376938594
0.0047555508270030866	0.009511101654006173	-0.004755550827003085	-0.004755550827003086	-0.0047555508270030866	0.004755550827003086	0.009511101654006171	-0.004755550827003086	-0.004755550827003085	-0.004755550827003087	0.0047699572984506704	0.009496691653697391	-0.004755547298141884	-0.004749958773818061	0.9952388571198121	0.0020001394184426266
-0.002373004133022865	-0.00474600826604573	0.002373004133022864	0.002373004133022865	0.002373004133022865	-0.002373004133022864	-0.004746008266045729	0.002373004133022864	0.002373004133022864	0.002373004133022865	-0.12127685788200472	0.11418999526197696	0.002340854353981961	0.002378220454146182	0.0023677878118995473	0.8749954865882528