0.9997942609112701	-0.00041147817745904584	0.00020573908872952295	0.00020573908872952292	0.0002057390887295229	-0.00020573908872952292	-0.0004114781774590458	0.00020573908872952292	0.00020573908872952286	0.0002057390887295229	-0.00020580684072366273	-0.0004114104072289455	0.0002057390704935626	0.00020573909133045408	0.00020573908612859178	-0.000097626660356152
-0.0008229563549180916	0.9983540872901642	0.0008229563549180918	0.0008229563549180917	0.0008229563549180916	-0.0008229563549180917	-0.0016459127098361831	0.0008229563549180918	0.0008229563549180915	0.0008229563549180916	-0.000823227362894651	-0.0016456416289157825	0.0008229562819742504	0.0008229563653218165	0.0008229563445143669	-0.0003905066414246081
0.0004114781774590457	0.0008229563549180915	0.9995885218225408	-0.0004114781774590458	-0.00041147817745904573	0.00041147817745904573	0.0008229563549180912	-0.00041147817745904573	-0.0004114781774590456	-0.0004114781774590457	0.00041161368144732545	0.0008228208144578914	-0.00041147814098712514	-0.0004114781826609083	-0.0004114781722571834	0.00019525332071230399
0.0006172172661885689	0.0012344345323771378	-0.0006172172661885689	0.9993827827338114	-0.000617217266188569	0.000617217266188569	0.0012344345323771378	-0.0006172172661885689	-0.0006172172661885689	-0.0006172172661885691	0.0006174205221709884	0.0012342312216868366	-0.0006172172114806882	-0.0006172172739913621	-0.0006172172583857752	0.00029287998106845603
0.001234434532377138	0.002468869064754276	-0.001234434532377138	-0.0012344345323771378	0.9987655654676226	0.0012344345323771376	0.002468869064754275	-0.0012344345323771378	-0.0012344345323771373	-0.0012344345323771378	0.001234841044341977	0.0024684624433736735	-0.0012344344229613766	-0.0012344345479827247	-0.0012344345167715504	0.0005857599621369123
-0.0002057390887295229	-0.00041147817745904584	0.00020573908872952292	0.00020573908872952292	0.00020573908872952292	0.9997942609112705	-0.00041147817745904584	0.00020573908872952295	0.0002057390887295229	0.00020573908872952295	-0.00020580684072366275	-0.0004114104072289457	0.00020573907049356257	0.00020573909133045416	0.00020573908612859173	-0.00009762666035615203
-0.0008229563549180917	-0.0016459127098361836	0.0008229563549180918	0.0008229563549180918	0.0008229563549180918	-0.0008229563549180918	0.9983540872901638	0.0008229563549180917	0.0008229563549180913	0.0008229563549180917	-0.000823227362894651	-0.0016456416289157825	0.0008229562819742502	0.0008229563653218166	0.0008229563445143667	-0.00039050664142460797
0.00041147817745904584	0.0008229563549180918	-0.0004114781774590459	-0.0004114781774590459	-0.0004114781774590459	0.0004114781774590459	0.0008229563549180916	0.999588521822541	-0.00041147817745904573	-0.00041147817745904584	0.00041161368144732545	0.0008228208144578914	-0.00041147814098712503	-0.00041147818266090827	-0.00041147817225718335	0.000195253320712304
0.0006172172661885687	0.0012344345323771373	-0.0006172172661885687	-0.0006172172661885686	-0.0006172172661885688	0.0006172172661885687	0.0012344345323771376	-0.0006172172661885689	0.9993827827338112	-0.0006172172661885689	0.0006174205221709886	0.0012342312216868366	-0.0006172172114806881	-0.0006172172739913622	-0.0006172172583857751	0.00029287998106845614
0.0012344345323771378	0.0024688690647542756	-0.0012344345323771378	-0.0012344345323771376	-0.001234434532377138	0.0012344345323771378	0.0024688690647542756	-0.0012344345323771382	-0.0012344345323771376	0.998765565467623	0.0012348410443419771	0.0024684624433736735	-0.001234434422961376	-0.0012344345479827247	-0.00123443451677155	0.0005857599621369124
-0.00020571965297615314	-0.00041143930595230634	0.00020571965297615317	0.00020571965297615314	0.00020571965297615312	-0.00020571965297615312	-0.0004114393059523061	0.00020571965297615312	0.00020571965297615306	0.0002057196529761531	0.9933892930596679	0.005991733463065441	0.00020753417131413806	0.000205714813914786	0.00020572449203752036	-0.0065873666034678
-0.0008146353882694847	-0.0016292707765389693	0.0008146353882694847	0.0008146353882694847	0.0008146353882694846	-0.0008146353882694846	-0.0016292707765389687	0.0008146353882694846	0.0008146353882694843	0.0008146353882694843	0.01250072814358855	0.9850552853703417	0.0008147157095305746	0.0008146257606538506	0.0008146450158851184	-0.013277615475170366
0.00041147817737747036	0.0008229563547549408	-0.0004114781773774704	-0.0004114781773774704	-0.00041147817737747036	0.00041147817737747036	0.0008229563547549406	-0.0004114781773774704	-0.0004114781773774703	-0.00041147817737747025	0.00041524289457680247	0.000822763042722867	0.999584950417455	-0.0004114781852178286	-0.0004114781695371121	0.00019174015354317674
0.0006172177162978616	0.0012344354325957232	-0.0006172177162978617	-0.0006172177162978616	-0.0006172177162978617	0.0006172177162978616	0.0012344354325957232	-0.0006172177162978618	-0.0006172177162978616	-0.0006172177162978617	0.0006174347519050579	0.0012342183385421904	-0.0006172176578515248	0.9993820560990968	-0.0006164915316926045	0.00029216792825995997
0.0012344345323387059	0.0024688690646774117	-0.001234434532338706	-0.001234434532338706	-0.001234434532338706	0.0012344345323387059	0.0024688690646774117	-0.001234434532338706	-0.0012344345323387056	-0.0012344345323387059	0.0012348686033945425	0.0024684348767289427	-0.0012344344154460738	-0.001232982196421115	0.9987641131317437	0.0005843354225989999
-0.0006171074866549776	-0.0012342149733099552	0.0006171074866549777	0.0006171074866549776	0.0006171074866549777	-0.0006171074866549776	-0.0012342149733099552	0.0006171074866549777	0.0006171074866549776	0.0006171074866549778	-0.039025440960697794	0.037184660090978656	0.0006065658964091662	0.0006185307959719413	0.0006156841773380143	0.9607671826044167