0.9996913707075837	-0.0006172585848326184	0.00030862929241630936	0.0003086292924163093	0.0003086292924163093	-0.00030862929241630915	-0.0006172585848326184	0.00030862929241630936	0.00030862929241630936	0.0003086292924163093	-0.00030883809994108565	-0.000617049721893415	0.00030862923700188176	0.00030862930089083074	0.00030862928394178804	-0.00014304414901438533
-0.001234517169665237	0.9975309656606689	0.0012345171696652377	0.0012345171696652377	0.0012345171696652377	-0.001234517169665237	-0.0024690343393304753	0.001234517169665238	0.001234517169665238	0.0012345171696652379	-0.0012353523997643426	-0.0024681988875736582	0.0012345169480075266	0.0012345172035633227	0.0012345171357671524	-0.0005721765960575416
0.0006172585848326187	0.0012345171696652375	0.9993827414151679	-0.000617258584832619	-0.000617258584832619	0.0006172585848326187	0.0012345171696652377	-0.000617258584832619	-0.000617258584832619	-0.000617258584832619	0.0006176761998821713	0.0012340994437868296	-0.0006172584740037634	-0.0006172586017816616	-0.0006172585678835766	0.0002860882980287706
0.0009258878772489288	0.0018517757544978574	-0.0009258878772489289	0.9990741121227514	-0.0009258878772489287	0.0009258878772489285	0.0018517757544978572	-0.0009258878772489287	-0.0009258878772489288	-0.0009258878772489288	0.000926514299823257	0.0018511491656802454	-0.0009258877110056452	-0.0009258879026724928	-0.0009258878518253647	0.0004291324470431559
0.0018517757544978572	0.003703551508995714	-0.0018517757544978572	-0.0018517757544978572	0.9981482242455022	0.001851775754497857	0.0037035515089957134	-0.0018517757544978572	-0.0018517757544978572	-0.0018517757544978576	0.001853028599646514	0.0037022983313604913	-0.0018517754220112907	-0.0018517758053449855	-0.001851775703650729	0.000858264894086312
-0.00030862929241630925	-0.0006172585848326185	0.0003086292924163094	0.00030862929241630936	0.00030862929241630936	0.9996913707075837	-0.0006172585848326185	0.0003086292924163094	0.0003086292924163094	0.00030862929241630936	-0.0003088380999410856	-0.0006170497218934147	0.00030862923700188154	0.0003086293008908308	0.0003086292839417881	-0.00014304414901438533
-0.001234517169665237	-0.002469034339330474	0.0012345171696652377	0.0012345171696652375	0.0012345171696652375	-0.0012345171696652372	0.997530965660669	0.0012345171696652375	0.0012345171696652377	0.0012345171696652377	-0.0012353523997643424	-0.0024681988875736582	0.0012345169480075264	0.001234517203563323	0.0012345171357671524	-0.0005721765960575412
0.0006172585848326185	0.001234517169665237	-0.0006172585848326187	-0.0006172585848326186	-0.0006172585848326186	0.0006172585848326185	0.0012345171696652372	0.9993827414151676	-0.000617258584832619	-0.000617258584832619	0.0006176761998821714	0.0012340994437868302	-0.0006172584740037635	-0.0006172586017816617	-0.0006172585678835762	0.00028608829802877065
0.0009258878772489285	0.0018517757544978567	-0.0009258878772489286	-0.0009258878772489286	-0.0009258878772489288	0.0009258878772489286	0.0018517757544978567	-0.0009258878772489287	0.9990741121227513	-0.0009258878772489288	0.000926514299823257	0.0018511491656802454	-0.0009258877110056451	-0.000925887902672493	-0.0009258878518253644	0.0004291324470431559
0.001851775754497857	0.0037035515089957134	-0.0018517757544978572	-0.0018517757544978572	-0.0018517757544978576	0.0018517757544978572	0.0037035515089957134	-0.0018517757544978574	-0.0018517757544978572	0.9981482242455022	0.001853028599646514	0.0037022983313604913	-0.0018517754220112904	-0.0018517758053449857	-0.001851775703650729	0.0008582648940863116
-0.00030856818322764644	-0.0006171363664552928	0.00030856818322764655	0.0003085681832276465	0.0003085681832276465	-0.00030856818322764644	-0.000617136366455293	0.00030856818322764655	0.00030856818322764655	0.0003085681832276465	0.9904950037390297	0.008576657742318061	0.0003112021521969914	0.00030855757756517347	0.00030857878889011957	-0.009516266077379923
-0.0012161728277283051	-0.0024323456554566102	0.0012161728277283058	0.0012161728277283056	0.0012161728277283056	-0.0012161728277283053	-0.0024323456554566107	0.0012161728277283053	0.0012161728277283056	0.0012161728277283056	0.01823328253100783	0.9781180332303017	0.0012163385832338661	0.0012161517750735034	0.0012161938803831067	-0.01912783464594857
0.000617258584453516	0.0012345171689070319	-0.0006172585844535162	-0.0006172585844535162	-0.0006172585844535162	0.0006172585844535159	0.0012345171689070319	-0.000617258584453516	-0.0006172585844535162	-0.000617258584453516	0.0006229447235707671	0.0012339798364893464	0.9993775926088467	-0.0006172586071506238	-0.0006172585617564083	0.000281060489757217
0.0009258888921917545	0.001851777784383509	-0.0009258888921917548	-0.0009258888921917548	-0.0009258888921917549	0.0009258888921917546	0.001851777784383509	-0.000925888892191755	-0.0009258888921917546	-0.0009258888921917548	0.0009265448362847772	0.0018511216661059623	-0.0009258887180072303	0.9990730218173907	-0.0009247996017743698	0.00042807357009959666
0.0018517757543157051	0.0037035515086314107	-0.0018517757543157055	-0.0018517757543157055	-0.001851775754315706	0.0018517757543157055	0.0037035515086314102	-0.0018517757543157058	-0.0018517757543157053	-0.0018517757543157058	0.00185308764179302	0.0037022392727852366	-0.0018517754059468449	-0.001849597279831292	0.9981460457712	0.0008561461763294386
-0.0009255362293193668	-0.0018510724586387336	0.0009255362293193669	0.0009255362293193668	0.000925536229319367	-0.000925536229319367	-0.0018510724586387336	0.0009255362293193671	0.000925536229319367	0.000925536229319367	-0.05607266902916764	0.05331115008110034	0.0009104464894285548	0.0009276510951405874	0.0009234213634981465	0.9433292648244598