0.9993573288554395	-0.0012853422891206774	0.0006426711445603387	0.0006426711445603387	0.0006426711445603386	-0.0006426711445603388	-0.0012853422891206778	0.0006426711445603387	0.0006426711445603388	0.0006426711445603387	-0.0006440885851191133	-0.001283924491732455	0.000642670787730891	0.000642671213602244	0.0006426710755184329	-0.000278418787610673
-0.0025706845782413543	0.9948586308435172	0.0025706845782413543	0.0025706845782413543	0.0025706845782413534	-0.0025706845782413547	-0.00514136915648271	0.0025706845782413543	0.0025706845782413543	0.002570684578241354	-0.0025763543404764533	-0.005135697966929818	0.0025706831509235634	0.0025706848544089773	0.0025706843020737334	-0.001113675150442692
0.0012853422891206778	0.002570684578241356	0.9987146577108794	-0.0012853422891206774	-0.0012853422891206771	0.0012853422891206776	0.0025706845782413556	-0.0012853422891206776	-0.0012853422891206776	-0.0012853422891206774	0.0012881771702382267	0.002567848983464911	-0.001285341575461782	-0.0012853424272044887	-0.0012853421510368663	0.0005568375752213461
0.0019280134336810161	0.0038560268673620323	-0.0019280134336810161	0.9980719865663192	-0.001928013433681016	0.0019280134336810161	0.0038560268673620327	-0.0019280134336810157	-0.0019280134336810161	-0.001928013433681016	0.001932265755357339	0.003851773475197367	-0.001928012363192673	-0.0019280136408067338	-0.001928013226555299	0.0008352563628320195
0.003856026867362031	0.007712053734724062	-0.003856026867362031	-0.0038560268673620314	0.9961439731326377	0.0038560268673620314	0.007712053734724063	-0.0038560268673620305	-0.003856026867362031	-0.0038560268673620305	0.003864531510714677	0.007703546950394731	-0.003856024726385345	-0.0038560272816134666	-0.0038560264531105966	0.0016705127256640385
-0.0006426711445603388	-0.0012853422891206778	0.0006426711445603388	0.0006426711445603388	0.0006426711445603387	0.9993573288554399	-0.0012853422891206778	0.0006426711445603388	0.0006426711445603388	0.0006426711445603387	-0.0006440885851191133	-0.0012839244917324548	0.0006426707877308911	0.0006426712136022443	0.0006426710755184331	-0.00027841878761067303
-0.0025706845782413547	-0.005141369156482709	0.0025706845782413547	0.0025706845782413547	0.0025706845782413543	-0.0025706845782413547	0.9948586308435176	0.0025706845782413543	0.0025706845782413543	0.0025706845782413534	-0.002576354340476453	-0.005135697966929819	0.002570683150923564	0.002570684854408978	0.0025706843020737325	-0.0011136751504426917
0.0012853422891206774	0.0025706845782413556	-0.0012853422891206774	-0.0012853422891206774	-0.0012853422891206771	0.0012853422891206778	0.0025706845782413556	0.9987146577108793	-0.0012853422891206771	-0.0012853422891206771	0.0012881771702382267	0.00256784898346491	-0.0012853415754617817	-0.001285342427204489	-0.001285342151036866	0.0005568375752213462
0.001928013433681016	0.003856026867362032	-0.001928013433681016	-0.0019280134336810164	-0.001928013433681016	0.0019280134336810161	0.0038560268673620327	-0.001928013433681016	0.9980719865663189	-0.0019280134336810157	0.0019322657553573395	0.0038517734751973656	-0.0019280123631926725	-0.001928013640806734	-0.0019280132265552985	0.0008352563628320194
0.0038560268673620305	0.007712053734724061	-0.0038560268673620305	-0.003856026867362031	-0.00385602686736203	0.0038560268673620305	0.007712053734724062	-0.0038560268673620305	-0.0038560268673620305	0.9961439731326378	0.003864531510714678	0.007703546950394729	-0.0038560247263853455	-0.0038560272816134675	-0.0038560264531105957	0.0016705127256640385
-0.000642208793347149	-0.0012844175866942981	0.000642208793347149	0.000642208793347149	0.000642208793347149	-0.0006422087933471491	-0.001284417586694298	0.0006422087933471488	0.0006422087933471487	0.0006422087933471488	0.9824670699005421	0.015601328954925081	0.0006471835578391422	0.0006421662538296264	0.000642251332864671	-0.01777634346693627
-0.002495705484614182	-0.004991410969228365	0.002495705484614182	0.002495705484614182	0.0024957054846141817	-0.002495705484614182	-0.004991410969228365	0.002495705484614182	0.0024957054846141817	0.002495705484614182	0.03492348920128775	0.9575888460523505	0.0024962537771332327	0.002495621594507373	0.0024957893747209934	-0.03545755556186348
0.0012853422838008336	0.0025706845676016677	-0.0012853422838008336	-0.0012853422838008332	-0.001285342283800833	0.0012853422838008336	0.0025706845676016672	-0.0012853422838008338	-0.0012853422838008336	-0.0012853422838008336	0.0012981317023127708	0.0025674489855001784	0.9987051038797888	-0.0012853424445443936	-0.0012853421230572728	0.0005476918255590309
0.0019280178636230801	0.003856035727246161	-0.0019280178636230801	-0.0019280178636230806	-0.00192801786362308	0.0019280178636230801	0.0038560357272461603	-0.0019280178636230801	-0.0019280178636230801	-0.00192801786362308	0.0019323814359079225	0.003851671055291632	-0.0019280167639533939	0.9980697142211461	-0.0019257499483919178	0.0008331044632314918
0.003856026864572476	0.007712053729144952	-0.0038560268645724764	-0.0038560268645724764	-0.0038560268645724755	0.0038560268645724755	0.007712053729144951	-0.0038560268645724755	-0.0038560268645724755	-0.003856026864572475	0.0038647539996629855	0.007703324394717418	-0.0038560246652354527	-0.0038514918824508536	0.9961394381533055	0.0016662048913064097
-0.0019252999716828628	-0.003850599943365726	0.001925299971682863	0.0019252999716828632	0.001925299971682862	-0.0019252999716828628	-0.0038505999433657255	0.0019252999716828625	0.0019252999716828623	0.0019252999716828625	-0.10320830500640907	0.09745988341680675	0.0018978216462365426	0.0019295799229886775	0.001921020020377047	0.8941723695717718