0.99986645627976	-0.0002670874404807089	0.00013354372024035446	0.00013354372024035446	0.00013354372024035446	-0.00013354372024035446	-0.0002670874404807089	0.00013354372024035444	0.00013354372024035444	0.00013354372024035444	-0.0001335634944442838	-0.00026706766090351714	0.00013354371486709222	0.0001335437209704246	0.00013354371951028424	-0.00006448654621203892
-0.0005341748809614177	0.9989316502380772	0.0005341748809614176	0.0005341748809614175	0.0005341748809614176	-0.0005341748809614176	-0.0010683497619228353	0.0005341748809614175	0.0005341748809614175	0.0005341748809614176	-0.000534253977777135	-0.0010682706436140681	0.0005341748594683684	0.0005341748838816982	0.0005341748780411368	-0.0002579461848481555
0.00026708744048070893	0.0005341748809614176	0.9997329125595196	-0.0002670874404807088	-0.0002670874404807088	0.0002670874404807088	0.0005341748809614175	-0.0002670874404807088	-0.0002670874404807088	-0.0002670874404807089	0.00026712698888856746	0.0005341353218070341	-0.00026708742973418416	-0.0002670874419408492	-0.0002670874390205684	0.0001289730924240778
0.00040063116072106307	0.0008012623214421261	-0.000400631160721063	0.9995993688392788	-0.0004006311607210632	0.00040063116072106307	0.0008012623214421261	-0.00040063116072106296	-0.00040063116072106296	-0.0004006311607210631	0.0004006904833328512	0.0008012029827105515	-0.0004006311446012763	-0.0004006311629112739	-0.00040063115853085265	0.00019345963863611675
0.0008012623214421265	0.001602524642884253	-0.0008012623214421263	-0.0008012623214421263	0.999198737678558	0.0008012623214421265	0.001602524642884253	-0.0008012623214421265	-0.0008012623214421263	-0.0008012623214421266	0.0008013809666657028	0.001602405965421103	-0.0008012622892025525	-0.0008012623258225477	-0.0008012623170617055	0.0003869192772722335
-0.00013354372024035444	-0.0002670874404807088	0.00013354372024035446	0.00013354372024035446	0.00013354372024035446	0.9998664562797598	-0.00026708744048070893	0.00013354372024035446	0.0001335437202403545	0.0001335437202403545	-0.00013356349444428376	-0.0002670676609035172	0.00013354371486709214	0.00013354372097042455	0.00013354371951028427	-0.00006448654621203892
-0.0005341748809614177	-0.0010683497619228353	0.0005341748809614179	0.0005341748809614179	0.0005341748809614179	-0.0005341748809614179	0.9989316502380771	0.0005341748809614177	0.0005341748809614177	0.0005341748809614177	-0.000534253977777135	-0.0010682706436140684	0.0005341748594683685	0.0005341748838816985	0.0005341748780411365	-0.0002579461848481556
0.00026708744048070893	0.0005341748809614177	-0.000267087440480709	-0.000267087440480709	-0.000267087440480709	0.000267087440480709	0.000534174880961418	0.9997329125595192	-0.00026708744048070893	-0.00026708744048070893	0.00026712698888856746	0.0005341353218070343	-0.00026708742973418427	-0.0002670874419408491	-0.0002670874390205684	0.00012897309242407783
0.0004006311607210631	0.0008012623214421262	-0.00040063116072106307	-0.00040063116072106307	-0.0004006311607210631	0.00040063116072106307	0.0008012623214421261	-0.000400631160721063	0.9995993688392788	-0.0004006311607210632	0.0004006904833328514	0.0008012029827105515	-0.0004006311446012763	-0.00040063116291127386	-0.0004006311585308527	0.00019345963863611675
0.0008012623214421266	0.0016025246428842531	-0.0008012623214421265	-0.0008012623214421265	-0.0008012623214421266	0.0008012623214421265	0.001602524642884253	-0.0008012623214421262	-0.0008012623214421265	0.9991987376785579	0.0008013809666657029	0.001602405965421103	-0.0008012622892025528	-0.0008012623258225477	-0.0008012623170617055	0.00038691927727223366
-0.00013353803366794004	-0.00026707606733588	0.00013353803366794004	0.00013353803366794004	0.00013353803366794004	-0.00013353803366794004	-0.00026707606733588	0.00013353803366794004	0.00013353803366794007	0.00013353803366794007	0.9955721334245303	0.004026046002173705	0.00013474450596012995	0.00013353595513651304	0.00013354011219936693	-0.0043965253166267995
-0.0005306155585027585	-0.001061231117005517	0.0005306155585027585	0.0005306155585027585	0.0005306155585027585	-0.0005306155585027586	-0.0010612311170055172	0.0005306155585027586	0.0005306155585027587	0.0005306155585027587	0.008282105163831549	0.9901260121550253	0.0005306515641375469	0.0005306114161993694	0.0005306197008061473	-0.00888018394919734
0.0002670874404654033	0.0005341748809308065	-0.0002670874404654033	-0.0002670874404654033	-0.00026708744046540325	0.00026708744046540325	0.0005341748809308064	-0.00026708744046540325	-0.00026708744046540325	-0.00026708744046540325	0.0002695399797013943	0.0005341094847653777	0.9997305254164641	-0.0002670874430639068	-0.00026708743786689953	0.0001266119248702653
0.0004006313500902573	0.0008012627001805145	-0.0004006313500902573	-0.0004006313500902572	-0.0004006313500902573	0.00040063135009025717	0.0008012627001805144	-0.0004006313500902572	-0.0004006313500902572	-0.0004006313500902573	0.000400696693657897	0.0008011973388493101	-0.00040063133232669273	0.9995988972697327	-0.00040015996991304693	0.00019299441230536277
0.0008012623214349817	0.0016025246428699633	-0.0008012623214349817	-0.0008012623214349816	-0.0008012623214349817	0.0008012623214349816	0.0016025246428699633	-0.0008012623214349817	-0.0008012623214349816	-0.0008012623214349818	0.0008013930085388118	0.0016023939202390123	-0.0008012622859078611	-0.0008003195707224519	0.9991977949278524	0.0003859886399751238
-0.00040059997389148375	-0.0008011999477829675	0.00040059997389148375	0.00040059997389148364	0.00040059997389148375	-0.0004005999738914838	-0.0008011999477829676	0.00040059997389148386	0.00040059997389148386	0.00040059997389148386	-0.026152207891331315	0.02495749209013548	0.0003935158534128668	0.00040153025559560684	0.0003996696921873609	0.973813344491687