0.9992688257029612	-0.0014623485940784857	0.0007311742970392427	0.0007311742970392427	0.0007311742970392426	-0.0007311742970392429	-0.0014623485940784854	0.0007311742970392426	0.0007311742970392426	0.0007311742970392427	-0.0007331134330772881	-0.0014604089778563446	0.0007311738168551482	0.0007311743962473692	0.0007311741978311158	-0.00031169538843317193
-0.0029246971881569713	0.9941506056236863	0.0029246971881569704	0.0029246971881569704	0.0029246971881569704	-0.0029246971881569713	-0.005849394376313942	0.002924697188156971	0.002924697188156971	0.0029246971881569717	-0.0029324537323091523	-0.005841635911425378	0.0029246952674205928	0.002924697584989477	0.002924696791324463	-0.0012467815537326875
0.0014623485940784852	0.0029246971881569704	0.9985376514059211	-0.0014623485940784852	-0.0014623485940784852	0.0014623485940784857	0.002924697188156971	-0.0014623485940784852	-0.0014623485940784852	-0.0014623485940784854	0.0014662268661545757	0.002920817955712689	-0.0014623476337102962	-0.0014623487924947387	-0.0014623483956622317	0.0006233907768663435
0.0021935228911177268	0.004387045782235452	-0.002193522891117726	0.997806477108882	-0.0021935228911177268	0.002193522891117727	0.004387045782235455	-0.0021935228911177263	-0.002193522891117727	-0.0021935228911177276	0.0021993402992318643	0.004381226933569036	-0.002193521450565444	-0.002193523188742107	-0.0021935225934933454	0.0009350861652995155
0.004387045782235455	0.008774091564470907	-0.0043870457822354535	-0.004387045782235453	0.9956129542177643	0.004387045782235456	0.008774091564470912	-0.0043870457822354535	-0.004387045782235455	-0.004387045782235456	0.0043986805984637285	0.00876245386713807	-0.004387042901130884	-0.0043870463774842135	-0.004387045186986692	0.0018701723305990312
-0.0007311742970392427	-0.0014623485940784854	0.0007311742970392427	0.0007311742970392426	0.0007311742970392426	0.9992688257029612	-0.0014623485940784854	0.0007311742970392427	0.0007311742970392427	0.0007311742970392429	-0.0007331134330772883	-0.0014604089778563448	0.0007311738168551484	0.0007311743962473694	0.0007311741978311157	-0.00031169538843317193
-0.0029246971881569726	-0.005849394376313945	0.0029246971881569726	0.002924697188156972	0.002924697188156972	-0.0029246971881569726	0.9941506056236864	0.002924697188156971	0.002924697188156971	0.0029246971881569713	-0.0029324537323091537	-0.00584163591142538	0.0029246952674205928	0.002924697584989477	0.0029246967913244635	-0.0012467815537326875
0.0014623485940784852	0.0029246971881569704	-0.0014623485940784852	-0.001462348594078485	-0.001462348594078485	0.0014623485940784852	0.00292469718815697	0.9985376514059212	-0.0014623485940784848	-0.0014623485940784852	0.001466226866154576	0.0029208179557126887	-0.0014623476337102955	-0.0014623487924947383	-0.0014623483956622307	0.0006233907768663433
0.002193522891117728	0.004387045782235454	-0.0021935228911177268	-0.0021935228911177263	-0.0021935228911177268	0.0021935228911177276	0.004387045782235453	-0.002193522891117726	0.9978064771088823	-0.002193522891117727	0.002199340299231864	0.004381226933569034	-0.002193521450565444	-0.0021935231887421068	-0.0021935225934933454	0.0009350861652995153
0.004387045782235455	0.008774091564470907	-0.0043870457822354535	-0.004387045782235453	-0.0043870457822354535	0.004387045782235454	0.008774091564470905	-0.004387045782235452	-0.0043870457822354535	0.9956129542177646	0.004398680598463728	0.00876245386713807	-0.004387042901130888	-0.004387046377484213	-0.004387045186986693	0.0018701723305990315
-0.0007305206357514318	-0.0014610412715028638	0.0007305206357514318	0.0007305206357514318	0.0007305206357514317	-0.0007305206357514319	-0.0014610412715028635	0.0007305206357514317	0.0007305206357514317	0.0007305206357514318	0.9806123920984892	0.017190520553123572	0.0007360460768850072	0.0007304666053109572	0.0007305746661919055	-0.019709754721825685
-0.002828992063672149	-0.005657984127344298	0.002828992063672149	0.0028289920636721485	0.002828992063672148	-0.0028289920636721485	-0.005657984127344295	0.0028289920636721476	0.002828992063672148	0.0028289920636721485	0.03892567314553944	0.9525866888763942	0.0028296538507218303	0.0028288856775293557	0.00282909844981494	-0.039246694981856456
0.0014623485858488866	0.002924697171697773	-0.0014623485858488864	-0.0014623485858488866	-0.0014623485858488864	0.0014623485858488868	0.0029246971716977727	-0.001462348585848886	-0.0014623485858488857	-0.001462348585848886	0.0014772851401537194	0.002920333566621333	0.9985270784649225	-0.0014623488129280493	-0.0014623483587697225	0.0006133126725854581
0.0021935286351602956	0.00438705727032059	-0.002193528635160295	-0.0021935286351602956	-0.002193528635160296	0.0021935286351602965	0.004387057270320592	-0.002193528635160296	-0.0021935286351602965	-0.002193528635160297	0.002199485381752989	0.0043810990468521015	-0.0021935271582844995	0.9978038912312047	-0.0021909485015248953	0.0009326517166181175
0.004387045777796516	0.008774091555593028	-0.004387045777796515	-0.004387045777796515	-0.004387045777796516	0.004387045777796517	0.008774091555593031	-0.004387045777796516	-0.0043870457777965164	-0.0043870457777965164	0.004398959256393068	0.00876217512324844	-0.004387042824048468	-0.004381886726593747	0.9956077951710002	0.0018652982514965753
-0.0021896781297424226	-0.004379356259484844	0.0021896781297424226	0.0021896781297424226	0.0021896781297424226	-0.0021896781297424226	-0.004379356259484845	0.002189678129742422	0.002189678129742422	0.002189678129742422	-0.11406324265634019	0.10752449845059775	0.0021593879462575983	0.0021945132947536593	0.002184842964731187	0.8826710539645002