0.9974987481277171	-0.005002503744566406	0.002501251872283202	0.0025012518722832026	0.0025012518722832017	-0.0025012518722832013	-0.005002503744566404	0.0025012518722832013	0.0025012518722832013	0.0025012518722832013	-0.0025194447971360148	-0.004984310024508671	0.002501251077078279	0.002501254707195643	0.0025012490373707602	-0.0008191165650695302
-0.01000500748913281	0.9799899850217347	0.010005007489132809	0.010005007489132812	0.010005007489132809	-0.010005007489132807	-0.020010014978265624	0.01000500748913281	0.010005007489132809	0.010005007489132809	-0.010077779188544066	-0.01993724009803468	0.010005004308313116	0.01000501882878258	0.010004996149483041	-0.0032764662602781185
0.005002503744566405	0.010005007489132812	0.9949974962554339	-0.005002503744566406	-0.005002503744566405	0.005002503744566404	0.010005007489132812	-0.0050025037445664035	-0.0050025037445664035	-0.0050025037445664035	0.00503888959427203	0.009968620049017343	-0.005002502154156559	-0.005002509414391287	-0.005002498074741519	0.001638233130139059
0.007503755616849604	0.015007511233699216	-0.007503755616849608	0.9924962443831509	-0.007503755616849607	0.007503755616849604	0.015007511233699219	-0.007503755616849609	-0.007503755616849606	-0.007503755616849607	0.007558334391408043	0.01495293007352601	-0.007503753231234838	-0.007503764121586934	-0.007503747112112283	0.002457349695208589
0.015007511233699214	0.030015022467398435	-0.01500751123369922	-0.015007511233699217	0.9849924887663009	0.015007511233699207	0.03001502246739843	-0.015007511233699216	-0.01500751123369921	-0.015007511233699212	0.015116668782816086	0.02990586014705201	-0.01500750646246968	-0.015007528243173864	-0.015007494224224564	0.004914699390417178
-0.002501251872283202	-0.005002503744566405	0.002501251872283202	0.0025012518722832017	0.0025012518722832017	0.9974987481277167	-0.005002503744566406	0.0025012518722832017	0.0025012518722832017	0.0025012518722832017	-0.0025194447971360156	-0.004984310024508671	0.00250125107707828	0.0025012547071956446	0.002501249037370761	-0.0008191165650695301
-0.010005007489132809	-0.020010014978265624	0.010005007489132809	0.010005007489132809	0.010005007489132809	-0.010005007489132807	0.9799899850217345	0.010005007489132809	0.010005007489132809	0.010005007489132809	-0.010077779188544059	-0.01993724009803468	0.010005004308313118	0.010005018828782578	0.01000499614948304	-0.00327646626027812
0.005002503744566405	0.010005007489132814	-0.005002503744566405	-0.005002503744566405	-0.0050025037445664035	0.0050025037445664035	0.010005007489132809	0.9949974962554338	-0.0050025037445664035	-0.0050025037445664035	0.005038889594272029	0.009968620049017338	-0.005002502154156558	-0.005002509414391288	-0.005002498074741521	0.0016382331301390595
0.007503755616849603	0.015007511233699212	-0.007503755616849606	-0.007503755616849605	-0.007503755616849604	0.007503755616849604	0.015007511233699212	-0.007503755616849606	0.9924962443831502	-0.007503755616849605	0.007558334391408043	0.014952930073526004	-0.007503753231234837	-0.007503764121586931	-0.007503747112112281	0.002457349695208589
0.01500751123369921	0.030015022467398424	-0.015007511233699216	-0.015007511233699214	-0.015007511233699212	0.01500751123369921	0.03001502246739843	-0.015007511233699216	-0.015007511233699214	0.9849924887663005	0.01511666878281609	0.029905860147052012	-0.01500750646246968	-0.015007528243173862	-0.015007494224224566	0.004914699390417179
-0.002486416585766452	-0.004972833171532905	0.002486416585766452	0.002486416585766451	0.002486416585766451	-0.002486416585766451	-0.004972833171532902	0.0024864165857664514	0.0024864165857664514	0.0024864165857664514	0.9539793349764779	0.03854879540364905	0.0024990364483403367	0.0024859386869236152	0.0024868944846092866	-0.04751865565876566
-0.009071111067388601	-0.01814222213477721	0.009071111067388605	0.009071111067388601	0.0090711110673886	-0.009071111067388598	-0.018142222134777203	0.009071111067388598	0.009071111067388596	0.009071111067388594	0.09701647844801348	0.8757683918776007	0.00907290753960857	0.009070187911538331	0.009072034223238863	-0.09309270215110935
0.005002503640302262	0.010005007280604527	-0.005002503640302262	-0.005002503640302262	-0.00500250364030226	0.00500250364030226	0.010005007280604522	-0.00500250364030226	-0.00500250364030226	-0.005002503640302261	0.005064574748692954	0.009966970501994245	0.9949734620299168	-0.00500250955033461	-0.005002497730269911	0.0016156391548573835
0.007503825261906709	0.015007650523813422	-0.007503825261906709	-0.0075038252619067086	-0.007503825261906709	0.007503825261906708	0.015007650523813419	-0.0075038252619067086	-0.007503825261906707	-0.007503825261906709	0.0075594790735838205	0.01495199407251533	-0.0075038226222857276	0.9924873566049855	-0.007495007128799414	0.002449666487204779
0.015007510959666332	0.030015021919332672	-0.015007510959666336	-0.015007510959666336	-0.015007510959666336	0.015007510959666332	0.030015021919332675	-0.015007510959666336	-0.015007510959666334	-0.01500751095966634	0.015118818265795288	0.029903709333931883	-0.015007505680394486	-0.014989908993500238	0.9849748870741679	0.004899278785316968
-0.007415474190047273	-0.014830948380094553	0.0074154741900472766	0.007415474190047273	0.007415474190047277	-0.007415474190047274	-0.014830948380094546	0.007415474190047277	0.007415474190047274	0.007415474190047275	-0.2684219936191451	0.24624406576798763	0.0073469794710626455	0.007430217249703295	0.007400731130391257	0.7173279569405249