0.9984807159381783	-0.003038568123643444	0.001519284061821722	0.0015192840618217214	0.0015192840618217217	-0.0015192840618217219	-0.003038568123643444	0.0015192840618217212	0.0015192840618217214	0.0015192840618217219	-0.0015284477207819485	-0.0030294026796316847	0.0015192822767701878	0.0015192848048008242	0.0015192833188426194	-0.0005716464485592348
-0.0060771362472868875	0.9878457275054263	0.0060771362472868875	0.006077136247286886	0.0060771362472868875	-0.0060771362472868875	-0.012154272494573777	0.006077136247286887	0.006077136247286887	0.006077136247286888	-0.006113790883127793	-0.012117610718526739	0.006077129107080751	0.006077139219203297	0.0060771332753704775	-0.0022865857942369395
0.003038568123643444	0.006077136247286888	0.996961431876357	-0.003038568123643443	-0.0030385681236434437	0.0030385681236434437	0.006077136247286888	-0.0030385681236434433	-0.0030385681236434437	-0.0030385681236434446	0.0030568954415638974	0.00605880535926337	-0.003038564553540376	-0.003038569609601649	-0.00303856663768524	0.0011432928971184698
0.004557852185465165	0.00911570437093033	-0.004557852185465165	0.9954421478145342	-0.0045578521854651634	0.0045578521854651634	0.009115704370930336	-0.004557852185465164	-0.004557852185465164	-0.0045578521854651634	0.004585343162345845	0.009088208038895054	-0.0045578468303105624	-0.004557854414402472	-0.004557849956527859	0.0017149393456777043
0.009115704370930332	0.018231408741860668	-0.009115704370930332	-0.00911570437093033	0.9908842956290693	0.009115704370930329	0.01823140874186067	-0.009115704370930329	-0.009115704370930329	-0.009115704370930329	0.009170686324691693	0.01817641607779011	-0.009115693660621127	-0.009115708828804943	-0.009115699913055718	0.0034298786913554086
-0.001519284061821722	-0.0030385681236434446	0.001519284061821722	0.0015192840618217217	0.0015192840618217217	0.9984807159381786	-0.003038568123643444	0.0015192840618217214	0.0015192840618217214	0.001519284061821722	-0.001528447720781949	-0.0030294026796316843	0.001519282276770188	0.0015192848048008246	0.0015192833188426198	-0.0005716464485592348
-0.0060771362472868875	-0.012154272494573777	0.0060771362472868875	0.006077136247286886	0.006077136247286886	-0.0060771362472868875	0.9878457275054267	0.0060771362472868875	0.0060771362472868875	0.006077136247286888	-0.006113790883127794	-0.01211761071852674	0.006077129107080753	0.006077139219203299	0.006077133275370479	-0.0022865857942369395
0.0030385681236434433	0.006077136247286887	-0.0030385681236434433	-0.003038568123643443	-0.0030385681236434424	0.0030385681236434433	0.006077136247286887	0.9969614318763563	-0.0030385681236434433	-0.0030385681236434437	0.0030568954415638974	0.006058805359263367	-0.0030385645535403755	-0.0030385696096016488	-0.003038566637685239	0.0011432928971184695
0.004557852185465166	0.009115704370930332	-0.004557852185465166	-0.004557852185465165	-0.004557852185465164	0.004557852185465165	0.009115704370930332	-0.004557852185465164	0.9954421478145344	-0.004557852185465164	0.004585343162345845	0.009088208038895053	-0.004557846830310563	-0.004557854414402471	-0.0045578499565278605	0.001714939345677704
0.009115704370930334	0.01823140874186067	-0.009115704370930334	-0.009115704370930332	-0.00911570437093033	0.009115704370930332	0.018231408741860668	-0.00911570437093033	-0.009115704370930329	0.9908842956290698	0.009170686324691691	0.01817641607779011	-0.009115693660621128	-0.009115708828804941	-0.009115699913055721	0.003429878691355408
-0.0015149536514717198	-0.003029907302943439	0.0015149536514717195	0.0015149536514717195	0.0015149536514717195	-0.0015149536514717195	-0.003029907302943439	0.0015149536514717195	0.0015149536514717195	0.0015149536514717195	0.967093701559918	0.028351970742617902	0.0015244203945201837	0.0015147516916728246	0.0015151556112706155	-0.0339321404845948
-0.005703418504845895	-0.01140683700969179	0.005703418504845894	0.005703418504845893	0.005703418504845894	-0.005703418504845895	-0.011406837009691794	0.005703418504845895	0.005703418504845895	0.005703418504845895	0.06889701282977587	0.9139911880565014	0.005704962104031092	0.005703025144572455	0.005703811865119337	-0.06685462873167584
0.0030385680535376185	0.006077136107075237	-0.003038568053537618	-0.0030385680535376177	-0.003038568053537618	0.0030385680535376185	0.006077136107075239	-0.0030385680535376185	-0.003038568053537619	-0.0030385680535376185	0.003075908531606019	0.006057619463746718	0.9969436081117223	-0.0030385696435078465	-0.003038566463567391	0.0011266646048619852
0.00455787737570795	0.009115754751415905	-0.004557877375707953	-0.00455787737570795	-0.004557877375707949	0.004557877375707951	0.009115754751415905	-0.00455787737570795	-0.00455787737570795	-0.00455787737570795	0.004585844857355939	0.009087781796341395	-0.004557871902281429	0.9954367632632493	-0.004552518014664834	0.0017100846900194443
0.00911570431600567	0.018231408632011344	-0.00911570431600567	-0.009115704316005668	-0.009115704316005668	0.009115704316005668	0.018231408632011344	-0.00911570431600567	-0.009115704316005672	-0.009115704316005672	0.009171639150947684	0.018175462850238695	-0.00911569336917502	-0.009104994616644898	0.9908735859846334	0.0034201482350850153
-0.004532165797779245	-0.00906433159555849	0.004532165797779246	0.004532165797779245	0.004532165797779245	-0.004532165797779245	-0.009064331595558492	0.004532165797779245	0.004532165797779245	0.004532165797779245	-0.19274624758281333	0.17919991038680477	0.0044820056004500185	0.004541665960380026	0.004522665635178461	0.7981108000079636