0.9985838208443691	-0.002832358311261089	0.0014161791556305443	0.0014161791556305439	0.0014161791556305445	-0.001416179155630544	-0.002832358311261088	0.0014161791556305437	0.0014161791556305439	0.0014161791556305443	-0.001424245849680907	-0.0028242899722645456	0.001416177510684366	0.0014161797697192613	0.0014161785415418252	-0.0005409450417873582
-0.005664716622522177	0.9886705667549562	0.005664716622522176	0.005664716622522176	0.005664716622522178	-0.005664716622522177	-0.011329433245044354	0.0056647166225221755	0.005664716622522176	0.005664716622522177	-0.00569698339872363	-0.011297159889058182	0.005664710042737461	0.005664719078877046	0.005664714166167301	-0.0021637801671494324
0.002832358311261088	0.005664716622522177	0.997167641688739	-0.0028323583112610877	-0.002832358311261089	0.0028323583112610886	0.005664716622522177	-0.0028323583112610877	-0.0028323583112610877	-0.0028323583112610886	0.0028484916993618144	0.005648579944529091	-0.002832355021368731	-0.002832359539438523	-0.0028323570830836513	0.0010818900835747164
0.00424853746689163	0.00849707493378326	-0.00424853746689163	0.9957514625331082	-0.004248537466891631	0.004248537466891632	0.008497074933783263	-0.0042485374668916305	-0.004248537466891632	-0.004248537466891632	0.004272737549042721	0.008472869916793642	-0.004248532532053097	-0.004248539309157786	-0.0042485356246254775	0.0016228351253620742
0.008497074933783261	0.016994149867566522	-0.008497074933783261	-0.008497074933783263	0.9915029250662168	0.008497074933783263	0.016994149867566522	-0.008497074933783261	-0.008497074933783263	-0.008497074933783265	0.008545475098085441	0.016945739833587273	-0.008497065064106196	-0.008497078618315574	-0.008497071249250957	0.0032456702507241498
-0.0014161791556305434	-0.0028323583112610873	0.0014161791556305434	0.0014161791556305437	0.0014161791556305439	0.9985838208443694	-0.0028323583112610873	0.0014161791556305432	0.0014161791556305434	0.0014161791556305439	-0.0014242458496809072	-0.0028242899722645456	0.001416177510684365	0.0014161797697192615	0.0014161785415418254	-0.0005409450417873581
-0.0056647166225221755	-0.011329433245044353	0.0056647166225221755	0.005664716622522176	0.005664716622522177	-0.005664716622522176	0.9886705667549558	0.005664716622522176	0.005664716622522176	0.005664716622522177	-0.005696983398723629	-0.011297159889058184	0.005664710042737461	0.005664719078877045	0.0056647141661673025	-0.002163780167149433
0.0028323583112610856	0.005664716622522172	-0.0028323583112610856	-0.0028323583112610856	-0.0028323583112610864	0.002832358311261086	0.005664716622522172	0.9971676416887385	-0.0028323583112610864	-0.0028323583112610877	0.0028484916993618127	0.005648579944529089	-0.002832355021368729	-0.002832359539438523	-0.002832357083083649	0.001081890083574716
0.00424853746689163	0.00849707493378326	-0.00424853746689163	-0.00424853746689163	-0.0042485374668916305	0.00424853746689163	0.008497074933783261	-0.00424853746689163	0.9957514625331085	-0.004248537466891632	0.004272737549042721	0.00847286991679364	-0.004248532532053099	-0.004248539309157787	-0.004248535624625478	0.0016228351253620749
0.00849707493378326	0.01699414986756652	-0.00849707493378326	-0.008497074933783261	-0.008497074933783263	0.008497074933783261	0.016994149867566526	-0.008497074933783261	-0.008497074933783265	0.9915029250662168	0.008545475098085443	0.016945739833587284	-0.008497065064106192	-0.00849707861831557	-0.008497071249250959	0.0032456702507241498
-0.00141254876588432	-0.00282509753176864	0.00141254876588432	0.0014125487658843197	0.0014125487658843202	-0.00141254876588432	-0.00282509753176864	0.0014125487658843197	0.0014125487658843204	0.0014125487658843206	0.968643187978694	0.027110130518351844	0.001421583971185654	0.0014123703263669376	0.0014127272054017047	-0.03230182110211042
-0.005336399882592638	-0.010672799765185278	0.005336399882592638	0.005336399882592638	0.005336399882592639	-0.005336399882592639	-0.010672799765185276	0.005336399882592637	0.005336399882592639	0.00533639988259264	0.0654529364763072	0.9185364089671372	0.0053378547913706265	0.005336051928641652	0.005336747836543629	-0.06370522214238333
0.0028323582519817303	0.005664716503963461	-0.0028323582519817303	-0.00283235825198173	-0.0028323582519817303	0.0028323582519817303	0.005664716503963461	-0.00283235825198173	-0.0028323582519817303	-0.0028323582519817307	0.00286662474314826	0.005647472385925531	0.9971506193748897	-0.0028323595723589268	-0.002832356931604536	0.001065989921476408
0.004248559309110751	0.008497118618221501	-0.004248559309110752	-0.004248559309110752	-0.004248559309110753	0.004248559309110752	0.008497118618221505	-0.00424855930911075	-0.0042485593091107525	-0.004248559309110754	0.004273184008583807	0.008472488877893139	-0.004248554268255444	0.9957464448028387	-0.004243563421059815	0.0016182886465344558
0.0084970748902486	0.0169941497804972	-0.008497074890248603	-0.008497074890248604	-0.008497074890248606	0.008497074890248604	0.016994149780497212	-0.008497074890248604	-0.008497074890248606	-0.008497074890248608	0.0085463241820465	0.016944890407008733	-0.008497064808558023	-0.008487090576501953	0.9914929407960048	0.003236558802669852
-0.004227015732998509	-0.008454031465997016	0.004227015732998509	0.004227015732998509	0.00422701573299851	-0.00422701573299851	-0.008454031465997021	0.004227015732998509	0.004227015732998511	0.004227015732998512	-0.18376671955457582	0.17113361170892144	0.004179076379657356	0.004235931246002354	0.004218100219994668	0.8078013341787151