0.9982309831435031	-0.003538033712994314	0.0017690168564971568	0.0017690168564971568	0.001769016856497157	-0.0017690168564971575	-0.0035380337129943145	0.001769016856497157	0.0017690168564971568	0.0017690168564971564	-0.0017808312007053192	-0.0035262173751704875	0.0017690148628814934	0.0017690179769212979	0.001769015736073015	-0.0006422394871614496
-0.0070760674259886264	0.9858478651480227	0.007076067425988628	0.0070760674259886264	0.007076067425988628	-0.007076067425988631	-0.01415213485197726	0.007076067425988628	0.0070760674259886264	0.007076067425988626	-0.007123324802821275	-0.014104869500681948	0.007076059451525973	0.007076071907685192	0.0070760629442920605	-0.0025689579486457993
0.0035380337129943137	0.007076067425988627	0.9964619662870057	-0.0035380337129943124	-0.0035380337129943132	0.0035380337129943145	0.007076067425988628	-0.0035380337129943137	-0.0035380337129943132	-0.003538033712994312	0.003561662401410638	0.007052434750340974	-0.0035380297257629864	-0.003538035953842596	-0.003538031472146028	0.001284478974322899
0.0053070505694914685	0.010614101138982939	-0.0053070505694914685	0.9946929494305086	-0.0053070505694914685	0.0053070505694914685	0.010614101138982937	-0.0053070505694914685	-0.005307050569491468	-0.005307050569491468	0.005342493602115956	0.010578652125511463	-0.005307044588644482	-0.005307053930763893	-0.005307047208219044	0.0019267184614843499
0.01061410113898294	0.021228202277965885	-0.01061410113898294	-0.010614101138982937	0.9893858988610175	0.01061410113898294	0.02122820227796588	-0.01061410113898294	-0.010614101138982937	-0.010614101138982937	0.010684987204231918	0.021157304251022926	-0.010614089177288967	-0.010614107861527793	-0.01061409441643809	0.0038534369229687015
-0.0017690168564971573	-0.0035380337129943145	0.001769016856497157	0.0017690168564971568	0.001769016856497157	0.9982309831435033	-0.003538033712994315	0.001769016856497157	0.0017690168564971568	0.0017690168564971564	-0.0017808312007053192	-0.0035262173751704888	0.0017690148628814936	0.0017690179769212985	0.0017690157360730151	-0.0006422394871614496
-0.007076067425988629	-0.014152134851977258	0.007076067425988627	0.007076067425988627	0.007076067425988628	-0.007076067425988629	0.9858478651480229	0.00707606742598863	0.00707606742598863	0.0070760674259886264	-0.0071233248028212785	-0.014104869500681953	0.007076059451525974	0.007076071907685193	0.007076062944292061	-0.0025689579486457984
0.0035380337129943137	0.007076067425988627	-0.0035380337129943132	-0.003538033712994313	-0.0035380337129943132	0.003538033712994314	0.007076067425988629	0.9964619662870059	-0.0035380337129943145	-0.0035380337129943137	0.0035616624014106393	0.0070524347503409775	-0.0035380297257629877	-0.0035380359538425966	-0.0035380314721460294	0.001284478974322899
0.005307050569491468	0.010614101138982937	-0.005307050569491468	-0.005307050569491467	-0.0053070505694914685	0.0053070505694914685	0.01061410113898294	-0.0053070505694914685	0.9946929494305087	-0.005307050569491468	0.005342493602115958	0.010578652125511461	-0.0053070445886444825	-0.005307053930763895	-0.005307047208219044	0.00192671846148435
0.010614101138982934	0.02122820227796587	-0.010614101138982934	-0.010614101138982932	-0.010614101138982935	0.010614101138982935	0.021228202277965878	-0.010614101138982935	-0.010614101138982937	0.9893858988610168	0.010684987204231914	0.021157304251022916	-0.010614089177288961	-0.01061410786152779	-0.010614094416438085	0.003853436922968699
-0.0017626934391127079	-0.0035253868782254153	0.0017626934391127074	0.0017626934391127076	0.0017626934391127079	-0.001762693439112708	-0.003525386878225417	0.0017626934391127083	0.001762693439112708	0.0017626934391127076	0.9635152045481221	0.031186290600117964	0.0017731179735345588	0.0017624299293662602	0.0017629569488591562	-0.0376826630176902
-0.00658166827055747	-0.013163336541114942	0.00658166827055747	0.00658166827055747	0.006581668270557471	-0.006581668270557472	-0.013163336541114946	0.006581668270557472	0.006581668270557471	0.00658166827055747	0.07678016656279656	0.9034731163208813	0.006583380575206928	0.006581156335815919	0.006582180205299024	-0.07409531781426812
0.0035380336172841694	0.007076067234568338	-0.0035380336172841685	-0.003538033617284169	-0.003538033617284169	0.0035380336172841694	0.00707606723456834	-0.003538033617284169	-0.0035380336172841685	-0.0035380336172841677	0.0035826458967120446	0.007051082459778833	0.9964423388780778	-0.0035380359928573607	-0.003538031241710976	0.0012661904047927245
0.00530708489315057	0.010614169786301142	-0.005307084893150569	-0.00530708489315057	-0.00530708489315057	0.005307084893150571	0.010614169786301144	-0.00530708489315057	-0.005307084893150571	-0.005307084893150569	0.005343138866374587	0.010578109682656173	-0.005307078762729619	0.9946866755630905	-0.0053008453493913095	0.001921126548753357
0.010614101048702813	0.021228202097405627	-0.010614101048702812	-0.010614101048702815	-0.010614101048702815	0.010614101048702819	0.02122820209740564	-0.010614101048702817	-0.010614101048702817	-0.010614101048702813	0.010686208811495991	0.021156082073795674	-0.010614088787886031	-0.010601635550084903	0.9893734334526791	0.003842224852603095
-0.0052695001181761675	-0.010539000236352337	0.005269500118176168	0.005269500118176168	0.005269500118176168	-0.005269500118176169	-0.01053900023635234	0.005269500118176169	0.005269500118176169	0.005269500118176166	-0.21344927904034183	0.1976960160328321	0.005214262771157293	0.0052803879100371525	0.005258612326315185	0.7758177507173307