0.9978723538309285	-0.004255292338142943	0.002127646169071473	0.002127646169071473	0.002127646169071473	-0.002127646169071473	-0.004255292338142943	0.0021276461690714725	0.002127646169071473	0.0021276461690714725	-0.002142962725488779	-0.004239973964645324	0.0021276443519911595	0.002127648008177429	0.0021276443299655147	-0.0007344695086264226
-0.008510584676285888	0.9829788306474273	0.008510584676285885	0.008510584676285885	0.008510584676285885	-0.008510584676285887	-0.017021169352571763	0.008510584676285885	0.008510584676285887	0.008510584676285883	-0.008571850901955115	-0.01695989585858128	0.008510577407964633	0.008510592032709714	0.008510577319862055	-0.002937878034505688
0.004255292338142942	0.008510584676285883	0.9957447076618566	-0.004255292338142944	-0.004255292338142944	0.004255292338142944	0.008510584676285883	-0.004255292338142942	-0.004255292338142943	-0.0042552923381429415	0.004285925450977559	0.008479947929290644	-0.00425528870398232	-0.004255296016354857	-0.004255288659931028	0.0014689390172528446
0.0063829385072144175	0.01276587701442883	-0.0063829385072144175	0.9936170614927855	-0.006382938507214417	0.006382938507214418	0.012765877014428835	-0.006382938507214417	-0.006382938507214418	-0.006382938507214417	0.006428888176466342	0.012719921893935972	-0.0063829330559734805	-0.006382944024532289	-0.006382932989896545	0.0022034085258792685
0.012765877014428828	0.025531754028857653	-0.012765877014428828	-0.01276587701442883	0.9872341229855711	0.012765877014428835	0.025531754028857663	-0.012765877014428832	-0.012765877014428833	-0.01276587701442883	0.012857776352932681	0.02543984378787194	-0.012765866111946958	-0.01276588804906458	-0.012765865979793086	0.004406817051758535
-0.0021276461690714725	-0.004255292338142943	0.002127646169071473	0.0021276461690714725	0.0021276461690714725	0.9978723538309288	-0.004255292338142944	0.0021276461690714725	0.002127646169071473	0.002127646169071472	-0.0021429627254887806	-0.004239973964645324	0.00212764435199116	0.0021276480081774303	0.0021276443299655156	-0.0007344695086264224
-0.008510584676285881	-0.01702116935257176	0.008510584676285883	0.008510584676285881	0.008510584676285881	-0.008510584676285883	0.9829788306474276	0.008510584676285885	0.008510584676285885	0.008510584676285883	-0.008571850901955119	-0.01695989585858129	0.008510577407964636	0.008510592032709718	0.008510577319862055	-0.0029378780345056883
0.004255292338142944	0.008510584676285887	-0.004255292338142945	-0.004255292338142944	-0.004255292338142944	0.004255292338142945	0.008510584676285888	0.9957447076618569	-0.004255292338142945	-0.004255292338142944	0.004285925450977561	0.008479947929290648	-0.004255288703982319	-0.004255296016354859	-0.004255288659931029	0.0014689390172528448
0.006382938507214416	0.01276587701442883	-0.006382938507214416	-0.006382938507214417	-0.006382938507214415	0.0063829385072144175	0.012765877014428832	-0.006382938507214417	0.9936170614927856	-0.006382938507214416	0.006428888176466342	0.012719921893935974	-0.00638293305597348	-0.00638294402453229	-0.006382932989896544	0.002203408525879268
0.01276587701442883	0.025531754028857653	-0.01276587701442883	-0.012765877014428832	-0.01276587701442883	0.012765877014428833	0.02553175402885766	-0.012765877014428832	-0.012765877014428832	0.9872341229855709	0.012857776352932683	0.025439843787871945	-0.01276586611194696	-0.01276588804906458	-0.012765865979793086	0.004406817051758536
-0.0021176796001847573	-0.004235359200369514	0.0021176796001847564	0.0021176796001847564	0.0021176796001847564	-0.0021176796001847564	-0.004235359200369513	0.002117679600184757	0.002117679600184757	0.0021176796001847573	0.958704900911072	0.03493045551910841	0.0021292843694496228	0.0021173171014550467	0.0021180420989144644	-0.04267717829160915
-0.007816795640155444	-0.01563359128031088	0.007816795640155446	0.00781679564015544	0.007816795640155444	-0.007816795640155444	-0.015633591280310877	0.00781679564015544	0.00781679564015544	0.007816795640155444	0.08714611289013435	0.8894016686383215	0.007818627191233243	0.007816093563670802	0.007817497716640073	-0.08373798099609239
0.0042552922185656325	0.008510584437131265	-0.004255292218565633	-0.0042552922185656325	-0.0042552922185656325	0.0042552922185656325	0.008510584437131265	-0.0042552922185656325	-0.0042552922185656325	-0.0042552922185656325	0.004309389793591488	0.008478415985462326	0.9957227786580781	-0.004255296080436771	-0.004255288356694497	0.0014484604812837452
0.006382988519258868	0.012765977038517734	-0.006382988519258867	-0.006382988519258868	-0.006382988519258866	0.006382988519258869	0.012765977038517734	-0.006382988519258868	-0.006382988519258868	-0.006382988519258867	0.006429763410183698	0.012719196497978216	-0.006382982869644188	0.9936095085365307	-0.00637548557504867	0.002196779520784236
0.01276587685098582	0.02553175370197163	-0.012765876850985819	-0.01276587685098582	-0.012765876850985817	0.012765876850985822	0.025531753701971634	-0.01276587685098582	-0.012765876850985822	-0.012765876850985819	0.01285942637140422	0.025438192882338326	-0.012765865551770917	-0.012750893237513237	0.9872191395355415	0.004393519007084332
-0.006323683762798363	-0.012647367525596726	0.006323683762798364	0.006323683762798363	0.006323683762798363	-0.0063236837627983645	-0.012647367525596727	0.006323683762798363	0.0063236837627983645	0.006323683762798363	-0.2412108390217001	0.2223017515478664	0.006261719948237131	0.006336497887485862	0.006310869638110862	0.7461250653368798