0.999418732270824	-0.001162535458351532	0.000581267729175766	0.0005812677291757659	0.0005812677291757658	-0.0005812677291757658	-0.0011625354583515318	0.0005812677291757658	0.0005812677291757658	0.0005812677291757658	-0.0005823718950149332	-0.001161431011551534	0.0005812674482149344	0.0005812677811682307	0.0005812676771833016	-0.0002547462718357653
-0.0023250709167030627	0.995349858166594	0.002325070916703063	0.002325070916703063	0.0023250709167030627	-0.0023250709167030627	-0.004650141833406125	0.0023250709167030627	0.0023250709167030627	0.0023250709167030627	-0.0023294875800597323	-0.004645724046206139	0.0023250697928597383	0.0023250711246729223	0.002325070708733207	-0.0010189850873430618
0.0011625354583515318	0.0023250709167030644	0.9988374645416485	-0.001162535458351532	-0.0011625354583515316	0.0011625354583515318	0.002325070916703064	-0.0011625354583515318	-0.0011625354583515318	-0.0011625354583515318	0.0011647437900298657	0.002322862023103069	-0.0011625348964298683	-0.0011625355623364614	-0.0011625353543666032	0.0005094925436715306
0.001743803187527299	0.003487606375054598	-0.0017438031875272985	0.9982561968124725	-0.0017438031875272983	0.0017438031875272985	0.003487606375054598	-0.0017438031875272985	-0.0017438031875272987	-0.0017438031875272983	0.0017471156850447978	0.0034842930346546037	-0.0017438023446448034	-0.0017438033435046925	-0.0017438030315499041	0.0007642388155072965
0.003487606375054598	0.006975212750109196	-0.003487606375054597	-0.003487606375054598	0.996512393624945	0.003487606375054596	0.006975212750109193	-0.0034876063750545958	-0.0034876063750545966	-0.0034876063750545953	0.0034942313700895952	0.006968586069309203	-0.003487604689289606	-0.0034876066870093833	-0.0034876060630998074	0.001528477631014593
-0.0005812677291757661	-0.0011625354583515326	0.0005812677291757662	0.0005812677291757662	0.000581267729175766	0.999418732270824	-0.0011625354583515316	0.0005812677291757658	0.0005812677291757658	0.0005812677291757658	-0.0005823718950149326	-0.001161431011551534	0.0005812674482149342	0.0005812677811682307	0.0005812676771833015	-0.00025474627183576535
-0.0023250709167030635	-0.004650141833406129	0.002325070916703064	0.002325070916703064	0.002325070916703063	-0.0023250709167030635	0.9953498581665939	0.002325070916703063	0.002325070916703063	0.002325070916703063	-0.002329487580059731	-0.004645724046206136	0.0023250697928597366	0.002325071124672922	0.002325070708733206	-0.0010189850873430612
0.0011625354583515318	0.002325070916703064	-0.0011625354583515318	-0.0011625354583515316	-0.0011625354583515313	0.0011625354583515316	0.0023250709167030635	0.9988374645416481	-0.0011625354583515318	-0.0011625354583515318	0.001164743790029865	0.002322862023103068	-0.0011625348964298683	-0.001162535562336461	-0.001162535354366603	0.0005094925436715305
0.0017438031875272987	0.0034876063750545975	-0.0017438031875272983	-0.0017438031875272987	-0.001743803187527298	0.0017438031875272983	0.003487606375054597	-0.001743803187527298	0.9982561968124724	-0.001743803187527298	0.001747115685044798	0.003484293034654603	-0.0017438023446448034	-0.001743803343504692	-0.0017438030315499041	0.0007642388155072962
0.003487606375054596	0.006975212750109192	-0.0034876063750545953	-0.003487606375054596	-0.003487606375054595	0.0034876063750545953	0.0069752127501091915	-0.003487606375054595	-0.0034876063750545958	0.9965123936249451	0.0034942313700895952	0.006968586069309205	-0.0034876046892896068	-0.0034876066870093837	-0.0034876060630998082	0.0015284776310145929
-0.0005809154316361642	-0.0011618308632723286	0.0005809154316361643	0.0005809154316361642	0.000580915431636164	-0.000580915431636164	-0.001161830863272328	0.000580915431636164	0.000580915431636164	0.0005809154316361639	0.9838124034644082	0.014440273316463288	0.0005854923558562337	0.000580880158744984	0.0005809507045273439	-0.016379207763592325
-0.002263113437324667	-0.004526226874649335	0.002263113437324668	0.0022631134373246676	0.0022631134373246667	-0.002263113437324667	-0.004526226874649334	0.0022631134373246667	0.0022631134373246667	0.002263113437324667	0.03205148506069965	0.9611587036479367	0.0022635844167146982	0.0022630437995552876	0.002263183075094049	-0.03271208463139969
0.0011625354545910856	0.0023250709091821717	-0.0011625354545910858	-0.0011625354545910856	-0.0011625354545910854	0.0011625354545910854	0.0023250709091821717	-0.0011625354545910856	-0.0011625354545910856	-0.0011625354545910858	0.0011739013478615744	0.002322519167222467	0.9988286503940985	-0.0011625355774206444	-0.0011625353317615266	0.000501027772873045
0.0017438068070303964	0.0034876136140607928	-0.0017438068070303962	-0.0017438068070303964	-0.0017438068070303957	0.001743806807030396	0.0034876136140607923	-0.0017438068070303957	-0.001743806807030396	-0.0017438068070303957	0.0017472125052480322	0.003484207048406112	-0.0017438059395933514	0.998254141907501	-0.0017417555215617764	0.0007622845328583637
0.0034876063731185563	0.006975212746237113	-0.003487606373118556	-0.003487606373118557	-0.0034876063731185554	0.003487606373118556	0.006975212746237112	-0.003487606373118555	-0.0034876063731185554	-0.003487606373118555	0.0034944177628206193	0.006968399621662654	-0.003487604638246158	-0.0034835044423679623	0.996508291696131	0.0015245657455887091
-0.001741739610999885	-0.003483479221999771	0.0017417396109998848	0.0017417396109998852	0.0017417396109998848	-0.0017417396109998848	-0.0034834792219997704	0.0017417396109998845	0.001741739610999885	0.0017417396109998848	-0.0953258498910306	0.09012605754034592	0.0017163131286849372	0.0017456300597404853	0.0017378491622592853	0.9024846374224569