0.9993952551532221	-0.0012094896935563142	0.0006047448467781575	0.0006047448467781572	0.0006047448467781572	-0.0006047448467781573	-0.0012094896935563146	0.0006047448467781575	0.0006047448467781573	0.0006047448467781573	-0.0006059639833972943	-0.0012082702479704807	0.0006047445378114603	0.0006047449049309729	0.0006047447886253421	-0.00026385588189277144
-0.0024189793871126283	0.9951620412257747	0.0024189793871126283	0.002418979387112628	0.0024189793871126275	-0.0024189793871126275	-0.004837958774225256	0.0024189793871126283	0.0024189793871126283	0.002418979387112628	-0.002423855933589178	-0.004833080991881921	0.0024189781512458397	0.0024189796197238915	0.002418979154501367	-0.0010554235275710856
0.0012094896935563148	0.0024189793871126296	0.998790510306444	-0.0012094896935563142	-0.0012094896935563142	0.0012094896935563142	0.0024189793871126288	-0.0012094896935563146	-0.0012094896935563146	-0.0012094896935563146	0.001211927966794589	0.0024165404959409623	-0.0012094890756229207	-0.0012094898098619457	-0.001209489577250684	0.000527711763785543
0.0018142345403344712	0.003628469080668942	-0.0018142345403344715	0.9981857654596653	-0.001814234540334472	0.0018142345403344712	0.0036284690806689434	-0.001814234540334472	-0.0018142345403344712	-0.0018142345403344717	0.0018178919501918819	0.003624810743911441	-0.0018142336134343798	-0.0018142347147929187	-0.0018142343658760246	0.0007915676456783138
0.0036284690806689447	0.0072569381613378885	-0.003628469080668945	-0.003628469080668944	0.9963715309193312	0.003628469080668943	0.007256938161337888	-0.0036284690806689447	-0.0036284690806689434	-0.0036284690806689442	0.0036357839003837637	0.007249621487822883	-0.003628467226868761	-0.0036284694295858374	-0.0036284687317520497	0.0015831352913566288
-0.0006047448467781572	-0.0012094896935563144	0.0006047448467781572	0.0006047448467781571	0.0006047448467781572	0.9993952551532218	-0.0012094896935563144	0.0006047448467781572	0.0006047448467781572	0.0006047448467781572	-0.0006059639833972943	-0.0012082702479704812	0.0006047445378114601	0.0006047449049309727	0.0006047447886253417	-0.00026385588189277155
-0.0024189793871126288	-0.0048379587742252575	0.0024189793871126288	0.0024189793871126283	0.0024189793871126288	-0.0024189793871126283	0.9951620412257748	0.0024189793871126288	0.002418979387112629	0.0024189793871126288	-0.0024238559335891773	-0.004833080991881923	0.0024189781512458405	0.00241897961972389	0.002418979154501366	-0.0010554235275710862
0.0012094896935563144	0.0024189793871126288	-0.0012094896935563144	-0.0012094896935563142	-0.0012094896935563144	0.0012094896935563142	0.0024189793871126288	0.998790510306444	-0.0012094896935563146	-0.0012094896935563146	0.0012119279667945888	0.002416540495940962	-0.0012094890756229203	-0.0012094898098619455	-0.0012094895772506835	0.0005277117637855431
0.0018142345403344715	0.0036284690806689425	-0.0018142345403344717	-0.001814234540334471	-0.0018142345403344712	0.001814234540334471	0.0036284690806689434	-0.001814234540334472	0.9981857654596655	-0.001814234540334472	0.001817891950191882	0.003624810743911442	-0.0018142336134343803	-0.001814234714792919	-0.0018142343658760249	0.0007915676456783144
0.0036284690806689434	0.007256938161337887	-0.0036284690806689442	-0.0036284690806689425	-0.0036284690806689434	0.0036284690806689425	0.0072569381613378885	-0.0036284690806689442	-0.003628469080668943	0.996371530919331	0.0036357839003837637	0.007249621487822883	-0.0036284672268687597	-0.0036284694295858366	-0.0036284687317520497	0.0015831352913566288
-0.0006043525975544928	-0.0012087051951089856	0.0006043525975544928	0.0006043525975544928	0.0006043525975544928	-0.0006043525975544928	-0.0012087051951089856	0.000604352597554493	0.0006043525975544928	0.0006043525975544928	0.9832920271517229	0.014890184441462144	0.0006090832117059713	0.0006043146162309802	0.000604390578878006	-0.01691906256664996
-0.002352176571405104	-0.004704353142810207	0.002352176571405104	0.0023521765714051034	0.0023521765714051034	-0.0023521765714051034	-0.004704353142810208	0.002352176571405104	0.0023521765714051034	0.002352176571405103	0.03315911715203864	0.9597838527927556	0.0023526769123954814	0.0023521016188781043	0.0023522515239321013	-0.03377369052563347
0.0012094896892416225	0.0024189793784832447	-0.0012094896892416225	-0.0012094896892416223	-0.0012094896892416223	0.0012094896892416223	0.0024189793784832447	-0.0012094896892416225	-0.0012094896892416223	-0.0012094896892416223	0.001221393367161509	0.0024161759697612223	0.9987814100415605	-0.0012094898258157192	-0.0012094895526675263	0.0005189831321957152
0.0018142384599294434	0.003628476919858887	-0.0018142384599294436	-0.001814238459929443	-0.0018142384599294432	0.0018142384599294428	0.0036284769198588864	-0.0018142384599294434	-0.001814238459929443	-0.001814238459929443	0.0018179958271227219	0.003624718599475398	-0.0018142375067392346	0.9981836274266448	-0.0018121043465031423	0.0007895376466566801
0.0036284690784321974	0.007256938156864396	-0.0036284690784321987	-0.003628469078432197	-0.003628469078432198	0.003628469078432197	0.0072569381568643974	-0.0036284690784321987	-0.003628469078432197	-0.0036284690784321974	0.003635983805108562	0.007249421523809544	-0.0036284671720537083	-0.0036242015670114023	0.996367263410147	0.0015790717076429209
-0.0018119351402857337	-0.0036238702805714675	0.0018119351402857342	0.0018119351402857335	0.0018119351402857337	-0.0018119351402857337	-0.003623870280571469	0.0018119351402857346	0.0018119351402857337	0.0018119351402857342	-0.0983756308040176	0.09296604672015787	0.0017857138032883082	0.001815974937512195	0.0018078953430592734	0.8992726572430031