0.9988658830079603	-0.0022682339840785055	0.0011341169920392525	0.0011341169920392525	0.0011341169920392519	-0.0011341169920392525	-0.0022682339840785046	0.0011341169920392525	0.0011341169920392523	0.0011341169920392523	-0.001139321316491808	-0.002263028488749474	0.001134115821162779	0.0011341173270173783	0.001134116657061126	-0.00045211339372095723
-0.00453646796815701	0.9909270640636865	0.004536467968157011	0.00453646796815701	0.004536467968157009	-0.004536467968157011	-0.00907293593631402	0.00453646796815701	0.004536467968157009	0.00453646796815701	-0.004557285265967232	-0.0090521139549979	0.004536463284651115	0.004536469308069514	0.004536466628244504	-0.0018084535748838298
0.002268233984078505	0.00453646796815701	0.9977317660159221	-0.002268233984078505	-0.0022682339840785046	0.002268233984078505	0.004536467968157009	-0.002268233984078505	-0.002268233984078505	-0.002268233984078505	0.002278642632983616	0.0045260569774989495	-0.002268231642325558	-0.0022682346540347587	-0.002268233314122252	0.0009042267874419146
0.0034023509761177567	0.006804701952235513	-0.003402350976117757	0.9965976490238821	-0.0034023509761177562	0.0034023509761177575	0.006804701952235512	-0.003402350976117757	-0.003402350976117756	-0.0034023509761177567	0.0034179639494754223	0.006789085466248425	-0.0034023474634883367	-0.0034023519810521354	-0.0034023499711833766	0.0013563401811628715
0.006804701952235517	0.013609403904471034	-0.006804701952235518	-0.006804701952235515	0.9931952980477641	0.006804701952235516	0.013609403904471025	-0.006804701952235517	-0.006804701952235514	-0.006804701952235517	0.006835927898950846	0.013578170932496856	-0.006804694926976675	-0.006804703962104273	-0.006804699942366757	0.0027126803623257435
-0.0011341169920392525	-0.002268233984078505	0.0011341169920392525	0.0011341169920392523	0.0011341169920392525	0.9988658830079605	-0.002268233984078505	0.0011341169920392525	0.0011341169920392525	0.0011341169920392525	-0.0011393213164918082	-0.0022630284887494747	0.0011341158211627795	0.001134117327017379	0.0011341166570611261	-0.0004521133937209572
-0.004536467968157008	-0.009072935936314015	0.0045364679681570074	0.004536467968157007	0.004536467968157008	-0.0045364679681570074	0.9909270640636854	0.00453646796815701	0.004536467968157008	0.004536467968157009	-0.004557285265967231	-0.009052113954997897	0.004536463284651116	0.004536469308069515	0.004536466628244502	-0.001808453574883828
0.002268233984078506	0.004536467968157011	-0.0022682339840785055	-0.002268233984078505	-0.002268233984078506	0.0022682339840785055	0.004536467968157011	0.9977317660159221	-0.002268233984078505	-0.0022682339840785055	0.002278642632983617	0.004526056977498951	-0.0022682316423255594	-0.002268234654034758	-0.0022682333141222527	0.0009042267874419144
0.003402350976117758	0.006804701952235515	-0.003402350976117758	-0.003402350976117757	-0.0034023509761177575	0.003402350976117758	0.006804701952235513	-0.0034023509761177584	0.9965976490238819	-0.0034023509761177575	0.003417963949475424	0.006789085466248425	-0.003402347463488338	-0.0034023519810521367	-0.003402349971183378	0.0013563401811628717
0.006804701952235515	0.013609403904471028	-0.006804701952235515	-0.006804701952235513	-0.006804701952235514	0.006804701952235515	0.013609403904471025	-0.006804701952235516	-0.006804701952235515	0.9931952980477647	0.006835927898950846	0.013578170932496851	-0.006804694926976675	-0.006804703962104272	-0.006804699942366755	0.002712680362325743
-0.0011320526152688388	-0.0022641052305376777	0.0011320526152688386	0.001132052615268838	0.0011320526152688382	-0.0011320526152688386	-0.0022641052305376764	0.0011320526152688386	0.0011320526152688382	0.0011320526152688382	0.9731610483689722	0.0234350586752103	0.0011397877252802202	0.0011319324548591078	0.0011321727756785688	-0.027538735507044085
-0.004318805265457465	-0.00863761053091493	0.004318805265457466	0.004318805265457464	0.004318805265457466	-0.004318805265457466	-0.00863761053091493	0.004318805265457466	0.004318805265457467	0.004318805265457466	0.055370709554622664	0.931671711750414	0.004319968164048576	0.004318570121028295	0.004319040409886635	-0.054488444734089904
0.0022682339514933053	0.004536467902986611	-0.0022682339514933057	-0.002268233951493305	-0.002268233951493305	0.0022682339514933057	0.00453646790298661	-0.0022682339514933057	-0.0022682339514933053	-0.002268233951493305	0.002294142612743602	0.004525189209725733	0.9977171360805177	-0.0022682346841483	-0.0022682332188383096	0.0008904831593601743
0.003402364905836181	0.006804729811672361	-0.0034023649058361805	-0.0034023649058361797	-0.00340236490583618	0.0034023649058361805	0.006804729811672358	-0.003402364905836181	-0.00340236490583618	-0.0034023649058361805	0.0034182718545322285	0.006788819275698674	-0.0034023613185585407	0.9965936337542393	-0.0033983635659114485	0.0013526489172545984
0.00680470193162336	0.01360940386324672	-0.00680470193162336	-0.006804701931623358	-0.00680470193162336	0.006804701931623361	0.013609403863246718	-0.006804701931623362	-0.00680470193162336	-0.006804701931623361	0.006836515771314883	0.01357758284901231	-0.006804694757080471	-0.006796703331981126	0.993187299468734	0.0027052857523257603
-0.0033901385062249864	-0.006780277012449971	0.0033901385062249864	0.003390138506224985	0.0033901385062249855	-0.003390138506224987	-0.006780277012449971	0.003390138506224987	0.0033901385062249855	0.003390138506224987	-0.15752857791656016	0.14739954341059558	0.0033487574935145287	0.0033974171448212277	0.0033828598676287434	0.8361153901248894