0.9975858522654312	-0.0048282954691378655	0.0024141477345689336	0.0024141477345689328	0.0024141477345689323	-0.0024141477345689328	-0.0048282954691378655	0.0024141477345689328	0.0024141477345689328	0.0024141477345689323	-0.002431757821431177	-0.004810684259285649	0.002414146611578958	0.0024141503132451975	0.002414145155892666	-0.0008004325937161698
-0.00965659093827573	0.9806868181234492	0.009656590938275733	0.009656590938275733	0.00965659093827573	-0.009656590938275731	-0.019313181876551462	0.00965659093827573	0.00965659093827573	0.00965659093827573	-0.009727031285724705	-0.019242737037142594	0.00965658644631583	0.009656601252980792	0.009656580623570662	-0.003201730374864679
0.0048282954691378655	0.00965659093827573	0.9951717045308626	-0.004828295469137867	-0.004828295469137866	0.004828295469137866	0.009656590938275735	-0.0048282954691378655	-0.004828295469137865	-0.0048282954691378655	0.004863515642862356	0.009621368518571299	-0.004828293223157919	-0.004828300626490396	-0.004828290311785331	0.0016008651874323395
0.007242443203706792	0.014484886407413588	-0.007242443203706796	0.9927575567962937	-0.0072424432037067965	0.007242443203706796	0.014484886407413591	-0.007242443203706795	-0.0072424432037067965	-0.007242443203706796	0.007295273464293533	0.014432052777856938	-0.007242439834736876	-0.007242450939735591	-0.007242435467677999	0.002401297781148509
0.014484886407413584	0.028969772814827172	-0.014484886407413591	-0.014484886407413588	0.9855151135925866	0.014484886407413588	0.02896977281482718	-0.014484886407413588	-0.014484886407413593	-0.014484886407413591	0.014590546928587063	0.02886410555571386	-0.014484879669473745	-0.014484901879471176	-0.014484870935355994	0.004802595562297018
-0.0024141477345689336	-0.004828295469137866	0.002414147734568934	0.0024141477345689336	0.0024141477345689336	0.9975858522654312	-0.004828295469137866	0.0024141477345689328	0.002414147734568933	0.002414147734568933	-0.002431757821431177	-0.004810684259285648	0.0024141466115789583	0.002414150313245197	0.002414145155892666	-0.0008004325937161698
-0.009656590938275733	-0.019313181876551462	0.009656590938275735	0.009656590938275733	0.009656590938275733	-0.009656590938275733	0.9806868181234489	0.009656590938275735	0.009656590938275735	0.009656590938275735	-0.009727031285724712	-0.019242737037142594	0.009656586446315835	0.009656601252980792	0.009656580623570667	-0.003201730374864679
0.004828295469137864	0.009656590938275726	-0.004828295469137865	-0.004828295469137864	-0.004828295469137864	0.004828295469137865	0.009656590938275728	0.9951717045308621	-0.004828295469137865	-0.004828295469137864	0.004863515642862354	0.009621368518571293	-0.004828293223157916	-0.004828300626490394	-0.004828290311785332	0.0016008651874323389
0.007242443203706792	0.014484886407413586	-0.007242443203706796	-0.007242443203706794	-0.007242443203706793	0.007242443203706793	0.014484886407413588	-0.007242443203706793	0.9927575567962935	-0.007242443203706795	0.007295273464293531	0.014432052777856934	-0.007242439834736875	-0.00724245093973559	-0.007242435467678	0.002401297781148509
0.014484886407413588	0.02896977281482718	-0.014484886407413593	-0.014484886407413591	-0.01448488640741359	0.01448488640741359	0.028969772814827183	-0.01448488640741359	-0.014484886407413591	0.9855151135925864	0.014590546928587063	0.028864105555713872	-0.014484879669473748	-0.014484901879471178	-0.014484870935355998	0.004802595562297018
-0.0024005521519036284	-0.004801104303807257	0.002400552151903628	0.0024005521519036284	0.0024005521519036284	-0.0024005521519036284	-0.004801104303807256	0.0024005521519036284	0.0024005521519036284	0.002400552151903628	0.9550605677489991	0.03772537460400878	0.002412953343184383	0.0024001022278448713	0.0024010020759623824	-0.0464168147251258
-0.00878162834978445	-0.017563256699568895	0.008781628349784451	0.00878162834978445	0.00878162834978445	-0.00878162834978445	-0.0175632566995689	0.00878162834978445	0.00878162834978445	0.00878162834978445	0.09478573919106636	0.8788675566565021	0.008783447452863012	0.008780758741822043	0.008782497957746856	-0.0909630694674701
0.004828295356048504	0.009656590712097008	-0.004828295356048505	-0.004828295356048504	-0.004828295356048504	0.004828295356048505	0.009656590712097008	-0.004828295356048505	-0.004828295356048504	-0.004828295356048504	0.004888712313214628	0.009619740597279419	0.9951481378016032	-0.004828300739939087	-0.004828289972157921	0.0015787528168681728
0.007242507967500429	0.01448501593500086	-0.007242507967500433	-0.007242507967500431	-0.00724250796750043	0.00724250796750043	0.01448501593500086	-0.007242507967500429	-0.007242507967500431	-0.007242507967500431	0.007296352573534409	0.014431167719405212	-0.007242504357938755	0.9927489804235724	-0.007233996358573223	0.0023938579861822683
0.01448488616274023	0.028969772325480463	-0.014484886162740237	-0.014484886162740233	-0.014484886162740233	0.014484886162740233	0.02896977232548047	-0.014484886162740233	-0.014484886162740233	-0.014484886162740235	0.01459257506681587	0.02886207620226596	-0.014484878943601356	-0.014467894151531118	0.9854981218260502	0.004787665246023103
-0.007161554470621808	-0.01432310894124361	0.007161554470621809	0.007161554470621808	0.007161554470621808	-0.007161554470621808	-0.014323108941243619	0.007161554470621808	0.0071615544706218085	0.007161554470621808	-0.2622005096804879	0.2407828512045535	0.0070945495346909195	0.007175854656346947	0.007147254284896664	0.7238834422492408