0.999722058725798	-0.00055588254840475	0.000277941274202375	0.00027794127420237497	0.0002779412742023749	-0.00027794127420237497	-0.00055588254840475	0.000277941274202375	0.0002779412742023749	0.00027794127420237497	-0.00027809795047775725	-0.0005557258303711181	0.0002779412324441252	0.0002779412804564078	0.00027794126794834225	-0.00012970738148917826
-0.0011117650968095	0.9977764698063808	0.0011117650968095003	0.0011117650968094999	0.0011117650968094997	-0.0011117650968095	-0.002223530193619	0.0011117650968095003	0.0011117650968094999	0.0011117650968094999	-0.0011123918019110288	-0.0022229033214844723	0.0011117649297765005	0.0011117651218256305	0.0011117650717933688	-0.0005188295259567129
0.0005558825484047502	0.0011117650968095	0.9994441174515956	-0.00055588254840475	-0.00055588254840475	0.0005558825484047502	0.0011117650968095003	-0.0005558825484047502	-0.0005558825484047498	-0.00055588254840475	0.0005561959009555144	0.0011114516607422364	-0.0005558824648882507	-0.0005558825609128154	-0.0005558825358966848	0.00025941476297835657
0.000833823822607125	0.00166764764521425	-0.0008338238226071249	0.999166176177393	-0.0008338238226071249	0.000833823822607125	0.00166764764521425	-0.0008338238226071249	-0.0008338238226071249	-0.000833823822607125	0.0008342938514332718	0.001667177491113354	-0.000833823697332376	-0.0008338238413692233	-0.0008338238038450269	0.0003891221444675346
0.0016676476452142496	0.0033352952904284992	-0.0016676476452142494	-0.0016676476452142494	0.9983323523547856	0.0016676476452142496	0.0033352952904284992	-0.0016676476452142496	-0.0016676476452142494	-0.0016676476452142498	0.0016685877028665436	0.003334354982226708	-0.0016676473946647522	-0.0016676476827384465	-0.0016676476076900534	0.0007782442889350693
-0.0002779412742023751	-0.0005558825484047499	0.00027794127420237497	0.0002779412742023749	0.0002779412742023749	0.9997220587257979	-0.0005558825484047499	0.0002779412742023751	0.0002779412742023749	0.0002779412742023749	-0.00027809795047775725	-0.0005557258303711184	0.00027794123244412534	0.00027794128045640764	0.00027794126794834225	-0.0001297073814891782
-0.0011117650968094999	-0.0022235301936189993	0.0011117650968094997	0.0011117650968094992	0.0011117650968094992	-0.0011117650968094997	0.9977764698063808	0.0011117650968094999	0.0011117650968094992	0.0011117650968094997	-0.0011123918019110288	-0.002222903321484472	0.0011117649297765011	0.0011117651218256301	0.001111765071793369	-0.0005188295259567129
0.0005558825484047498	0.0011117650968094995	-0.0005558825484047497	-0.0005558825484047496	-0.0005558825484047496	0.0005558825484047497	0.0011117650968094997	0.9994441174515953	-0.0005558825484047498	-0.0005558825484047498	0.0005561959009555146	0.0011114516607422366	-0.0005558824648882506	-0.0005558825609128152	-0.0005558825358966845	0.0002594147629783565
0.0008338238226071252	0.0016676476452142505	-0.0008338238226071251	-0.0008338238226071251	-0.0008338238226071251	0.0008338238226071251	0.00166764764521425	-0.000833823822607125	0.9991661761773929	-0.000833823822607125	0.000834293851433272	0.0016671774911133543	-0.0008338236973323762	-0.0008338238413692237	-0.0008338238038450268	0.00038912214446753466
0.0016676476452142503	0.0033352952904285005	-0.00166764764521425	-0.00166764764521425	-0.00166764764521425	0.00166764764521425	0.0033352952904284997	-0.0016676476452142498	-0.0016676476452142498	0.9983323523547858	0.0016685877028665436	0.0033343549822267087	-0.0016676473946647522	-0.0016676476827384471	-0.0016676476076900536	0.0007782442889350694
-0.0002778957596219952	-0.0005557915192439904	0.00027789575962199525	0.0002778957596219952	0.0002778957596219952	-0.00027789575962199525	-0.0005557915192439904	0.0002778957596219952	0.00027789575962199503	0.00027789575962199514	0.9913335636509131	0.007830354033261471	0.00028029079658131034	0.00027788709135648904	0.0002779044278875011	-0.008664877791096443
-0.0010967980081147282	-0.002193596016229456	0.001096798008114728	0.0010967980081147278	0.0010967980081147276	-0.0010967980081147278	-0.0021935960162294556	0.0010967980081147278	0.0010967980081147276	0.0010967980081147278	0.016556173438957225	0.9801532946161703	0.0010969359286432155	0.001096780789813228	0.0010968152264162281	-0.01743061564143056
0.000555882548148822	0.0011117650962976437	-0.000555882548148822	-0.0005558825481488217	-0.0005558825481488216	0.0005558825481488217	0.0011117650962976435	-0.0005558825481488217	-0.0005558825481488216	-0.0005558825481488216	0.0005609864060537808	0.0011113522342839066	0.9994394264559602	-0.0005558825653631784	-0.0005558825309344646	0.0002548242482988221
0.0008338246452481931	0.0016676492904963863	-0.0008338246452481931	-0.000833824645248193	-0.0008338246452481931	0.0008338246452481931	0.0016676492904963863	-0.000833824645248193	-0.0008338246452481931	-0.0008338246452481931	0.0008343189622299572	0.0016671548416900507	-0.0008338245134236218	0.9991651943604415	-0.000832843650937816	0.0003881661393479219
0.0016676476450920624	0.003335295290184125	-0.0016676476450920624	-0.0016676476450920624	-0.0016676476450920626	0.0016676476450920624	0.003335295290184125	-0.0016676476450920624	-0.001667647645092062	-0.001667647645092062	0.0016686362785727665	0.0033343063930544032	-0.0016676473814430468	-0.0016656857353026164	0.9983303904451185	0.000776331494047127
-0.0008335629939269559	-0.0016671259878539113	0.0008335629939269555	0.0008335629939269555	0.0008335629939269555	-0.0008335629939269555	-0.0016671259878539109	0.0008335629939269554	0.0008335629939269555	0.0008335629939269554	-0.05113626057276602	0.048649347899675476	0.0008197866852366175	0.0008354729128022444	0.0008316530750516666	0.9483978160926465