0.9980100581585245	-0.003979883682951852	0.001989941841475927	0.0019899418414759274	0.0019899418414759274	-0.0019899418414759265	-0.003979883682951853	0.0019899418414759274	0.0019899418414759265	0.001989941841475927	-0.002003979863241936	-0.0039658436964500185	0.0019899398767401003	0.001989943378622812	0.001989940304329043	-0.0007003231687508866
-0.007959767365903704	0.9840804652681918	0.007959767365903704	0.007959767365903708	0.007959767365903708	-0.007959767365903704	-0.015919534731807412	0.007959767365903708	0.007959767365903706	0.007959767365903708	-0.008015919452967745	-0.015863374785800067	0.007959759506960396	0.007959773514491248	0.007959761217316168	-0.0028012926750035465
0.003979883682951854	0.007959767365903704	0.9960201163170478	-0.003979883682951855	-0.003979883682951854	0.003979883682951853	0.007959767365903708	-0.003979883682951855	-0.003979883682951854	-0.003979883682951855	0.0040079597264838715	0.007931687392900037	-0.003979879753480198	-0.003979886757245623	-0.003979880608658085	0.0014006463375017735
0.00596982552442778	0.011939651048855558	-0.005969825524427779	0.9940301744755727	-0.00596982552442778	0.005969825524427778	0.011939651048855556	-0.00596982552442778	-0.00596982552442778	-0.005969825524427777	0.006011939589725809	0.01189753108935006	-0.005969819630220301	-0.005969830135868439	-0.005969820912987124	0.002100969506252661
0.011939651048855566	0.02387930209771113	-0.011939651048855563	-0.011939651048855564	0.9880603489511444	0.011939651048855556	0.02387930209771112	-0.011939651048855563	-0.011939651048855563	-0.01193965104885556	0.012023879179451616	0.023795062178700113	-0.011939639260440603	-0.011939660271736879	-0.011939641825974257	0.0042019390125053215
-0.0019899418414759265	-0.003979883682951851	0.0019899418414759257	0.0019899418414759265	0.0019899418414759265	0.9980100581585235	-0.003979883682951852	0.001989941841475927	0.0019899418414759265	0.001989941841475927	-0.002003979863241936	-0.003965843696450018	0.0019899398767400994	0.001989943378622813	0.001989940304329042	-0.0007003231687508866
-0.007959767365903708	-0.015919534731807405	0.007959767365903703	0.007959767365903708	0.007959767365903706	-0.007959767365903704	0.984080465268192	0.007959767365903706	0.007959767365903703	0.007959767365903704	-0.008015919452967745	-0.015863374785800063	0.007959759506960396	0.00795977351449125	0.007959761217316166	-0.0028012926750035465
0.003979883682951855	0.007959767365903704	-0.003979883682951853	-0.003979883682951855	-0.003979883682951855	0.003979883682951854	0.007959767365903704	0.9960201163170482	-0.003979883682951853	-0.003979883682951854	0.004007959726483873	0.007931687392900035	-0.003979879753480199	-0.003979886757245627	-0.003979880608658083	0.0014006463375017728
0.00596982552442778	0.011939651048855558	-0.005969825524427778	-0.00596982552442778	-0.005969825524427778	0.005969825524427778	0.011939651048855554	-0.005969825524427777	0.9940301744755722	-0.005969825524427777	0.006011939589725806	0.011897531089350055	-0.0059698196302203	-0.005969830135868438	-0.005969820912987125	0.0021009695062526603
0.011939651048855563	0.023879302097711125	-0.011939651048855561	-0.011939651048855563	-0.011939651048855561	0.011939651048855561	0.02387930209771112	-0.011939651048855558	-0.011939651048855563	0.988060348951144	0.012023879179451614	0.023795062178700113	-0.011939639260440602	-0.011939660271736877	-0.011939641825974252	0.004201939012505322
-0.001981487583678393	-0.0039629751673567835	0.001981487583678392	0.0019814875836783926	0.0019814875836783926	-0.0019814875836783917	-0.0039629751673567835	0.0019814875836783917	0.001981487583678393	0.001981487583678392	0.9605139897979772	0.03353037039932334	0.001992664635341959	0.00198116451221928	0.0019818106551375047	-0.04080617084937744
-0.007346149171901458	-0.014692298343802913	0.007346149171901455	0.007346149171901457	0.007346149171901457	-0.007346149171901456	-0.014692298343802913	0.007346149171901455	0.007346149171901458	0.007346149171901458	0.0832836397694658	0.8946761093104261	0.007347952576305059	0.007345522761029267	0.007346775582773648	-0.08012500487429955
0.003979883569551758	0.007959767139103513	-0.0039798835695517565	-0.003979883569551759	-0.003979883569551757	0.0039798835695517565	0.007959767139103513	-0.0039798835695517565	-0.003979883569551757	-0.003979883569551758	0.0040305158992357554	0.00793021626548631	0.9959990349743819	-0.003979886808071317	-0.003979880331032201	0.0013809863624554036
0.005969869150454361	0.011939738300908722	-0.00596986915045436	-0.005969869150454361	-0.005969869150454359	0.005969869150454359	0.011939738300908716	-0.005969869150454358	-0.00596986915045436	-0.005969869150454359	0.006012723216105901	0.011896878161943803	-0.005969863077140992	0.9940231129249743	-0.005962851225882711	0.002094735769666272
0.0119396509169357	0.0238793018338714	-0.0119396509169357	-0.0119396509169357	-0.0119396509169357	0.0119396509169357	0.023879301833871398	-0.011939650916935697	-0.0119396509169357	-0.011939650916935695	0.01202535881526977	0.023793581788931907	-0.011939638770330281	-0.011925633694240495	0.9880463318603693	0.004189436247575949
-0.005919582552320067	-0.01183916510464013	0.005919582552320067	0.005919582552320068	0.005919582552320067	-0.005919582552320066	-0.011839165104640132	0.005919582552320066	0.005919582552320067	0.005919582552320065	-0.23077837452167477	0.21307907244031898	0.00586013697671547	0.005931665945613085	0.0059074991590270425	0.7572495266610231