0.99925437506051	-0.001491249878979928	0.0007456249394899642	0.000745624939489964	0.0007456249394899641	-0.0007456249394899639	-0.0014912498789799284	0.0007456249394899642	0.0007456249394899641	0.0007456249394899641	-0.0007476568647407877	-0.0014892174519829406	0.0007456244377437997	0.0007456250442864237	0.0007456248346935045	-0.000317038180548089
-0.002982499757959856	0.9940350004840799	0.0029824997579598568	0.0029824997579598563	0.0029824997579598563	-0.002982499757959856	-0.0059649995159197135	0.0029824997579598568	0.0029824997579598563	0.0029824997579598563	-0.0029906274589631505	-0.005956869807931762	0.002982497750975199	0.002982500177145694	0.002982499338774019	-0.0012681527221923563
0.001491249878979928	0.002982499757959857	0.9985087501210207	-0.001491249878979928	-0.0014912498789799282	0.0014912498789799277	0.0029824997579598568	-0.0014912498789799284	-0.0014912498789799284	-0.0014912498789799284	0.0014953137294815755	0.0029784349039658803	-0.0014912488754875992	-0.001491250088572847	-0.0014912496693870092	0.0006340763610961779
0.002236874818469891	0.004473749636939783	-0.002236874818469891	0.9977631251815301	-0.002236874818469891	0.00223687481846989	0.004473749636939784	-0.002236874818469891	-0.0022368748184698906	-0.002236874818469891	0.0022429705942223635	0.00446765235594882	-0.0022368733132313973	-0.0022368751328592697	-0.002236874504080514	0.0009511145416442668
0.004473749636939783	0.008947499273879568	-0.004473749636939783	-0.004473749636939782	0.9955262503630602	0.004473749636939782	0.00894749927387957	-0.004473749636939783	-0.004473749636939781	-0.004473749636939781	0.004485941188444729	0.008935304711897643	-0.004473746626462798	-0.00447375026571854	-0.0044737490081610265	0.0019022290832885341
-0.0007456249394899639	-0.0014912498789799284	0.0007456249394899641	0.000745624939489964	0.000745624939489964	0.9992543750605101	-0.0014912498789799282	0.0007456249394899641	0.000745624939489964	0.000745624939489964	-0.0007476568647407875	-0.0014892174519829397	0.0007456244377437995	0.0007456250442864232	0.0007456248346935047	-0.00031703818054808913
-0.0029824997579598563	-0.005964999515919715	0.0029824997579598568	0.0029824997579598568	0.0029824997579598568	-0.002982499757959856	0.9940350004840803	0.002982499757959857	0.0029824997579598568	0.0029824997579598563	-0.00299062745896315	-0.005956869807931761	0.002982497750975198	0.002982500177145693	0.002982499338774019	-0.0012681527221923563
0.0014912498789799284	0.002982499757959858	-0.0014912498789799286	-0.0014912498789799286	-0.0014912498789799286	0.0014912498789799282	0.0029824997579598576	0.9985087501210207	-0.0014912498789799286	-0.0014912498789799284	0.001495313729481576	0.0029784349039658803	-0.0014912488754875994	-0.0014912500885728467	-0.0014912496693870098	0.0006340763610961783
0.002236874818469891	0.004473749636939783	-0.002236874818469891	-0.0022368748184698906	-0.002236874818469891	0.0022368748184698906	0.004473749636939783	-0.0022368748184698915	0.9977631251815303	-0.002236874818469891	0.0022429705942223635	0.0044676523559488215	-0.002236873313231398	-0.0022368751328592697	-0.0022368745040805137	0.0009511145416442666
0.004473749636939782	0.008947499273879566	-0.004473749636939782	-0.004473749636939781	-0.004473749636939782	0.004473749636939781	0.008947499273879566	-0.004473749636939783	-0.004473749636939783	0.9955262503630602	0.004485941188444727	0.008935304711897645	-0.004473746626462798	-0.004473750265718541	-0.004473749008161028	0.0019022290832885337
-0.0007449362399534034	-0.0014898724799068074	0.0007449362399534034	0.0007449362399534036	0.0007449362399534036	-0.0007449362399534034	-0.0014898724799068076	0.0007449362399534039	0.0007449362399534035	0.0007449362399534036	0.9803183424096501	0.017441235959140506	0.0007505491513030283	0.0007448802226290013	0.000744992257277806	-0.02001700543478226
-0.002883195157065968	-0.005766390314131938	0.0028831951570659686	0.0028831951570659686	0.002883195157065968	-0.0028831951570659686	-0.00576639031413194	0.00288319515706597	0.002883195157065969	0.002883195157065969	0.039564419098226535	0.9517853150037756	0.0028838755838662493	0.0028830848858058897	0.0028833054283260496	-0.03984781423200083
0.001491249870196257	0.0029824997403925142	-0.0014912498701962567	-0.0014912498701962567	-0.0014912498701962567	0.0014912498701962562	0.002982499740392514	-0.001491249870196257	-0.0014912498701962565	-0.0014912498701962565	0.0015065473999944959	0.0029779365915651806	0.9984980157488328	-0.0014912501094867454	-0.0014912496309057682	0.0006238511389524666
0.002236880793499383	0.004473761586998768	-0.0022368807934993835	-0.002236880793499383	-0.002236880793499383	0.0022368807934993826	0.004473761586998768	-0.002236880793499384	-0.0022368807934993835	-0.002236880793499384	0.002243120714974504	0.004467520122745785	-0.002236879250721521	0.997760488096453	-0.002234249683451931	0.0009486342031585941
0.004473749632179093	0.00894749926435819	-0.004473749632179095	-0.004473749632179094	-0.004473749632179094	0.004473749632179092	0.008947499264358188	-0.004473749632179095	-0.004473749632179093	-0.004473749632179093	0.0044862294595683985	0.008935016351416927	-0.004473746546627138	-0.004468488696215168	0.9955209894318575	0.0018972630244827704
-0.0022328226981281484	-0.0044656453962562985	0.002232822698128149	0.002232822698128149	0.0022328226981281492	-0.002232822698128149	-0.004465645396256299	0.0022328226981281497	0.0022328226981281492	0.0022328226981281497	-0.1157829515909086	0.10911521766430214	0.0022020885303500985	0.0022377478433008463	0.0022278975529554518	0.88084346760921