0.998044474407773	-0.003911051184453356	0.0019555255922266788	0.0019555255922266788	0.0019555255922266796	-0.0019555255922266788	-0.003911051184453357	0.001955525592226679	0.0019555255922266796	0.00195552559222668	-0.0019692295256248673	-0.003897345265971068	0.0019555236071425765	0.0019555270590739227	0.001955524125379438	-0.0006915423205521392
-0.00782210236890671	0.9843557952621865	0.007822102368906717	0.007822102368906715	0.007822102368906717	-0.007822102368906713	-0.015644204737813427	0.007822102368906715	0.007822102368906717	0.007822102368906715	-0.007876918102499469	-0.015589381063884274	0.007822094428570304	0.007822108236295687	0.00782209650151775	-0.0027661692822085575
0.003911051184453359	0.007822102368906717	0.9960889488155469	-0.003911051184453359	-0.00391105118445336	0.003911051184453359	0.007822102368906719	-0.003911051184453359	-0.00391105118445336	-0.00391105118445336	0.003938459051249736	0.007794690531942138	-0.003911047214285151	-0.003911054118147844	-0.0039110482507588775	0.0013830846411042787
0.005866576776680039	0.011733153553360078	-0.005866576776680038	0.9941334232233198	-0.005866576776680039	0.005866576776680037	0.011733153553360074	-0.005866576776680038	-0.005866576776680039	-0.005866576776680039	0.005907688576874603	0.011692035797913206	-0.00586657082142773	-0.0058665811772217625	-0.005866572376138315	0.002074626961656418
0.011733153553360078	0.023466307106720156	-0.011733153553360076	-0.011733153553360078	0.9882668464466399	0.011733153553360078	0.023466307106720152	-0.011733153553360078	-0.01173315355336008	-0.01173315355336008	0.011815377153749206	0.023384071595826412	-0.011733141642855462	-0.01173316235444353	-0.011733144752276636	0.004149253923312835
-0.0019555255922266788	-0.003911051184453356	0.0019555255922266788	0.0019555255922266783	0.0019555255922266788	0.9980444744077731	-0.003911051184453356	0.0019555255922266788	0.001955525592226679	0.001955525592226679	-0.0019692295256248664	-0.003897345265971067	0.0019555236071425765	0.001955527059073921	0.001955524125379438	-0.0006915423205521392
-0.007822102368906715	-0.015644204737813423	0.007822102368906713	0.007822102368906713	0.007822102368906713	-0.007822102368906713	0.9843557952621864	0.007822102368906715	0.007822102368906717	0.007822102368906717	-0.007876918102499469	-0.015589381063884269	0.007822094428570304	0.007822108236295684	0.007822096501517755	-0.0027661692822085566
0.003911051184453361	0.007822102368906719	-0.00391105118445336	-0.00391105118445336	-0.00391105118445336	0.00391105118445336	0.007822102368906719	0.9960889488155465	-0.003911051184453359	-0.003911051184453359	0.0039384590512497345	0.007794690531942138	-0.003911047214285154	-0.0039110541181478446	-0.00391104825075888	0.0013830846411042787
0.005866576776680039	0.011733153553360078	-0.005866576776680038	-0.005866576776680039	-0.00586657677668004	0.005866576776680039	0.011733153553360076	-0.00586657677668004	0.9941334232233202	-0.00586657677668004	0.005907688576874604	0.011692035797913208	-0.00586657082142773	-0.005866581177221764	-0.005866572376138316	0.0020746269616564172
0.01173315355336008	0.02346630710672016	-0.01173315355336008	-0.01173315355336008	-0.011733153553360081	0.011733153553360081	0.023466307106720156	-0.011733153553360081	-0.011733153553360081	0.9882668464466402	0.011815377153749211	0.023384071595826412	-0.011733141642855462	-0.011733162354443528	-0.011733144752276634	0.004149253923312836
-0.0019474268385342379	-0.003894853677068475	0.0019474268385342379	0.0019474268385342376	0.0019474268385342376	-0.0019474268385342374	-0.003894853677068474	0.0019474268385342372	0.0019474268385342376	0.0019474268385342372	0.9609729982953745	0.03317365586901871	0.001958492158538559	0.0019471133491427133	0.0019477403279257624	-0.040329982352819954
-0.007227819515025771	-0.01445563903005154	0.007227819515025771	0.007227819515025773	0.007227819515025773	-0.007227819515025771	-0.014455639030051542	0.007227819515025773	0.007227819515025773	0.0072278195150257745	0.0822964734182087	0.8960182751229803	0.007229612428759528	0.007227211505833705	0.0072284275242178436	-0.07920564102047076
0.003911051073277599	0.007822102146555196	-0.003911051073277598	-0.003911051073277599	-0.003911051073277599	0.003911051073277599	0.007822102146555198	-0.003911051073277599	-0.003911051073277599	-0.003911051073277599	0.003960779902797095	0.007793236174520667	0.9960680860692379	-0.003911054166464282	-0.003911047980090917	0.0013636332750545763
0.0058666188774262025	0.011733237754852405	-0.005866618877426202	-0.0058666188774262025	-0.005866618877426203	0.005866618877426202	0.011733237754852403	-0.005866618877426203	-0.005866618877426203	-0.0058666188774262025	0.005908449951725164	0.01169140055090775	-0.00586661274778051	0.9941264844373915	-0.005859722192243272	0.0020684925840889204
0.011733153428625598	0.023466306857251196	-0.011733153428625598	-0.011733153428625598	-0.0117331534286256	0.011733153428625596	0.02346630685725119	-0.011733153428625598	-0.011733153428625598	-0.011733153428625598	0.011816815351737215	0.02338263267487062	-0.011733141169356642	-0.01171937783510576	0.9882530709778545	0.0041369510202497435
-0.005818451840372346	-0.01163690368074469	0.005818451840372346	0.005818451840372347	0.005818451840372347	-0.005818451840372345	-0.01163690368074469	0.005818451840372346	0.005818451840372347	0.005818451840372346	-0.2281298923672288	0.21073334142893385	0.005759647257550148	0.005830350886400469	0.005806552794344224	0.7600805331267824