0.9985440289260514	-0.0029119421478982278	0.0014559710739491148	0.0014559710739491145	0.0014559710739491137	-0.0014559710739491143	-0.0029119421478982278	0.0014559710739491143	0.001455971073949115	0.0014559710739491143	-0.0014644596802890733	-0.00290345183960214	0.0014559693719929845	0.001455971735993779	0.0014559704119044491	-0.0005529033196342932
-0.005823884295796456	0.9883522314084067	0.005823884295796456	0.005823884295796456	0.005823884295796454	-0.0058238842957964556	-0.01164776859159291	0.005823884295796455	0.005823884295796456	0.005823884295796455	-0.0058578387211562916	-0.011613807358408558	0.005823877487971939	0.005823886943975115	0.0058238816476177966	-0.002211613278537174
0.0029119421478982286	0.005823884295796456	0.997088057852102	-0.002911942147898228	-0.002911942147898227	0.002911942147898228	0.0058238842957964556	-0.0029119421478982278	-0.0029119421478982286	-0.0029119421478982278	0.0029289193605781453	0.00580690367920428	-0.0029119387439859694	-0.0029119434719875577	-0.0029119408238088983	0.0011058066392685868
0.004367913221847338	0.008735826443694675	-0.004367913221847337	0.9956320867781523	-0.004367913221847337	0.004367913221847339	0.008735826443694673	-0.004367913221847337	-0.004367913221847338	-0.004367913221847338	0.004393379040867215	0.008710355518806414	-0.004367908115978952	-0.00436791520798134	-0.004367911235713344	0.0016587099589028794
0.008735826443694672	0.01747165288738934	-0.008735826443694668	-0.00873582644369467	0.9912641735563049	0.008735826443694679	0.017471652887389347	-0.008735826443694673	-0.008735826443694673	-0.008735826443694673	0.00878675808173443	0.017420711037612824	-0.008735816231957903	-0.008735830415962676	-0.00873582247142669	0.0033174199178057587
-0.0014559710739491143	-0.0029119421478982278	0.0014559710739491139	0.0014559710739491139	0.0014559710739491135	0.998544028926051	-0.002911942147898227	0.0014559710739491139	0.0014559710739491143	0.0014559710739491139	-0.0014644596802890729	-0.0029034518396021387	0.0014559693719929843	0.001455971735993779	0.001455970411904449	-0.0005529033196342932
-0.005823884295796456	-0.011647768591592911	0.0058238842957964556	0.0058238842957964556	0.005823884295796454	-0.005823884295796455	0.9883522314084068	0.005823884295796455	0.005823884295796456	0.005823884295796455	-0.005857838721156289	-0.011613807358408555	0.005823877487971937	0.005823886943975116	0.005823881647617795	-0.002211613278537173
0.0029119421478982286	0.0058238842957964556	-0.002911942147898228	-0.0029119421478982278	-0.002911942147898227	0.0029119421478982278	0.0058238842957964556	0.9970880578521013	-0.0029119421478982286	-0.0029119421478982278	0.002928919360578145	0.0058069036792042774	-0.0029119387439859694	-0.002911943471987558	-0.002911940823808898	0.0011058066392685868
0.00436791322184734	0.00873582644369468	-0.004367913221847339	-0.00436791322184734	-0.00436791322184734	0.004367913221847341	0.00873582644369468	-0.00436791322184734	0.9956320867781528	-0.00436791322184734	0.004393379040867215	0.008710355518806414	-0.004367908115978953	-0.0043679152079813405	-0.004367911235713345	0.0016587099589028798
0.008735826443694679	0.017471652887389354	-0.008735826443694675	-0.008735826443694677	-0.008735826443694677	0.00873582644369468	0.017471652887389354	-0.008735826443694677	-0.008735826443694679	0.9912641735563053	0.008786758081734432	0.01742071103761283	-0.008735816231957906	-0.008735830415962677	-0.008735822471426694	0.0033174199178057596
-0.0014520788203004353	-0.0029041576406008706	0.0014520788203004355	0.001452078820300435	0.0014520788203004347	-0.001452078820300435	-0.00290415764060087	0.001452078820300435	0.0014520788203004355	0.0014520788203004349	0.9680395435829436	0.027595015580584314	0.0014612831958712516	0.0014518914388223776	0.0014522662017784924	-0.0329372971320876
-0.005478355280709732	-0.010956710561419464	0.005478355280709733	0.005478355280709732	0.0054783552807097305	-0.0054783552807097305	-0.010956710561419464	0.005478355280709733	0.005478355280709733	0.005478355280709732	0.06679627063285412	0.9167671731386003	0.005479845667126097	0.005477990057035881	0.005478720504383585	-0.06493303886529801
0.002911942084470597	0.005823884168941194	-0.0029119420844705974	-0.002911942084470597	-0.002911942084470596	0.0029119420844705966	0.005823884168941194	-0.002911942084470598	-0.0029119420844705983	-0.002911942084470597	0.0029473969412322125	0.0058057652458922615	0.9970707219818166	-0.0029119435052560676	-0.0029119406636851286	0.0010896221289359088
0.00436793632709409	0.008735872654188176	-0.004367936327094087	-0.004367936327094087	-0.004367936327094087	0.00436793632709409	0.008735872654188178	-0.004367936327094089	-0.00436793632709409	-0.004367936327094088	0.004393846533881416	0.008709957230833695	-0.004367931110526931	0.9956269275023876	-0.004362800156575069	0.0016540442729876849
0.008735826395970954	0.017471652791941905	-0.00873582639597095	-0.00873582639597095	-0.008735826395970949	0.008735826395970956	0.01747165279194191	-0.008735826395970954	-0.008735826395970956	-0.008735826395970953	0.00878764669437424	0.017419822060425298	-0.008735815962857642	-0.008725562097935055	0.9912539093059933	0.0033080690505702687
-0.004344833760429712	-0.008689667520859421	0.004344833760429712	0.00434483376042971	0.00434483376042971	-0.0043448337604297125	-0.008689667520859421	0.004344833760429712	0.004344833760429713	0.004344833760429712	-0.18726607331084472	0.17428037825586737	0.004296027534117822	0.004353975749448294	0.00433569177141113	0.8040240726213091