0.9978252293414184	-0.0043495413171629116	0.0021747706585814558	0.0021747706585814558	0.0021747706585814558	-0.0021747706585814558	-0.0043495413171629116	0.0021747706585814553	0.0021747706585814558	0.0021747706585814558	-0.002190500828873554	-0.004333809406325496	0.002174768918036137	0.00217477260880311	0.0021747687083598006	-0.0007457917859848054
-0.008699082634325823	0.9826018347313485	0.008699082634325821	0.008699082634325821	0.008699082634325821	-0.008699082634325823	-0.017398165268651646	0.008699082634325821	0.008699082634325823	0.008699082634325823	-0.008762003315494215	-0.01733523762530198	0.008699075672144547	0.00869909043521244	0.008699074833439197	-0.0029831671439392218
0.004349541317162912	0.008699082634325825	0.9956504586828365	-0.004349541317162911	-0.0043495413171629116	0.0043495413171629116	0.008699082634325825	-0.004349541317162911	-0.0043495413171629116	-0.0043495413171629116	0.004381001657747107	0.008667618812650987	-0.004349537836072275	-0.004349545217606223	-0.004349537416719599	0.00149158357196961
0.006524311975744365	0.013048623951488734	-0.006524311975744366	0.9934756880242553	-0.006524311975744365	0.006524311975744367	0.013048623951488737	-0.006524311975744366	-0.006524311975744367	-0.006524311975744369	0.006571502486620659	0.013001428218976483	-0.006524306754108412	-0.006524317826409331	-0.006524306125079394	0.002237375357954416
0.013048623951488732	0.02609724790297747	-0.013048623951488734	-0.013048623951488734	0.9869513760485112	0.01304862395148874	0.026097247902977485	-0.013048623951488737	-0.013048623951488737	-0.013048623951488739	0.013143004973241322	0.026002856437952974	-0.013048613508216827	-0.013048635652818665	-0.013048612250158789	0.004474750715908833
-0.0021747706585814558	-0.004349541317162912	0.0021747706585814558	0.0021747706585814553	0.002174770658581456	0.9978252293414189	-0.0043495413171629116	0.0021747706585814558	0.0021747706585814558	0.002174770658581456	-0.002190500828873554	-0.004333809406325496	0.002174768918036138	0.002174772608803111	0.0021747687083598	-0.0007457917859848052
-0.008699082634325825	-0.01739816526865165	0.008699082634325823	0.008699082634325823	0.008699082634325825	-0.008699082634325825	0.9826018347313487	0.008699082634325823	0.008699082634325825	0.008699082634325825	-0.008762003315494213	-0.017335237625301977	0.00869907567214455	0.008699090435212447	0.008699074833439199	-0.002983167143939221
0.0043495413171629116	0.008699082634325821	-0.004349541317162911	-0.00434954131716291	-0.0043495413171629116	0.004349541317162911	0.008699082634325823	0.9956504586828369	-0.0043495413171629116	-0.0043495413171629116	0.004381001657747106	0.008667618812650987	-0.0043495378360722745	-0.004349545217606221	-0.004349537416719599	0.0014915835719696104
0.006524311975744365	0.013048623951488734	-0.006524311975744366	-0.006524311975744366	-0.006524311975744367	0.006524311975744368	0.013048623951488734	-0.006524311975744366	0.9934756880242556	-0.006524311975744368	0.00657150248662066	0.013001428218976485	-0.006524306754108413	-0.006524317826409334	-0.006524306125079397	0.0022373753579544168
0.013048623951488736	0.026097247902977478	-0.013048623951488736	-0.013048623951488737	-0.013048623951488739	0.013048623951488739	0.026097247902977478	-0.013048623951488736	-0.013048623951488739	0.9869513760485117	0.013143004973241324	0.02600285643795297	-0.013048613508216829	-0.013048635652818668	-0.013048612250158796	0.0044747507159088335
-0.0021642528149615576	-0.004328505629923115	0.002164252814961557	0.002164252814961557	0.0021642528149615576	-0.002164252814961558	-0.004328505629923115	0.0021642528149615576	0.002164252814961557	0.0021642528149615576	0.9580951107067968	0.035400386611655704	0.002175997051624195	0.002163876430420786	0.0021646291995023274	-0.043305691404582874
-0.00797682755433641	-0.01595365510867282	0.007976827554336407	0.007976827554336407	0.007976827554336407	-0.007976827554336407	-0.01595365510867282	0.007976827554336407	0.007976827554336412	0.00797682755433641	0.08843763372225416	0.8876300475273711	0.00797866364170264	0.007976098847472976	0.007977556261199843	-0.08495193368578927
0.004349541196652327	0.008699082393304655	-0.004349541196652327	-0.0043495411966523265	-0.004349541196652327	0.004349541196652327	0.008699082393304655	-0.004349541196652327	-0.004349541196652327	-0.004349541196652327	0.004404765017235772	0.008666068315751943	0.9956282490603168	-0.004349545287583596	-0.004349537105721058	0.001470830342660393
0.00652436427769085	0.013048728555381701	-0.006524364277690851	-0.00652436427769085	-0.006524364277690851	0.006524364277690852	0.013048728555381703	-0.006524364277690851	-0.006524364277690851	-0.0065243642776908525	0.0065724100181596854	0.013000677388157567	-0.00652435885093555	0.9934679668269593	-0.0065166953823408875	0.0022306119195859386
0.01304862377619231	0.026097247552384628	-0.01304862377619231	-0.01304862377619231	-0.013048623776192314	0.013048623776192316	0.02609724755238463	-0.013048623776192312	-0.013048623776192316	-0.013048623776192318	0.013144714986673677	0.026001145488403783	-0.013048612922692814	-0.013033309602731162	0.9869360620503462	0.0044611821215322965
-0.0064617716124763715	-0.012923543224952743	0.0064617716124763715	0.0064617716124763715	0.0064617716124763715	-0.0064617716124763715	-0.012923543224952748	0.0064617716124763715	0.006461771612476373	0.006461771612476374	-0.24472526715095874	0.22540276229811945	0.00639896162788648	0.006474833315068113	0.0064487099098846255	0.742387666835694