0.9982508955191475	-0.003498208961706085	0.0017491044808530425	0.0017491044808530423	0.0017491044808530417	-0.001749104480853042	-0.003498208961706084	0.001749104480853043	0.001749104480853042	0.001749104480853042	-0.0017607108233630591	-0.0034866006338885916	0.001749102495545566	0.0017491055676431353	0.0017491033940629495	-0.0006368039512448945
-0.006996417923412168	0.9860071641531759	0.006996417923412169	0.0069964179234121675	0.006996417923412165	-0.0069964179234121675	-0.013992835846824333	0.006996417923412171	0.006996417923412166	0.006996417923412165	-0.007042843293452233	-0.013946402535554368	0.006996409982182262	0.0069964222705725405	0.006996413576251796	-0.002547215804979578
0.0034982089617060846	0.006996417923412168	0.9965017910382943	-0.003498208961706085	-0.0034982089617060837	0.0034982089617060846	0.006996417923412169	-0.0034982089617060863	-0.0034982089617060837	-0.0034982089617060837	0.003521421646726118	0.006973201267777186	-0.0034982049910911315	-0.003498211135286271	-0.0034982067881259	0.001273607902489789
0.0052473134425591265	0.010494626885118251	-0.005247313442559126	0.9947526865574411	-0.005247313442559124	0.005247313442559126	0.010494626885118251	-0.005247313442559127	-0.0052473134425591265	-0.005247313442559126	0.005282132470089175	0.010459801901665775	-0.005247307486636696	-0.005247316702929405	-0.0052473101821888446	0.001910411853734683
0.010494626885118248	0.020989253770236495	-0.010494626885118248	-0.010494626885118248	0.9895053731148811	0.010494626885118248	0.0209892537702365	-0.010494626885118251	-0.01049462688511825	-0.010494626885118248	0.010564264940178352	0.02091960380333155	-0.010494614973273395	-0.010494633405858812	-0.010494620364377686	0.0038208237074693657
-0.0017491044808530425	-0.0034982089617060846	0.0017491044808530427	0.001749104480853042	0.001749104480853042	0.9982508955191468	-0.0034982089617060846	0.0017491044808530432	0.001749104480853042	0.0017491044808530419	-0.0017607108233630587	-0.003486600633888592	0.0017491024955455662	0.0017491055676431353	0.0017491033940629495	-0.0006368039512448943
-0.006996417923412167	-0.013992835846824331	0.006996417923412167	0.006996417923412165	0.006996417923412165	-0.006996417923412167	0.9860071641531757	0.00699641792341217	0.006996417923412166	0.006996417923412165	-0.007042843293452234	-0.013946402535554365	0.006996409982182262	0.006996422270572539	0.006996413576251796	-0.0025472158049795776
0.0034982089617060855	0.00699641792341217	-0.003498208961706086	-0.0034982089617060846	-0.0034982089617060846	0.0034982089617060855	0.006996417923412168	0.9965017910382945	-0.0034982089617060837	-0.0034982089617060833	0.0035214216467261182	0.006973201267777186	-0.0034982049910911328	-0.0034982111352862702	-0.003498206788125899	0.001273607902489789
0.005247313442559126	0.010494626885118251	-0.005247313442559126	-0.005247313442559126	-0.005247313442559126	0.005247313442559127	0.010494626885118251	-0.005247313442559127	0.9947526865574408	-0.0052473134425591265	0.005282132470089176	0.010459801901665775	-0.005247307486636697	-0.005247316702929407	-0.005247310182188845	0.0019104118537346829
0.010494626885118251	0.020989253770236502	-0.010494626885118251	-0.010494626885118251	-0.010494626885118251	0.010494626885118255	0.020989253770236502	-0.010494626885118255	-0.010494626885118251	0.9895053731148814	0.01056426494017835	0.020919603803331546	-0.010494614973273394	-0.010494633405858813	-0.010494620364377687	0.0038208237074693666
-0.0017429558354161608	-0.003485911670832321	0.0017429558354161608	0.0017429558354161603	0.00174295583541616	-0.0017429558354161608	-0.00348591167083232	0.0017429558354161608	0.00174295583541616	0.00174295583541616	0.963792611646092	0.030968168365838118	0.0017533083172370386	0.001742697463331012	0.001743214207501309	-0.03739283646473587
-0.006512192331336857	-0.013024384662673711	0.006512192331336856	0.0065121923313368555	0.006512192331336855	-0.006512192331336857	-0.013024384662673711	0.006512192331336857	0.006512192331336854	0.006512192331336854	0.07617355163178484	0.9042881700148158	0.006513893690725794	0.00651169028225571	0.006512694380418	-0.07353587734683271
0.0034982088679040763	0.006996417735808151	-0.0034982088679040763	-0.003498208867904075	-0.003498208867904075	0.003498208867904076	0.00699641773580815	-0.0034982088679040763	-0.003498208867904075	-0.0034982088679040746	0.0035422558776518303	0.006971860999387833	0.9964823008587683	-0.0034982111736551946	-0.0034982065621529555	0.001255447021085683
0.005247346984423788	0.010494693968847574	-0.005247346984423788	-0.005247346984423787	-0.005247346984423787	0.005247346984423788	0.010494693968847574	-0.005247346984423789	-0.005247346984423789	-0.005247346984423788	0.00528276578501951	0.010459269065333203	-0.005247340881505138	0.9947464836419148	-0.005241177610762645	0.0019048782620083894
0.010494626798090595	0.020989253596181187	-0.010494626798090595	-0.010494626798090594	-0.010494626798090594	0.010494626798090595	0.02098925359618119	-0.010494626798090595	-0.010494626798090595	-0.010494626798090595	0.01056546422013875	0.02091840396832086	-0.010494614592278411	-0.01048230123293345	0.9894930476367519	0.003809728879409759
-0.005210803714742761	-0.01042160742948552	0.00521080371474276	0.005210803714742761	0.00521080371474276	-0.005210803714742761	-0.010421607429485521	0.005210803714742761	0.005210803714742761	0.005210803714742761	-0.21184602111729467	0.19626845617804353	0.005155957509765797	0.00522158229842965	0.0052000251310558715	0.7775405354240598