0.9978687291517376	-0.004262541696523418	0.002131270848261708	0.002131270848261707	0.0021312708482617076	-0.002131270848261709	-0.004262541696523416	0.002131270848261707	0.002131270848261707	0.002131270848261707	-0.0021466196795368645	-0.004247191053565003	0.0021312690365784537	0.0021312726957713963	0.002131269000752019	-0.0007353469656514112
-0.008525083393046834	0.9829498332139069	0.00852508339304683	0.008525083393046829	0.00852508339304683	-0.008525083393046834	-0.017050166786093664	0.008525083393046829	0.008525083393046829	0.008525083393046829	-0.008586478718147463	-0.016988764214260012	0.00852507614631381	0.008525090783085595	0.008525076003008072	-0.002941387862605644
0.004262541696523416	0.00852508339304683	0.9957374583034773	-0.004262541696523415	-0.004262541696523415	0.004262541696523417	0.00852508339304683	-0.004262541696523413	-0.0042625416965234135	-0.004262541696523413	0.004293239359073731	0.008494382107130008	-0.004262538073156908	-0.004262545391542795	-0.004262538001504035	0.0014706939313028223
0.006393812544785121	0.012787625089570244	-0.00639381254478512	0.9936061874552146	-0.006393812544785121	0.006393812544785122	0.012787625089570244	-0.006393812544785122	-0.006393812544785122	-0.006393812544785122	0.006439859038610595	0.012741573160695008	-0.006393807109735358	-0.006393818087314191	-0.006393807002256053	0.0022060408969542325
0.012787625089570246	0.025575250179140495	-0.012787625089570244	-0.012787625089570244	0.9872123749104298	0.012787625089570247	0.0255752501791405	-0.01278762508957025	-0.012787625089570247	-0.012787625089570247	0.012879718077221193	0.025483146321390013	-0.012787614219470715	-0.012787636174628383	-0.012787614004512103	0.004412081793908465
-0.002131270848261708	-0.004262541696523415	0.002131270848261707	0.002131270848261707	0.002131270848261708	0.9978687291517382	-0.004262541696523415	0.0021312708482617067	0.0021312708482617067	0.0021312708482617063	-0.002146619679536865	-0.004247191053565004	0.0021312690365784532	0.0021312726957713963	0.0021312690007520177	-0.0007353469656514109
-0.008525083393046832	-0.01705016678609366	0.008525083393046829	0.008525083393046829	0.00852508339304683	-0.00852508339304683	0.9829498332139065	0.008525083393046829	0.00852508339304683	0.00852508339304683	-0.00858647871814746	-0.016988764214260012	0.008525076146313813	0.008525090783085588	0.008525076003008072	-0.0029413878626056446
0.004262541696523417	0.008525083393046834	-0.004262541696523416	-0.004262541696523415	-0.004262541696523417	0.004262541696523417	0.008525083393046834	0.9957374583034768	-0.004262541696523416	-0.004262541696523415	0.004293239359073731	0.008494382107130006	-0.004262538073156908	-0.0042625453915427925	-0.004262538001504035	0.001470693931302822
0.006393812544785121	0.012787625089570244	-0.006393812544785121	-0.006393812544785121	-0.00639381254478512	0.006393812544785123	0.012787625089570244	-0.006393812544785122	0.993606187455215	-0.006393812544785123	0.006439859038610596	0.012741573160695007	-0.0063938071097353584	-0.0063938180873141905	-0.006393807002256052	0.0022060408969542334
0.01278762508957024	0.025575250179140488	-0.01278762508957024	-0.01278762508957024	-0.012787625089570239	0.012787625089570242	0.02557525017914048	-0.01278762508957024	-0.012787625089570242	0.9872123749104298	0.01287971807722119	0.025483146321390013	-0.012787614219470719	-0.012787636174628381	-0.012787614004512105	0.004412081793908467
-0.0021212624962214403	-0.00424252499244288	0.0021212624962214403	0.0021212624962214394	0.00212126249622144	-0.0021212624962214403	-0.004242524992442881	0.0021212624962214394	0.0021212624962214394	0.0021212624962214394	0.9586578377860553	0.03496675910589818	0.0021328781156030605	0.002120898936478875	0.002121626055964004	-0.042725725620164884
-0.007829123473659456	-0.01565824694731891	0.007829123473659452	0.00782912347365945	0.007829123473659454	-0.007829123473659456	-0.015658246947318905	0.00782912347365945	0.00782912347365945	0.00782912347365945	0.08724598033330862	0.8892648172534006	0.007830955465971894	0.007828419362035977	0.00782982758528293	-0.08383174343126559
0.0042625415768508075	0.008525083153701615	-0.0042625415768508075	-0.004262541576850806	-0.0042625415768508075	0.0042625415768508075	0.008525083153701613	-0.004262541576850807	-0.004262541576850805	-0.004262541576850805	0.004316726908668022	0.008492848696003136	0.9957155075490307	-0.00426254545605146	-0.004262537697650151	0.0014501941738492429
0.006393862731064944	0.012787725462129888	-0.006393862731064944	-0.006393862731064944	-0.006393862731064945	0.006393862731064946	0.01278772546212989	-0.006393862731064945	-0.006393862731064944	-0.006393862731064945	0.0064407367393859195	0.012740845819869307	-0.006393857097125344	0.9935986215596816	-0.006386347021812018	0.0021994015365976853
0.012787624925235353	0.025575249850470702	-0.01278762492523535	-0.012787624925235351	-0.012787624925235355	0.012787624925235355	0.025575249850470706	-0.012787624925235355	-0.012787624925235353	-0.012787624925235353	0.012881372679736875	0.02548149082810419	-0.01278761365737036	-0.012772615883200543	0.9871973660327299	0.0043987629103252775
-0.006334308781769276	-0.012668617563538553	0.006334308781769275	0.006334308781769274	0.006334308781769276	-0.006334308781769276	-0.012668617563538547	0.006334308781769275	0.006334308781769276	0.006334308781769275	-0.24148211530589106	0.22254121812641078	0.0062722796159417815	0.0063471419941096684	0.006321475569428882	0.745836391575706