0.9982689967150657	-0.0034620065698682425	0.001731003284934121	0.0017310032849341195	0.0017310032849341204	-0.0017310032849341202	-0.0034620065698682412	0.0017310032849341208	0.0017310032849341206	0.0017310032849341204	-0.0017424197658573006	-0.0034505881125852108	0.0017310013085742695	0.0017310043416956355	0.0017310022281726053	-0.0006318339516835897
-0.006924013139736485	0.9861519737205277	0.006924013139736484	0.006924013139736479	0.0069240131397364825	-0.006924013139736482	-0.013848026279472967	0.006924013139736484	0.006924013139736482	0.006924013139736482	-0.006969679063429201	-0.013802352450340845	0.006924005234297077	0.006924017366782543	0.006924008912690421	-0.0025273358067343585
0.003462006569868241	0.0069240131397364825	0.9965379934301322	-0.0034620065698682386	-0.0034620065698682404	0.0034620065698682404	0.006924013139736483	-0.0034620065698682412	-0.0034620065698682404	-0.00346200656986824	0.003484839531714601	0.006901176225170421	-0.003462002617148539	-0.003462008683391271	-0.0034620044563452106	0.0012636679033671792
0.005193009854802365	0.010386019709604734	-0.0051930098548023645	0.9948069901451969	-0.005193009854802362	0.005193009854802362	0.01038601970960473	-0.0051930098548023645	-0.005193009854802363	-0.005193009854802363	0.005227259297571902	0.010351764337755634	-0.005193003925722809	-0.005193013025086909	-0.005193006684517816	0.0018955018550507693
0.010386019709604722	0.020772039419209454	-0.010386019709604722	-0.010386019709604717	0.9896139802903953	0.010386019709604719	0.020772039419209447	-0.010386019709604724	-0.010386019709604722	-0.01038601970960472	0.010454518595143797	0.020703528675511264	-0.010386007851445616	-0.010386026050173816	-0.01038601336903563	0.0037910037101015386
-0.0017310032849341206	-0.0034620065698682417	0.0017310032849341204	0.0017310032849341198	0.00173100328493412	0.9982689967150655	-0.003462006569868241	0.0017310032849341206	0.0017310032849341202	0.00173100328493412	-0.0017424197658573	-0.00345058811258521	0.0017310013085742697	0.0017310043416956357	0.0017310022281726049	-0.0006318339516835897
-0.006924013139736482	-0.013848026279472965	0.006924013139736481	0.006924013139736479	0.006924013139736479	-0.006924013139736482	0.9861519737205272	0.0069240131397364825	0.006924013139736481	0.00692401313973648	-0.006969679063429203	-0.013802352450340843	0.006924005234297078	0.006924017366782544	0.00692400891269042	-0.0025273358067343585
0.003462006569868241	0.006924013139736483	-0.003462006569868241	-0.0034620065698682395	-0.00346200656986824	0.003462006569868241	0.006924013139736485	0.9965379934301319	-0.0034620065698682404	-0.00346200656986824	0.0034848395317146007	0.0069011762251704216	-0.00346200261714854	-0.003462008683391272	-0.00346200445634521	0.0012636679033671792
0.0051930098548023645	0.010386019709604732	-0.005193009854802364	-0.005193009854802363	-0.005193009854802364	0.005193009854802364	0.010386019709604732	-0.005193009854802364	0.9948069901451975	-0.005193009854802363	0.0052272592975719	0.010351764337755632	-0.005193003925722811	-0.005193013025086908	-0.005193006684517818	0.0018955018550507697
0.010386019709604725	0.02077203941920946	-0.010386019709604725	-0.01038601970960472	-0.010386019709604724	0.010386019709604724	0.020772039419209458	-0.010386019709604722	-0.010386019709604722	0.9896139802903949	0.0104545185951438	0.020703528675511264	-0.01038600785144562	-0.010386026050173818	-0.010386013369035633	0.0037910037101015377
-0.0017250110888985687	-0.0034500221777971378	0.0017250110888985689	0.001725011088898568	0.001725011088898568	-0.0017250110888985687	-0.003450022177797139	0.0017250110888985687	0.0017250110888985684	0.0017250110888985678	0.9640458796539286	0.03076880072536272	0.0017352974429112097	0.0017247573532864532	0.0017252648245106837	-0.03712807973349783
-0.0064489533181412055	-0.012897906636282411	0.006448953318141205	0.006448953318141203	0.006448953318141203	-0.0064489533181412055	-0.012897906636282416	0.006448953318141204	0.006448953318141204	0.006448953318141203	0.07561898427416888	0.9050324647470689	0.006450644342479867	0.006448460192058094	0.006449446444224323	-0.07302482517931977
0.003462006477831442	0.006924012955662885	-0.003462006477831442	-0.0034620064778314408	-0.003462006477831441	0.003462006477831442	0.006924012955662887	-0.0034620064778314416	-0.003462006477831441	-0.003462006477831441	0.0035055369428260968	0.006899847074204835	0.9965186289386316	-0.0034620087212191776	-0.0034620042344437056	0.0012456237432914793
0.0051930426940679335	0.01038608538813587	-0.005193042694067933	-0.00519304269406793	-0.005193042694067932	0.005193042694067932	0.010386085388135869	-0.005193042694067931	-0.005193042694067932	-0.00519304269406793	0.0052278818251103336	0.01035124018334881	-0.0051930366203232796	0.9948008517216314	-0.005186937109767228	0.0018900213483175696
0.010386019625465601	0.02077203925093121	-0.0103860196254656	-0.010386019625465596	-0.010386019625465598	0.010386019625465601	0.020772039250931212	-0.010386019625465601	-0.0103860196254656	-0.010386019625465598	0.010455697712503594	0.020702349016428995	-0.010386007478001376	-0.010373821275872332	0.9896017820249408	0.0037800155926447708
-0.0051574316965849526	-0.010314863393169907	0.005157431696584952	0.00515743169658495	0.005157431696584951	-0.005157431696584952	-0.010314863393169907	0.005157431696584951	0.005157431696584951	0.00515743169658495	-0.21038204022972234	0.19496423389627673	0.0051029429402757115	0.005168110793660029	0.005146752599509874	0.7791142862652962