0.9988188840161203	-0.002362231967759526	0.0011811159838797623	0.0011811159838797623	0.0011811159838797621	-0.0011811159838797625	-0.0023622319677595255	0.0011811159838797625	0.0011811159838797621	0.0011811159838797628	-0.001186774926938105	-0.002356571769427811	0.0011811147286063916	0.0011811163582826018	0.0011811156094769244	-0.00046742293914397005
-0.004724463935519053	0.9905510721289629	0.004724463935519051	0.004724463935519052	0.004724463935519051	-0.004724463935519051	-0.009448927871038106	0.004724463935519052	0.004724463935519051	0.004724463935519053	-0.004747099707752421	-0.009426287077711246	0.004724458914425568	0.004724465433130403	0.0047244624379076975	-0.0018696917565758807
0.0023622319677595255	0.004724463935519052	0.9976377680322402	-0.0023622319677595255	-0.002362231967759525	0.0023622319677595255	0.004724463935519052	-0.002362231967759526	-0.0023622319677595255	-0.002362231967759526	0.0023735498538762093	0.00471314353885562	-0.002362229457212784	-0.002362232716565202	-0.0023622312189538483	0.0009348458782879403
0.0035433479516392865	0.007086695903278574	-0.003543347951639287	0.996456652048361	-0.003543347951639286	0.003543347951639286	0.007086695903278574	-0.0035433479516392874	-0.0035433479516392865	-0.0035433479516392874	0.0035603247808143157	0.007069715308283438	-0.003543344185819174	-0.003543349074847806	-0.003543346828430773	0.0014022688174319105
0.007086695903278572	0.014173391806557146	-0.007086695903278573	-0.007086695903278573	0.9929133040967212	0.007086695903278573	0.014173391806557151	-0.007086695903278576	-0.007086695903278575	-0.0070866959032785766	0.007120649561628631	0.014139430616566875	-0.0070866883716383475	-0.007086698149695611	-0.007086693656861547	0.00280453763486382
-0.0011811159838797625	-0.002362231967759526	0.0011811159838797625	0.0011811159838797623	0.0011811159838797625	0.9988188840161204	-0.0023622319677595264	0.001181115983879763	0.0011811159838797625	0.001181115983879763	-0.0011867749269381049	-0.002356571769427811	0.001181114728606392	0.0011811163582826011	0.0011811156094769244	-0.00046742293914397027
-0.004724463935519052	-0.009448927871038106	0.004724463935519052	0.004724463935519051	0.004724463935519052	-0.004724463935519053	0.9905510721289623	0.004724463935519052	0.004724463935519051	0.004724463935519053	-0.0047470997077524195	-0.009426287077711249	0.004724458914425569	0.004724465433130405	0.0047244624379076975	-0.0018696917565758809
0.0023622319677595255	0.004724463935519052	-0.0023622319677595255	-0.002362231967759525	-0.0023622319677595255	0.002362231967759526	0.004724463935519053	0.9976377680322407	-0.002362231967759525	-0.0023622319677595264	0.002373549853876209	0.004713143538855623	-0.0023622294572127837	-0.002362232716565202	-0.002362231218953848	0.0009348458782879404
0.003543347951639287	0.007086695903278575	-0.0035433479516392874	-0.0035433479516392874	-0.0035433479516392874	0.0035433479516392874	0.007086695903278576	-0.003543347951639288	0.9964566520483605	-0.0035433479516392874	0.0035603247808143157	0.007069715308283437	-0.0035433441858191746	-0.003543349074847806	-0.0035433468284307725	0.001402268817431911
0.007086695903278573	0.014173391806557148	-0.007086695903278574	-0.007086695903278574	-0.007086695903278574	0.007086695903278574	0.01417339180655715	-0.007086695903278575	-0.007086695903278573	0.9929133040967218	0.007120649561628631	0.014139430616566877	-0.00708668837163835	-0.0070866981496956125	-0.007086693656861547	0.0028045376348638223
-0.0011788252015618938	-0.002357650403123788	0.0011788252015618938	0.0011788252015618936	0.0011788252015618938	-0.0011788252015618938	-0.0023576504031237876	0.0011788252015618938	0.0011788252015618934	0.0011788252015618938	0.9723757005836563	0.024079859183793188	0.0011867898294264973	0.001178695973097232	0.0011789544300265548	-0.02836696697761596
-0.004489764917891004	-0.008979529835782008	0.004489764917891004	0.004489764917891003	0.004489764917891003	-0.004489764917891005	-0.00897952983578201	0.004489764917891004	0.004489764917891003	0.004489764917891003	0.05712350740587053	0.9294059818174258	0.0044909809409219995	0.004489512187711322	0.004490017648070686	-0.05609332746845345
0.0023622319311735313	0.0047244638623470635	-0.0023622319311735313	-0.002362231931173531	-0.0023622319311735313	0.0023622319311735317	0.004724463862347064	-0.0023622319311735317	-0.002362231931173531	-0.0023622319311735317	0.002389513145360044	0.004712233514757391	0.99762271720223	-0.0023622327472932548	-0.0023622311150538096	0.0009207237527120183
0.0035433630738769626	0.007086726147753927	-0.003543363073876963	-0.003543363073876963	-0.0035433630738769635	0.0035433630738769635	0.007086726147753928	-0.003543363073876964	-0.0035433630738769635	-0.0035433630738769643	0.003560654456147804	0.007069430920020117	-0.003543359228413992	0.996452469849372	-0.00353919599712547	0.001398433759437647
0.007086695879611505	0.014173391759223013	-0.007086695879611506	-0.007086695879611506	-0.007086695879611505	0.007086695879611506	0.014173391759223013	-0.007086695879611506	-0.007086695879611505	-0.0070866958796115065	0.007121278579231208	0.014138801368691042	-0.007086688188699239	-0.007078366284407311	0.9929049745251848	0.002796854457184115
-0.0035297904545038496	-0.007059580909007701	0.0035297904545038505	0.0035297904545038505	0.0035297904545038496	-0.0035297904545038505	-0.007059580909007703	0.0035297904545038513	0.0035297904545038496	0.0035297904545038505	-0.16209580030857698	0.15154895904761365	0.00348726035195559	0.0035373457982486576	0.0035222351107590463	0.8311915846542577