0.9978741661531031	-0.004251667693793703	0.002125833846896853	0.0021258338468968523	0.0021258338468968523	-0.002125833846896852	-0.004251667693793704	0.0021258338468968523	0.002125833846896852	0.0021258338468968523	-0.002141134237812821	-0.004236365483129127	0.002125832027148242	0.0021258356818098737	0.0021258320119838326	-0.0007340303732959251
-0.008503335387587407	0.9829933292248243	0.00850333538758741	0.008503335387587407	0.008503335387587407	-0.008503335387587406	-0.01700667077517481	0.008503335387587407	0.008503335387587406	0.008503335387587406	-0.008564536951251277	-0.016945461932516503	0.008503328108592965	0.008503342727239488	0.008503328047935329	-0.002936121493183699
0.0042516676937937046	0.008503335387587407	0.9957483323062066	-0.0042516676937937046	-0.0042516676937937046	0.004251667693793704	0.008503335387587409	-0.004251667693793705	-0.0042516676937937046	-0.004251667693793705	0.004282268475625641	0.008472730966258252	-0.004251664054296484	-0.004251671363619745	-0.004251664023967664	0.0014680607465918493
0.0063775015406905555	0.012755003081381106	-0.006377501540690555	0.9936224984593092	-0.006377501540690558	0.0063775015406905555	0.012755003081381111	-0.006377501540690557	-0.006377501540690555	-0.006377501540690557	0.006423402713438459	0.012709096449387378	-0.006377496081444724	-0.006377507045429619	-0.006377496035951498	0.0022020911198877735
0.01275500308138111	0.02551000616276221	-0.012755003081381108	-0.012755003081381108	0.9872449969186188	0.01275500308138111	0.025510006162762222	-0.012755003081381113	-0.012755003081381108	-0.012755003081381113	0.012846805426876917	0.025418192898774748	-0.012754992162889445	-0.012755014090859237	-0.012754992071902994	0.004404182239775549
-0.002125833846896851	-0.004251667693793701	0.0021258338468968505	0.0021258338468968505	0.0021258338468968505	0.9978741661531026	-0.004251667693793702	0.002125833846896851	0.002125833846896851	0.002125833846896851	-0.0021411342378128187	-0.004236365483129126	0.0021258320271482414	0.002125835681809873	0.002125832011983832	-0.0007340303732959247
-0.008503335387587406	-0.017006670775174808	0.008503335387587404	0.008503335387587404	0.008503335387587404	-0.008503335387587402	0.9829933292248249	0.008503335387587404	0.008503335387587402	0.008503335387587402	-0.008564536951251278	-0.0169454619325165	0.008503328108592964	0.008503342727239495	0.008503328047935327	-0.0029361214931836986
0.004251667693793705	0.008503335387587409	-0.0042516676937937046	-0.0042516676937937046	-0.0042516676937937046	0.004251667693793704	0.008503335387587406	0.995748332306206	-0.004251667693793704	-0.004251667693793705	0.00428226847562564	0.008472730966258253	-0.004251664054296483	-0.0042516713636197466	-0.004251664023967664	0.0014680607465918497
0.006377501540690555	0.012755003081381106	-0.006377501540690554	-0.006377501540690554	-0.0063775015406905555	0.006377501540690554	0.01275500308138111	-0.006377501540690555	0.9936224984593092	-0.0063775015406905555	0.0064234027134384575	0.012709096449387376	-0.006377496081444722	-0.0063775070454296185	-0.006377496035951496	0.0022020911198877744
0.012755003081381111	0.02551000616276221	-0.01275500308138111	-0.01275500308138111	-0.012755003081381113	0.01275500308138111	0.025510006162762222	-0.012755003081381111	-0.012755003081381113	0.9872449969186184	0.012846805426876915	0.025418192898774748	-0.012754992162889441	-0.012755014090859239	-0.01275499207190299	0.004404182239775551
-0.002115888130873134	-0.004231776261746267	0.002115888130873134	0.0021158881308731333	0.002115888130873134	-0.002115888130873133	-0.004231776261746265	0.0021158881308731333	0.0021158881308731333	0.0021158881308731333	0.9587284424144745	0.034912293856363505	0.0021274874674159267	0.0021155261622030084	0.0021162500995432574	-0.042652891924556346
-0.00781063061747708	-0.015621261234954154	0.00781063061747708	0.007810630617477081	0.007810630617477079	-0.007810630617477077	-0.01562126123495415	0.007810630617477079	0.007810630617477078	0.0078106306174770745	0.087096146250037	0.8894701305728386	0.0078124619421703085	0.007809929557724688	0.0078113316772294595	-0.08369107556529568
0.004251667574265467	0.008503335148530933	-0.004251667574265467	-0.004251667574265467	-0.004251667574265468	0.004251667574265467	0.008503335148530933	-0.004251667574265468	-0.004251667574265467	-0.004251667574265467	0.004305721201775485	0.008471199758602648	0.9957264141881533	-0.004251671427489907	-0.004251663721041031	0.0014475928271797177
0.006377551465736606	0.012755102931473208	-0.006377551465736605	-0.006377551465736604	-0.006377551465736606	0.006377551465736604	0.012755102931473208	-0.006377551465736604	-0.006377551465736604	-0.006377551465736606	0.0064242767147126845	0.01270837202513544	-0.006377545808374905	0.9936149519725478	-0.006370054904021075	0.002195467293314709
0.0127550029183828	0.025510005836765597	-0.012755002918382798	-0.012755002918382798	-0.012755002918382802	0.012755002918382798	0.025510005836765597	-0.0127550029183828	-0.0127550029183828	-0.012755002918382803	0.012848453155259159	0.025416544285180413	-0.012754991603673965	-0.012740032019245472	0.9872300261824798	0.004390894616270061
-0.006318371074182419	-0.012636742148364837	0.006318371074182419	0.006318371074182419	0.00631837107418242	-0.006318371074182419	-0.012636742148364839	0.006318371074182419	0.006318371074182419	0.0063183710741824195	-0.24107514132480112	0.22218195922451484	0.0062564399519213915	0.006331175652335061	0.006305566496029781	0.7462694772205598