0.9985367936369279	-0.0029264127261446346	0.0014632063630723169	0.001463206363072317	0.0014632063630723165	-0.001463206363072317	-0.0029264127261446338	0.0014632063630723169	0.0014632063630723165	0.001463206363072317	-0.0014717719209563099	-0.0029178454563157535	0.0014632046511274316	0.0014632070340762173	0.001463205692068415	-0.0005550628309072861
-0.005852825452289267	0.9882943490954225	0.005852825452289267	0.005852825452289267	0.005852825452289264	-0.005852825452289267	-0.011705650904578532	0.005852825452289266	0.005852825452289263	0.005852825452289266	-0.0058870876838252395	-0.01167138182526302	0.005852818604509724	0.00585282813630487	0.00585282276827366	-0.0022202513236291442
0.0029264127261446325	0.005852825452289264	0.9970735872738554	-0.0029264127261446325	-0.002926412726144631	0.0029264127261446325	0.005852825452289264	-0.002926412726144632	-0.0029264127261446316	-0.0029264127261446325	0.0029435438419126193	0.005835690912631506	-0.0029264093022548614	-0.002926414068152434	-0.002926411384136829	0.0011101256618145723
0.004389619089216947	0.008779238178433896	-0.004389619089216948	0.9956103809107832	-0.004389619089216947	0.004389619089216948	0.0087792381784339	-0.00438961908921695	-0.004389619089216948	-0.00438961908921695	0.004415315762868927	0.008753536368947254	-0.004389613953382291	-0.004389621102228655	-0.004389617076205246	0.0016651884927218585
0.008779238178433894	0.017558476356867792	-0.008779238178433896	-0.008779238178433894	0.9912207618215658	0.008779238178433894	0.017558476356867796	-0.008779238178433898	-0.008779238178433896	-0.008779238178433898	0.008830631525737855	0.017507072737894508	-0.00877922790676458	-0.008779242204457307	-0.00877923415241049	0.0033303769854437174
-0.0014632063630723169	-0.0029264127261446333	0.0014632063630723167	0.0014632063630723169	0.001463206363072317	0.998536793636928	-0.0029264127261446325	0.0014632063630723165	0.001463206363072316	0.0014632063630723169	-0.0014717719209563097	-0.002917845456315753	0.001463204651127431	0.0014632070340762175	0.001463205692068415	-0.0005550628309072862
-0.005852825452289267	-0.011705650904578532	0.005852825452289266	0.005852825452289266	0.005852825452289267	-0.005852825452289267	0.9882943490954219	0.005852825452289267	0.005852825452289265	0.0058528254522892675	-0.0058870876838252395	-0.011671381825263016	0.005852818604509724	0.005852828136304869	0.0058528227682736605	-0.002220251323629144
0.0029264127261446325	0.005852825452289264	-0.002926412726144632	-0.002926412726144632	-0.0029264127261446325	0.0029264127261446325	0.005852825452289264	0.9970735872738555	-0.0029264127261446307	-0.0029264127261446325	0.0029435438419126193	0.005835690912631506	-0.0029264093022548605	-0.0029264140681524342	-0.0029264113841368303	0.0011101256618145717
0.004389619089216946	0.008779238178433896	-0.004389619089216947	-0.004389619089216946	-0.004389619089216947	0.004389619089216946	0.008779238178433894	-0.004389619089216947	0.9956103809107828	-0.004389619089216949	0.004415315762868926	0.008753536368947254	-0.004389613953382291	-0.004389621102228653	-0.0043896170762052445	0.0016651884927218583
0.008779238178433896	0.017558476356867796	-0.008779238178433898	-0.008779238178433896	-0.008779238178433898	0.008779238178433896	0.017558476356867796	-0.008779238178433898	-0.008779238178433896	0.9912207618215665	0.008830631525737851	0.01750707273789451	-0.008779227906764577	-0.008779242204457305	-0.00877923415241049	0.0033303769854437166
-0.0014592653791605113	-0.0029185307583210226	0.0014592653791605113	0.001459265379160511	0.001459265379160511	-0.001459265379160511	-0.0029185307583210218	0.001459265379160511	0.0014592653791605109	0.0014592653791605115	0.9679305633557002	0.0276824057289641	0.0014685001570147592	0.0014590763533860861	0.001459454404934936	-0.033051980834359035
-0.005504124854082081	-0.01100824970816416	0.005504124854082081	0.00550412485408208	0.005504124854082081	-0.005504124854082081	-0.011008249708164162	0.005504124854082081	0.00550412485408208	0.005504124854082081	0.06703859080213016	0.9164475379650205	0.005505621524684834	0.005503756455730947	0.005504493252433216	-0.06515458936425608
0.002926412661957639	0.005852825323915278	-0.002926412661957638	-0.002926412661957638	-0.002926412661957638	0.002926412661957639	0.005852825323915276	-0.0029264126619576386	-0.0029264126619576373	-0.002926412661957638	0.002962083400582773	0.005834546951219021	0.9970561949721132	-0.002926414101487637	-0.0029264112224276395	0.001093889909724359
0.004389642428042803	0.008779284856085605	-0.0043896424280428035	-0.0043896424280428035	-0.0043896424280428035	0.0043896424280428035	0.008779284856085607	-0.004389642428042804	-0.0043896424280428035	-0.004389642428042804	0.004415787118832237	0.008753134917904942	-0.004389637180651573	0.9956051958948178	-0.004384480750903298	0.0016605011683595234
0.008779238129920925	0.01755847625984185	-0.008779238129920928	-0.008779238129920926	-0.008779238129920928	0.008779238129920928	0.017558476259841863	-0.00877923812992093	-0.008779238129920928	-0.00877923812992093	0.008831527394846814	0.017506176500154663	-0.00877922763515963	-0.008768922927110324	0.991210446667269	0.0033209826559367603
-0.004366249724449669	-0.008732499448899339	0.0043662497244496695	0.004366249724449668	0.004366249724449668	-0.004366249724449668	-0.008732499448899337	0.004366249724449669	0.004366249724449669	0.00436624972444967	-0.18789768108412686	0.174847894409507	0.004317287225720364	0.004375432779272662	0.00435706666962668	0.8033423981957464