0.9988929958655817	-0.0022140082688360623	0.0011070041344180312	0.0011070041344180314	0.0011070041344180314	-0.0011070041344180312	-0.0022140082688360623	0.0011070041344180312	0.0011070041344180314	0.0011070041344180316	-0.00111195163330977	-0.002209059648109003	0.0011070030125827082	0.0011070044478737548	0.0011070038209623073	-0.00044318595028492526
-0.0044280165376721255	0.9911439669246562	0.004428016537672126	0.004428016537672128	0.004428016537672128	-0.004428016537672126	-0.008856033075344253	0.0044280165376721255	0.004428016537672127	0.004428016537672128	-0.00444780653323908	-0.008836238592436015	0.004428012050330834	0.00442801779149502	0.004428015283849231	-0.0017727438011397013
0.0022140082688360636	0.004428016537672127	0.9977859917311639	-0.002214008268836064	-0.002214008268836064	0.002214008268836063	0.004428016537672127	-0.002214008268836063	-0.0022140082688360636	-0.0022140082688360645	0.0022239032666195395	0.0044181192962180075	-0.002214006025165417	-0.0022140088957475104	-0.0022140076419246146	0.0008863719005698505
0.0033210124032540954	0.006642024806508191	-0.0033210124032540954	0.9966789875967464	-0.0033210124032540954	0.003321012403254094	0.006642024806508189	-0.003321012403254094	-0.0033210124032540945	-0.003321012403254095	0.003335854899929308	0.006627178944327007	-0.003321009037748124	-0.003321013343621266	-0.003321011462886924	0.0013295578508547756
0.006642024806508191	0.013284049613016382	-0.006642024806508191	-0.006642024806508191	0.9933579751934918	0.006642024806508187	0.013284049613016376	-0.006642024806508187	-0.006642024806508188	-0.006642024806508188	0.006671709799858613	0.013254357888654008	-0.006642018075496247	-0.006642026687242533	-0.006642022925773847	0.002659115701709552
-0.0011070041344180312	-0.0022140082688360623	0.0011070041344180314	0.0011070041344180314	0.0011070041344180312	0.9988929958655817	-0.0022140082688360627	0.0011070041344180314	0.0011070041344180314	0.0011070041344180318	-0.0011119516333097696	-0.0022090596481090024	0.0011070030125827082	0.0011070044478737548	0.0011070038209623073	-0.0004431859502849253
-0.0044280165376721255	-0.008856033075344251	0.004428016537672126	0.004428016537672126	0.0044280165376721255	-0.0044280165376721255	0.9911439669246557	0.0044280165376721255	0.0044280165376721255	0.004428016537672127	-0.004447806533239078	-0.008836238592436011	0.004428012050330834	0.0044280177914950225	0.0044280152838492275	-0.0017727438011397013
0.002214008268836063	0.004428016537672126	-0.0022140082688360636	-0.0022140082688360636	-0.002214008268836063	0.002214008268836063	0.004428016537672126	0.9977859917311633	-0.0022140082688360627	-0.002214008268836063	0.002223903266619539	0.004418119296218006	-0.002214006025165416	-0.0022140088957475104	-0.0022140076419246146	0.0008863719005698503
0.0033210124032540954	0.006642024806508191	-0.0033210124032540954	-0.0033210124032540954	-0.0033210124032540954	0.0033210124032540945	0.006642024806508189	-0.003321012403254094	0.9966789875967459	-0.003321012403254095	0.0033358548999293074	0.0066271789443270055	-0.003321009037748124	-0.0033210133436212667	-0.0033210114628869237	0.0013295578508547758
0.006642024806508191	0.013284049613016382	-0.006642024806508191	-0.006642024806508191	-0.006642024806508191	0.006642024806508189	0.013284049613016378	-0.006642024806508188	-0.00664202480650819	0.9933579751934918	0.006671709799858614	0.01325435788865401	-0.0066420180754962485	-0.006642026687242532	-0.006642022925773848	0.002659115701709551
-0.0011050642517413296	-0.002210128503482659	0.0011050642517413296	0.0011050642517413296	0.0011050642517413296	-0.0011050642517413296	-0.002210128503482659	0.0011050642517413296	0.0011050642517413298	0.00110506425174133	0.9736208213128856	0.023056385705959973	0.0011126644776722797	0.001104949200812771	0.0011051793026698898	-0.027053947595769647
-0.004219922156552393	-0.008439844313104787	0.0042199221565523935	0.0042199221565523935	0.0042199221565523935	-0.0042199221565523935	-0.008439844313104787	0.0042199221565523935	0.004219922156552394	0.004219922156552394	0.054345283070923844	0.9329938189066782	0.004221053709293159	0.004219696927177766	0.004220147385927019	-0.05354852461206552
0.0022140082384587484	0.004428016476917498	-0.0022140082384587492	-0.0022140082384587492	-0.0022140082384587492	0.002214008238458749	0.004428016476917498	-0.002214008238458749	-0.0022140082384587492	-0.0022140082384587492	0.002239131201583064	0.004417276259443769	0.9977716090158903	-0.0022140089254637546	-0.002214007551453742	0.0008728505672690506
0.003321025667789816	0.006642051335579633	-0.003321025667789817	-0.003321025667789817	-0.0033210256677898165	0.003321025667789816	0.006642051335579633	-0.0033210256677898157	-0.0033210256677898165	-0.0033210256677898165	0.003336150494229441	0.006626923071822185	-0.0033210222304719955	0.9966750686060334	-0.0033171199416129186	0.0013259497858772202
0.006642024787531657	0.013284049575063314	-0.006642024787531658	-0.006642024787531658	-0.006642024787531658	0.006642024787531657	0.013284049575063312	-0.006642024787531656	-0.006642024787531657	-0.006642024787531657	0.006672274386673687	0.013253793101297302	-0.006642017912907673	-0.006634217154321615	0.9933501675792584	0.0026518880383367797
-0.0033095393609673843	-0.006619078721934769	0.003309539360967385	0.003309539360967385	0.0033095393609673847	-0.003309539360967384	-0.006619078721934768	0.0033095393609673834	0.003309539360967385	0.003309539360967385	-0.1548535193268594	0.144965607757724	0.0032688328472005577	0.0033166576256501447	0.00330242109628462	0.8389975354118823