0.9977490879983179	-0.004501824003363335	0.0022509120016816673	0.002250912001681668	0.0022509120016816673	-0.002250912001681667	-0.0045018240033633345	0.002250912001681667	0.0022509120016816673	0.002250912001681667	-0.0022672817574768273	-0.00448545266076965	0.002250910414883146	0.002250914140054911	0.0022509098633084227	-0.000763693528108891
-0.009003648006726669	0.981992703986547	0.009003648006726669	0.009003648006726669	0.009003648006726666	-0.009003648006726666	-0.018007296013453338	0.009003648006726667	0.009003648006726667	0.009003648006726666	-0.00906912702990731	-0.01794181064307861	0.009003641659532583	0.009003656560219647	0.009003639453233696	-0.0030547741124355644
0.004501824003363334	0.009003648006726669	0.9954981759966365	-0.004501824003363334	-0.004501824003363331	0.004501824003363331	0.009003648006726666	-0.004501824003363332	-0.004501824003363333	-0.004501824003363332	0.004534563514953656	0.008970905321539298	-0.004501820829766289	-0.004501828280109822	-0.00450181972661685	0.0015273870562177822
0.006752736005044999	0.013505472010090003	-0.006752736005044999	0.9932472639949552	-0.006752736005044998	0.006752736005044997	0.013505472010090001	-0.006752736005044999	-0.0067527360050450005	-0.006752736005044999	0.0068018452724304835	0.01345635798230895	-0.006752731244649434	-0.0067527424201647285	-0.006752729589925272	0.0022910805843266726
0.01350547201008999	0.02701094402017999	-0.01350547201008999	-0.013505472010089992	0.9864945279899094	0.01350547201008999	0.027010944020179995	-0.013505472010089994	-0.013505472010089996	-0.01350547201008999	0.01360369054486096	0.026912715964617893	-0.013505462489298866	-0.013505484840329452	-0.013505459179850543	0.004582161168653344
-0.0022509120016816673	-0.004501824003363335	0.0022509120016816677	0.0022509120016816673	0.002250912001681667	0.9977490879983179	-0.0045018240033633345	0.002250912001681667	0.0022509120016816673	0.002250912001681667	-0.002267281757476827	-0.00448545266076965	0.002250910414883145	0.0022509141400549105	0.0022509098633084236	-0.0007636935281088908
-0.009003648006726666	-0.018007296013453338	0.009003648006726667	0.009003648006726666	0.009003648006726662	-0.00900364800672666	0.981992703986547	0.009003648006726667	0.009003648006726667	0.009003648006726666	-0.00906912702990731	-0.017941810643078607	0.009003641659532578	0.009003656560219642	0.0090036394532337	-0.003054774112435564
0.004501824003363334	0.009003648006726667	-0.004501824003363334	-0.004501824003363333	-0.004501824003363332	0.004501824003363331	0.009003648006726667	0.9954981759966365	-0.004501824003363333	-0.004501824003363332	0.004534563514953654	0.008970905321539302	-0.004501820829766289	-0.004501828280109821	-0.004501819726616847	0.001527387056217782
0.006752736005044998	0.013505472010090001	-0.006752736005044999	-0.006752736005044999	-0.006752736005044998	0.006752736005044999	0.013505472010090003	-0.0067527360050450005	0.993247263994955	-0.0067527360050450005	0.006801845272430485	0.01345635798230895	-0.006752731244649435	-0.006752742420164729	-0.006752729589925274	0.002291080584326673
0.013505472010089994	0.027010944020180002	-0.013505472010089996	-0.013505472010089998	-0.013505472010089994	0.013505472010089996	0.027010944020180002	-0.01350547201009	-0.013505472010090001	0.98649452798991	0.013603690544860967	0.026912715964617893	-0.013505462489298868	-0.013505484840329455	-0.013505459179850547	0.004582161168653346
-0.0022394661195200122	-0.004478932239040026	0.0022394661195200122	0.0022394661195200127	0.0022394661195200122	-0.002239466119520012	-0.004478932239040025	0.002239466119520012	0.002239466119520012	0.002239466119520012	0.9571189580060587	0.03615068124672509	0.002251428508176248	0.0022390668832833593	0.002239865355756666	-0.044309505400386584
-0.008234289410347075	-0.016468578820694156	0.008234289410347076	0.008234289410347076	0.008234289410347075	-0.008234289410347075	-0.016468578820694156	0.008234289410347076	0.008234289410347076	0.008234289410347075	0.09049401801864265	0.8848012758251672	0.008236127335495717	0.008233516896802707	0.008235061923891443	-0.08689107148624069
0.004501823882855231	0.009003647765710466	-0.004501823882855233	-0.004501823882855232	-0.004501823882855231	0.004501823882855231	0.009003647765710467	-0.004501823882855231	-0.004501823882855231	-0.00450182388285523	0.004558797935312626	0.00896932720616776	0.9954755226242302	-0.004501828361311685	-0.004501819404398777	0.001506195265932043
0.0067527921201034095	0.013505584240206822	-0.006752792120103409	-0.00675279212010341	-0.006752792120103408	0.006752792120103409	0.013505584240206824	-0.006752792120103411	-0.006752792120103411	-0.00675279212010341	0.0068028060146312136	0.01345556536910049	-0.006752787143524892	0.9932392708837366	-0.006744855123943513	0.0022841008293577707
0.013505471814430061	0.02701094362886013	-0.013505471814430065	-0.013505471814430067	-0.013505471814430063	0.013505471814430067	0.02701094362886014	-0.01350547181443007	-0.01350547181443007	-0.013505471814430068	0.01360549931944237	0.026910906170695265	-0.013505461861277508	-0.013489623711927466	0.9864786800830676	0.004568157157942518
-0.0066846638464458565	-0.013369327692891713	0.0066846638464458565	0.006684663846445857	0.006684663846445855	-0.0066846638464458565	-0.013369327692891715	0.0066846638464458565	0.006684663846445857	0.0066846638464458565	-0.2503491502139495	0.23035932076323237	0.006620501757825327	0.006698122931443426	0.00667120476144829	0.736418031619569