0.9998484080718362	-0.00030318385632744147	0.00015159192816372073	0.00015159192816372073	0.00015159192816372081	-0.00015159192816372084	-0.0003031838563274417	0.00015159192816372081	0.00015159192816372087	0.00015159192816372087	-0.00015162038255388163	-0.00030315539422352085	0.00015159192044996087	0.00015159192922456282	0.00015159192710287886	-0.0000728765644326469
-0.0006063677126548831	0.9987872645746905	0.0006063677126548833	0.0006063677126548833	0.0006063677126548834	-0.0006063677126548834	-0.0012127354253097667	0.0006063677126548834	0.0006063677126548835	0.0006063677126548834	-0.0006064815302155269	-0.0012126215768940836	0.0006063676817998437	0.0006063677168982516	0.0006063677084115157	-0.0002915062577305876
0.0003031838563274416	0.000606367712654883	0.9996968161436726	-0.00030318385632744147	-0.0003031838563274415	0.0003031838563274416	0.0006063677126548831	-0.0003031838563274415	-0.0003031838563274416	-0.00030318385632744163	0.0003032407651077634	0.0006063107884470415	-0.0003031838408999217	-0.00030318385844912564	-0.0003031838542057577	0.00014575312886529377
0.00045477578449116233	0.0009095515689823247	-0.0004547757844911624	0.9995452242155085	-0.0004547757844911624	0.0004547757844911624	0.0009095515689823247	-0.00045477578449116233	-0.0004547757844911625	-0.0004547757844911625	0.00045486114766164504	0.0009094661826705625	-0.0004547757613498826	-0.0004547757876736883	-0.00045477578130863675	0.0002186296932979407
0.0009095515689823246	0.0018191031379646491	-0.0009095515689823247	-0.0009095515689823247	0.9990904484310177	0.0009095515689823248	0.0018191031379646493	-0.0009095515689823247	-0.000909551568982325	-0.000909551568982325	0.0009097222953232902	0.0018189323653411249	-0.0009095515226997653	-0.0009095515753473767	-0.0009095515626172732	0.0004372593865958815
-0.0001515919281637208	-0.0003031838563274415	0.00015159192816372076	0.00015159192816372076	0.0001515919281637208	0.9998484080718364	-0.0003031838563274416	0.00015159192816372076	0.0001515919281637208	0.0001515919281637208	-0.00015162038255388174	-0.00030315539422352095	0.0001515919204499609	0.0001515919292245628	0.00015159192710287883	-0.00007287656443264691
-0.0006063677126548831	-0.001212735425309766	0.000606367712654883	0.000606367712654883	0.0006063677126548831	-0.0006063677126548833	0.9987872645746906	0.0006063677126548831	0.0006063677126548834	0.0006063677126548834	-0.0006064815302155267	-0.0012126215768940836	0.0006063676817998436	0.0006063677168982512	0.0006063677084115153	-0.00029150625773058755
0.0003031838563274416	0.0006063677126548829	-0.00030318385632744147	-0.00030318385632744147	-0.0003031838563274416	0.00030318385632744163	0.0006063677126548829	0.9996968161436727	-0.00030318385632744163	-0.0003031838563274416	0.0003032407651077635	0.0006063107884470417	-0.0003031838408999218	-0.0003031838584491257	-0.0003031838542057577	0.00014575312886529375
0.00045477578449116244	0.0009095515689823249	-0.0004547757844911625	-0.0004547757844911625	-0.0004547757844911625	0.0004547757844911625	0.000909551568982325	-0.0004547757844911625	0.999545224215509	-0.0004547757844911625	0.00045486114766164504	0.0009094661826705624	-0.00045477576134988264	-0.00045477578767368835	-0.0004547757813086366	0.00021862969329794073
0.0009095515689823248	0.0018191031379646496	-0.0009095515689823249	-0.0009095515689823249	-0.0009095515689823249	0.0009095515689823249	0.0018191031379646498	-0.0009095515689823249	-0.0009095515689823249	0.9990904484310178	0.0009097222953232901	0.0018189323653411249	-0.0009095515226997652	-0.0009095515753473768	-0.0009095515626172734	0.00043725938659588146
-0.00015158377115362831	-0.0003031675423072565	0.00015158377115362826	0.00015158377115362831	0.00015158377115362831	-0.00015158377115362831	-0.0003031675423072565	0.00015158377115362831	0.00015158377115362834	0.00015158377115362834	0.9950136943797281	0.004530193109208602	0.0001529449687558974	0.00015158110589799233	0.0001515864364092645	-0.004955526819350866
-0.000601798924353782	-0.001203597848707564	0.000601798924353782	0.000601798924353782	0.000601798924353782	-0.0006017989243537821	-0.001203597848707564	0.000601798924353782	0.0006017989243537818	0.000601798924353782	0.009352768906558463	0.9888417886433271	0.000601844601406994	0.0006017936150258718	0.0006018042336816923	-0.010003955819860423
0.0003031838563023586	0.0006063677126047171	-0.0003031838563023586	-0.00030318385630235867	-0.0003031838563023586	0.0003031838563023587	0.0006063677126047173	-0.0003031838563023587	-0.0003031838563023587	-0.0003031838563023587	0.00030596322939166004	0.0006062779920011357	0.999694126491212	-0.00030318385988209473	-0.00030318385272262266	0.0001430964713389263
0.0004547760285925545	0.000909552057185109	-0.0004547760285925545	-0.0004547760285925545	-0.0004547760285925545	0.0004547760285925545	0.000909552057185109	-0.0004547760285925545	-0.0004547760285925546	-0.00045477602859255465	0.000454869078615791	0.0009094589819253458	-0.0004547760033560283	0.9995446888905277	-0.0004542409477127134	0.00021810247575935226
0.0009095515689705965	0.001819103137941193	-0.0009095515689705965	-0.0009095515689705965	-0.0009095515689705966	0.0009095515689705965	0.001819103137941193	-0.0009095515689705965	-0.0009095515689705964	-0.0009095515689705965	0.000909737668966459	0.001818916987472291	-0.0009095515184975576	-0.0009084814210750027	0.9990893782831339	0.00043620471420691896
-0.0004547306038334171	-0.0009094612076668342	0.00045473060383341716	0.0004547306038334171	0.0004547306038334171	-0.0004547306038334171	-0.0009094612076668343	0.00045473060383341716	0.00045473060383341716	0.0004547306038334172	-0.029446862246163906	0.028090641293484563	0.0004467597450125073	0.00045578476336317024	0.00045367644430366414	0.9704843726681474