0.9995198553437593	-0.0009602893124806305	0.0004801446562403151	0.0004801446562403152	0.00048014465624031513	-0.00048014465624031524	-0.0009602893124806305	0.0004801446562403152	0.0004801446562403151	0.00048014465624031513	-0.00048082263405004646	-0.0009596111592768814	0.0004801444808462975	0.00048014468644410246	0.00048014462603652796	-0.00021463772473380926
-0.0019205786249612612	0.9961588427500774	0.0019205786249612607	0.0019205786249612612	0.0019205786249612612	-0.0019205786249612614	-0.0038411572499225228	0.0019205786249612612	0.0019205786249612607	0.001920578624961261	-0.0019232905362001858	-0.003838444637107525	0.0019205779233851903	0.0019205787457764103	0.0019205785041461123	-0.0008585508989352375
0.0009602893124806305	0.001920578624961261	0.9990397106875191	-0.0009602893124806303	-0.0009602893124806303	0.0009602893124806304	0.0019205786249612607	-0.0009602893124806304	-0.0009602893124806303	-0.0009602893124806304	0.0009616452681000929	0.0019192223185537625	-0.000960288961692595	-0.0009602893728882047	-0.0009602892520730558	0.0004292754494676187
0.0014404339687209464	0.0028808679374418933	-0.0014404339687209464	0.9985595660312793	-0.0014404339687209462	0.0014404339687209462	0.0028808679374418933	-0.001440433968720946	-0.0014404339687209462	-0.0014404339687209458	0.0014424679021501393	0.002878833477830645	-0.001440433442538893	-0.0014404340593323075	-0.0014404338781095845	0.0006439131742014283
0.0028808679374418933	0.005761735874883787	-0.0028808679374418933	-0.0028808679374418933	0.9971191320625583	0.002880867937441893	0.005761735874883786	-0.002880867937441892	-0.0028808679374418924	-0.002880867937441892	0.0028849358043002782	0.005757666955661292	-0.0028808668850777855	-0.002880868118664614	-0.0028808677562191685	0.0012878263484028569
-0.00048014465624031513	-0.0009602893124806303	0.0004801446562403151	0.0004801446562403151	0.00048014465624031513	0.9995198553437594	-0.0009602893124806306	0.00048014465624031524	0.00048014465624031513	0.00048014465624031513	-0.0004808226340500464	-0.0009596111592768813	0.00048014448084629757	0.00048014468644410257	0.0004801446260365279	-0.00021463772473380937
-0.0019205786249612605	-0.003841157249922521	0.0019205786249612603	0.0019205786249612603	0.0019205786249612605	-0.0019205786249612605	0.9961588427500775	0.0019205786249612603	0.00192057862496126	0.0019205786249612603	-0.0019232905362001856	-0.003838444637107524	0.00192057792338519	0.001920578745776409	0.0019205785041461114	-0.0008585508989352374
0.0009602893124806304	0.0019205786249612607	-0.0009602893124806303	-0.0009602893124806303	-0.0009602893124806303	0.0009602893124806304	0.001920578624961261	0.9990397106875193	-0.0009602893124806303	-0.0009602893124806304	0.0009616452681000928	0.0019192223185537627	-0.0009602889616925954	-0.0009602893728882048	-0.000960289252073056	0.00042927544946761874
0.0014404339687209458	0.002880867937441892	-0.0014404339687209458	-0.0014404339687209458	-0.0014404339687209456	0.0014404339687209458	0.0028808679374418915	-0.0014404339687209456	0.9985595660312789	-0.0014404339687209453	0.0014424679021501395	0.0028788334778306448	-0.0014404334425388932	-0.0014404340593323068	-0.0014404338781095845	0.0006439131742014283
0.0028808679374418924	0.005761735874883786	-0.0028808679374418924	-0.0028808679374418924	-0.002880867937441892	0.0028808679374418924	0.005761735874883785	-0.002880867937441892	-0.002880867937441892	0.9971191320625581	0.0028849358043002795	0.005757666955661291	-0.002880866885077787	-0.0028808681186646133	-0.002880867756219169	0.0012878263484028569
-0.0004799357357042924	-0.0009598714714085849	0.0004799357357042923	0.0004799357357042923	0.00047993573570429243	-0.0004799357357042925	-0.000959871471408585	0.00047993573570429243	0.0004799357357042924	0.00047993573570429243	0.9861454331147387	0.01241086813799633	0.0004838272758561366	0.00047991110751549945	0.0004799603638930855	-0.013968036827712062
-0.001877564114738759	-0.0037551282294775185	0.001877564114738759	0.001877564114738759	0.001877564114738759	-0.001877564114738759	-0.0037551282294775185	0.0018775641147387588	0.0018775641147387586	0.001877564114738759	0.027139102284787043	0.9672278568181467	0.0018779126675886495	0.0018775153986298249	0.0018776128308476932	-0.027958599429025267
0.0009602893105663937	0.0019205786211327874	-0.0009602893105663936	-0.0009602893105663936	-0.0009602893105663937	0.0009602893105663937	0.0019205786211327874	-0.0009602893105663937	-0.0009602893105663936	-0.0009602893105663937	0.0009694304643629541	0.0019189694384718597	0.9990321787182976	-0.0009602893841986695	-0.000960289236934117	0.0004220005725862676
0.0014404364334986081	0.0028808728669972167	-0.0014404364334986081	-0.0014404364334986083	-0.0014404364334986083	0.0014404364334986086	0.002880872866997217	-0.0014404364334986083	-0.0014404364334986083	-0.0014404364334986083	0.001442536626425022	0.002878772130301478	-0.0014404358897292838	0.9985578690642354	-0.0014387419312324365	0.0006422873939998032
0.0028808679364835717	0.0057617358729671435	-0.0028808679364835713	-0.0028808679364835713	-0.002880867936483571	0.0028808679364835713	0.0057617358729671435	-0.002880867936483571	-0.0028808679364835713	-0.0028808679364835713	0.0028850683188712616	0.0057575344030416946	-0.002880866848945811	-0.002877479305560387	0.9971157434325932	0.0012845724994928103
-0.0014392154189582093	-0.002878430837916419	0.0014392154189582095	0.0014392154189582095	0.0014392154189582088	-0.001439215418958209	-0.002878430837916418	0.0014392154189582088	0.001439215418958209	0.0014392154189582086	-0.08163994493643467	0.07734414328707488	0.001417370811443378	0.0014424563709780215	0.0014359744669383968	0.9168321132208832