0.9994295675911418	-0.0011408648177168037	0.0005704324088584017	0.0005704324088584019	0.0005704324088584018	-0.0005704324088584018	-0.0011408648177168039	0.0005704324088584018	0.000570432408858402	0.0005704324088584019	-0.0005714855371201477	-0.001139811420988464	0.0005704321403918083	0.0005704324581531556	0.0005704323595636479	-0.000250516953556541
-0.0022817296354336065	0.9954365407291331	0.0022817296354336078	0.0022817296354336086	0.0022817296354336073	-0.0022817296354336073	-0.004563459270867216	0.0022817296354336078	0.0022817296354336086	0.0022817296354336073	-0.0022859421484805915	-0.004559245683953855	0.0022817285615672343	0.0022817298326126235	0.002281729438254591	-0.0010020678142261647
0.0011408648177168028	0.0022817296354336065	0.9988591351822829	-0.0011408648177168032	-0.001140864817716803	0.001140864817716803	0.0022817296354336065	-0.0011408648177168032	-0.0011408648177168039	-0.0011408648177168032	0.0011429710742402953	0.0022796228419769272	-0.001140864280783617	-0.0011408649163063107	-0.0011408647191272954	0.0005010339071130824
0.0017112972265752038	0.0034225944531504084	-0.0017112972265752042	0.9982887027734249	-0.0017112972265752042	0.001711297226575204	0.0034225944531504075	-0.001711297226575204	-0.0017112972265752042	-0.0017112972265752044	0.001714456611360444	0.0034194342629653906	-0.001711296421175426	-0.0017112973744594661	-0.0017112970786909434	0.0007515508606696235
0.003422594453150407	0.006845188906300816	-0.0034225944531504075	-0.003422594453150408	0.9965774055468495	0.003422594453150409	0.006845188906300817	-0.003422594453150408	-0.003422594453150409	-0.003422594453150409	0.0034289132227208873	0.006838868525930783	-0.0034225928423508513	-0.0034225947489189327	-0.0034225941573818876	0.0015031017213392472
-0.0005704324088584016	-0.0011408648177168037	0.0005704324088584018	0.0005704324088584018	0.0005704324088584017	0.9994295675911419	-0.0011408648177168035	0.0005704324088584016	0.0005704324088584018	0.0005704324088584018	-0.0005714855371201476	-0.001139811420988464	0.0005704321403918084	0.0005704324581531556	0.0005704323595636478	-0.00025051695355654107
-0.0022817296354336065	-0.004563459270867215	0.0022817296354336073	0.0022817296354336073	0.002281729635433607	-0.0022817296354336065	0.995436540729133	0.002281729635433607	0.002281729635433608	0.0022817296354336073	-0.0022859421484805915	-0.004559245683953857	0.002281728561567234	0.0022817298326126218	0.002281729438254592	-0.0010020678142261647
0.0011408648177168024	0.0022817296354336056	-0.0011408648177168028	-0.0011408648177168028	-0.0011408648177168026	0.0011408648177168024	0.0022817296354336056	0.9988591351822828	-0.0011408648177168035	-0.001140864817716803	0.0011429710742402947	0.002279622841976928	-0.0011408642807836163	-0.0011408649163063105	-0.0011408647191272956	0.000501033907113082
0.0017112972265752038	0.0034225944531504084	-0.0017112972265752042	-0.0017112972265752042	-0.001711297226575204	0.0017112972265752038	0.0034225944531504084	-0.0017112972265752038	0.9982887027734247	-0.0017112972265752046	0.0017144566113604439	0.0034194342629653906	-0.0017112964211754254	-0.0017112973744594666	-0.0017112970786909438	0.0007515508606696237
0.0034225944531504075	0.006845188906300818	-0.003422594453150409	-0.003422594453150409	-0.003422594453150408	0.0034225944531504075	0.006845188906300818	-0.0034225944531504075	-0.0034225944531504097	0.9965774055468496	0.0034289132227208878	0.006838868525930781	-0.003422592842350851	-0.0034225947489189327	-0.003422594157381887	0.0015031017213392472
-0.0005700976795096246	-0.0011401953590192493	0.0005700976795096247	0.0005700976795096249	0.0005700976795096249	-0.0005700976795096247	-0.0011401953590192498	0.0005700976795096249	0.0005700976795096249	0.0005700976795096247	0.9840551607216989	0.014230040920105047	0.0005746029991767837	0.000570063627034226	0.000570131731985024	-0.016127611537424154
-0.0022219522106915854	-0.0044439044213831725	0.002221952210691586	0.0022219522106915863	0.002221952210691586	-0.0022219522106915854	-0.004443904421383172	0.002221952210691586	0.0022219522106915867	0.002221952210691586	0.03153621639861072	0.9617974694427321	0.002222409737273791	0.002221884968805425	0.0022220194525777444	-0.03221699994951166
0.0011408648141952873	0.002281729628390575	-0.0011408648141952875	-0.0011408648141952875	-0.0011408648141952875	0.0011408648141952873	0.002281729628390575	-0.0011408648141952873	-0.0011408648141952881	-0.0011408648141952875	0.0011519852220578176	0.002279289902720949	0.9988504545036118	-0.001140864930987087	-0.0011408646974034862	0.0004926924234870223
0.0017113007116528718	0.0034226014233057446	-0.001711300711652872	-0.0017113007116528725	-0.0017113007116528725	0.001711300711652872	0.003422601423305745	-0.001711300711652872	-0.0017113007116528727	-0.0017113007116528725	0.0017145502405909174	0.003419351065199977	-0.0017112998824851504	0.9982866862307329	-0.0017092876540385266	0.000749631591063888
0.003422594451343046	0.006845188902686093	-0.0034225944513430464	-0.0034225944513430464	-0.0034225944513430464	0.0034225944513430464	0.006845188902686093	-0.0034225944513430464	-0.0034225944513430477	-0.003422594451343047	0.0034290935029075375	0.006838688192787747	-0.0034225927930091908	-0.003418568943335761	0.9965733800406499	0.0014992599812650037
-0.0017093373092247593	-0.0034186746184495195	0.0017093373092247593	0.0017093373092247595	0.0017093373092247595	-0.0017093373092247589	-0.003418674618449519	0.0017093373092247593	0.00170933730922476	0.0017093373092247597	-0.09390275886374914	0.0887998021024821	0.0016842821428175352	0.0017131586496550756	0.0017055159687944428	0.9039816099933539