0.998883958402559	-0.0022320831948816583	0.001116041597440829	0.001116041597440829	0.0011160415974408285	-0.0011160415974408285	-0.002232083194881658	0.0011160415974408285	0.0011160415974408287	0.0011160415974408283	-0.0011210742381849352	-0.0022270494159372534	0.0011160404592405302	0.0011160419179724822	0.001116041276909174	-0.00044616955541319303
-0.004464166389763315	0.9910716672204735	0.0044641663897633166	0.0044641663897633166	0.004464166389763315	-0.004464166389763315	-0.008928332779526633	0.004464166389763314	0.004464166389763315	0.004464166389763314	-0.004484296952739743	-0.00890819766374901	0.004464161836962122	0.004464167671889929	0.004464165107636701	-0.0017846782216527726
0.002232083194881658	0.004464166389763316	0.9977679168051184	-0.0022320831948816574	-0.002232083194881657	0.002232083194881657	0.004464166389763315	-0.0022320831948816565	-0.002232083194881657	-0.0022320831948816565	0.0022421484763698704	0.004454098831874505	-0.002232080918481061	-0.0022320838359449636	-0.0022320825538183495	0.0008923391108263863
0.0033481247923224868	0.006696249584644975	-0.003348124792322487	0.996651875207678	-0.0033481247923224855	0.0033481247923224863	0.0066962495846449735	-0.0033481247923224863	-0.0033481247923224876	-0.0033481247923224863	0.003363222714554807	0.0066811482478117586	-0.003348121377721592	-0.003348125753917446	-0.0033481238307275247	0.0013385086662395802
0.006696249584644972	0.013392499169289945	-0.006696249584644973	-0.006696249584644973	0.9933037504153547	0.006696249584644972	0.013392499169289945	-0.006696249584644973	-0.0066962495846449735	-0.006696249584644971	0.006726445429109613	0.013362296495623508	-0.0066962427554431835	-0.006696251507834889	-0.006696247661455048	0.00267701733247916
-0.0011160415974408291	-0.0022320831948816583	0.001116041597440829	0.0011160415974408287	0.0011160415974408285	0.9988839584025592	-0.0022320831948816574	0.0011160415974408283	0.0011160415974408285	0.0011160415974408283	-0.0011210742381849356	-0.0022270494159372526	0.0011160404592405306	0.0011160419179724818	0.0011160412769091752	-0.00044616955541319325
-0.004464166389763318	-0.008928332779526637	0.004464166389763317	0.0044641663897633166	0.004464166389763315	-0.004464166389763316	0.9910716672204735	0.004464166389763315	0.004464166389763316	0.004464166389763315	-0.004484296952739743	-0.008908197663749007	0.004464161836962125	0.004464167671889927	0.004464165107636701	-0.0017846782216527734
0.0022320831948816583	0.0044641663897633166	-0.002232083194881658	-0.0022320831948816574	-0.002232083194881657	0.002232083194881657	0.004464166389763314	0.9977679168051181	-0.0022320831948816565	-0.002232083194881656	0.002242148476369871	0.004454098831874502	-0.002232080918481061	-0.0022320838359449627	-0.0022320825538183495	0.0008923391108263863
0.0033481247923224863	0.0066962495846449735	-0.0033481247923224863	-0.0033481247923224863	-0.003348124792322486	0.003348124792322486	0.006696249584644973	-0.0033481247923224863	0.9966518752076782	-0.0033481247923224855	0.0033632227145548063	0.006681148247811757	-0.0033481213777215926	-0.0033481257539174462	-0.0033481238307275247	0.00133850866623958
0.006696249584644971	0.013392499169289944	-0.006696249584644972	-0.006696249584644972	-0.00669624958464497	0.00669624958464497	0.013392499169289944	-0.006696249584644972	-0.006696249584644972	0.9933037504153548	0.006726445429109613	0.013362296495623508	-0.006696242755443184	-0.00669625150783489	-0.0066962476614550485	0.0026770173324791604
-0.001114060711605097	-0.002228121423210194	0.001114060711605097	0.0011140607116050967	0.001114060711605097	-0.001114060711605097	-0.002228121423210194	0.0011140607116050967	0.0011140607116050965	0.0011140607116050963	0.9734670048592552	0.023183167615334146	0.0011217061022007853	0.0011139439675291588	0.001114177455681034	-0.027216122816090482
-0.004252903819581578	-0.008505807639163155	0.004252903819581578	0.004252903819581577	0.004252903819581576	-0.004252903819581577	-0.008505807639163152	0.004252903819581575	0.004252903819581576	0.004252903819581577	0.05468826461809484	0.9325518818673685	0.0042540458753735026	0.004252675304108356	0.004253132335054799	-0.05386300024059931
0.002232083163776774	0.004464166327553548	-0.002232083163776774	-0.0022320831637767736	-0.002232083163776773	0.0022320831637767736	0.004464166327553548	-0.002232083163776773	-0.0022320831637767736	-0.002232083163776774	0.002257467484544	0.004453247524117815	0.9977534513188915	-0.0022320838657973107	-0.002232082461756236	0.0008787433509951059
0.0033481382767340533	0.006696276553468109	-0.003348138276734054	-0.0033481382767340546	-0.0033481382767340533	0.0033481382767340537	0.006696276553468108	-0.003348138276734054	-0.0033481382767340546	-0.0033481382767340533	0.0033635223920217335	0.006680888950825953	-0.0033481347893795786	0.9966479241261335	-0.0033442006796012198	0.0013348728484770874
0.006696249565133325	0.013392499130266654	-0.006696249565133327	-0.006696249565133326	-0.006696249565133325	0.006696249565133325	0.013392499130266652	-0.006696249565133327	-0.006696249565133327	-0.006696249565133325	0.00672701774066704	0.013361723980035893	-0.006696242590436279	-0.006688378275847027	0.9932958791455804	0.002669733981946534
-0.0033364082272833917	-0.006672816454566785	0.0033364082272833917	0.003336408227283392	0.0033364082272833917	-0.0033364082272833912	-0.006672816454566784	0.003336408227283392	0.0033364082272833925	0.0033364082272833912	-0.15574855809407484	0.14578026572484354	0.0032954759146643525	0.0033435800103202586	0.0033292364442465247	0.8380333681135801