0.9994999930365408	-0.001000013926918288	0.0005000069634591441	0.0005000069634591441	0.000500006963459144	-0.0005000069634591438	-0.0010000139269182877	0.000500006963459144	0.000500006963459144	0.0005000069634591438	-0.0005007597702964247	-0.0009992609259413408	0.0005000067693194774	0.000500006997362429	0.0005000069295558594	-0.0002226309371078073
-0.0020000278538365754	0.9959999442923264	0.0020000278538365762	0.0020000278538365762	0.002000027853836576	-0.0020000278538365754	-0.004000055707673152	0.002000027853836576	0.0020000278538365762	0.002000027853836576	-0.002003039081185698	-0.003997043703765363	0.0020000270772779103	0.0020000279894497154	0.0020000277182234383	-0.0008905237484312292
0.001000013926918288	0.0020000278538365762	0.9989999860730818	-0.0010000139269182883	-0.0010000139269182881	0.001000013926918288	0.002000027853836576	-0.0010000139269182881	-0.0010000139269182881	-0.001000013926918288	0.0010015195405928493	0.0019985218518826816	-0.001000013538638955	-0.001000013994724858	-0.0010000138591117192	0.0004452618742156145
0.0015000208903774316	0.0030000417807548637	-0.0015000208903774319	0.9984999791096225	-0.0015000208903774319	0.0015000208903774316	0.0030000417807548637	-0.0015000208903774319	-0.001500020890377432	-0.001500020890377432	0.0015022793108892733	0.002997782777824023	-0.0015000203079584323	-0.0015000209920872861	-0.001500020788667578	0.0006678928113234214
0.003000041780754864	0.006000083561509729	-0.003000041780754864	-0.003000041780754864	0.9969999582192449	0.003000041780754863	0.006000083561509728	-0.003000041780754864	-0.003000041780754864	-0.003000041780754864	0.0030045586217785475	0.005995565555648045	-0.003000040615916865	-0.0030000419841745736	-0.003000041577335157	0.0013357856226468435
-0.000500006963459144	-0.001000013926918288	0.0005000069634591441	0.000500006963459144	0.000500006963459144	0.9994999930365407	-0.001000013926918288	0.000500006963459144	0.0005000069634591441	0.000500006963459144	-0.0005007597702964247	-0.0009992609259413408	0.0005000067693194773	0.0005000069973624289	0.0005000069295558595	-0.00022263093710780723
-0.0020000278538365754	-0.004000055707673152	0.002000027853836576	0.0020000278538365754	0.0020000278538365754	-0.0020000278538365754	0.9959999442923265	0.002000027853836576	0.002000027853836576	0.002000027853836576	-0.0020030390811856986	-0.003997043703765363	0.002000027077277909	0.0020000279894497154	0.0020000277182234375	-0.0008905237484312288
0.0010000139269182881	0.0020000278538365767	-0.0010000139269182883	-0.0010000139269182881	-0.0010000139269182883	0.0010000139269182881	0.0020000278538365762	0.9989999860730817	-0.0010000139269182881	-0.0010000139269182881	0.0010015195405928493	0.0019985218518826816	-0.0010000135386389545	-0.0010000139947248575	-0.001000013859111719	0.00044526187421561447
0.001500020890377432	0.0030000417807548637	-0.0015000208903774319	-0.0015000208903774319	-0.0015000208903774319	0.0015000208903774319	0.0030000417807548637	-0.0015000208903774319	0.9984999791096224	-0.001500020890377432	0.0015022793108892736	0.0029977827778240227	-0.0015000203079584328	-0.001500020992087287	-0.0015000207886675784	0.0006678928113234216
0.0030000417807548637	0.006000083561509729	-0.003000041780754864	-0.003000041780754864	-0.003000041780754864	0.0030000417807548637	0.006000083561509727	-0.0030000417807548637	-0.003000041780754864	0.996999958219245	0.0030045586217785467	0.005995565555648046	-0.003000040615916865	-0.0030000419841745727	-0.0030000415773351564	0.001335785622646843
-0.0004997734356687942	-0.0009995468713375885	0.0004997734356687943	0.0004997734356687942	0.0004997734356687942	-0.0004997734356687942	-0.0009995468713375885	0.0004997734356687943	0.0004997734356687942	0.0004997734356687942	0.9856748619584667	0.012821788484004878	0.0005038026861910777	0.0004997468502790037	0.0004998000210585849	-0.014453119384880316
-0.001953542985832741	-0.003907085971665483	0.0019535429858327418	0.0019535429858327413	0.0019535429858327418	-0.0019535429858327418	-0.003907085971665483	0.0019535429858327413	0.0019535429858327418	0.0019535429858327418	0.02812265722709146	0.9660163418428156	0.001953914958427501	0.0019534904185900008	0.001953595553075483	-0.028916520798180228
0.0010000139247060334	0.0020000278494120673	-0.0010000139247060337	-0.0010000139247060334	-0.0010000139247060337	0.0010000139247060334	0.0020000278494120673	-0.0010000139247060337	-0.0010000139247060334	-0.0010000139247060334	0.001009580423517887	0.001998251805609552	0.9989921956202846	-0.0010000140067737218	-0.0010000138426383466	0.0004377461013595934
0.0015000235643392546	0.00300004712867851	-0.001500023564339255	-0.001500023564339255	-0.001500023564339255	0.0015000235643392549	0.00300004712867851	-0.0015000235643392549	-0.0015000235643392553	-0.001500023564339255	0.001502353248896012	0.0029977168428152205	-0.0015000229630327212	0.9984982118527096	-0.0014982589813880036	0.0006662021937272908
0.00300004177964148	0.006000083559282962	-0.0030000417796414804	-0.003000041779641481	-0.003000041779641481	0.0030000417796414804	0.006000083559282962	-0.0030000417796414804	-0.003000041779641481	-0.0030000417796414804	0.003004701144760305	0.005995422991552089	-0.0030000405770294336	-0.00299651303267232	0.9969964294733894	0.0013324019107865898
-0.001498657493468541	-0.0029973149869370838	0.0014986574934685414	0.0014986574934685417	0.0014986574934685414	-0.0014986574934685412	-0.002997314986937083	0.0014986574934685412	0.0014986574934685417	0.0014986574934685414	-0.0844020226962449	0.07992861966171678	0.0014760880475910571	0.0015020268293822554	0.0014952881575548275	0.9139454452471937