0.9986652022523972	-0.0026695954952047404	0.0013347977476023704	0.0013347977476023702	0.0013347977476023702	-0.00133479774760237	-0.002669595495204741	0.0013347977476023706	0.0013347977476023706	0.00133479774760237	-0.0013420111399989163	-0.002662380584088826	0.0013347962288830031	0.0013347982704251878	0.0013347972247795522	-0.0005160542686985461
-0.005339190990409482	0.9893216180191808	0.0053391909904094825	0.005339190990409482	0.0053391909904094825	-0.00533919099040948	-0.010678381980818965	0.0053391909904094825	0.005339190990409483	0.005339190990409481	-0.00536804455999567	-0.010649522336355308	0.0053391849155320125	0.005339193081700754	0.005339188899118209	-0.002064217074794184
0.0026695954952047404	0.0053391909904094825	0.9973304045047955	-0.0026695954952047404	-0.0026695954952047404	0.0026695954952047395	0.005339190990409481	-0.0026695954952047404	-0.0026695954952047404	-0.002669595495204739	0.0026840222799978334	0.005324761168177652	-0.0026695924577660062	-0.002669596540850376	-0.002669594449559104	0.0010321085373970922
0.0040043932428071105	0.008008786485614225	-0.004004393242807112	0.9959956067571928	-0.0040043932428071105	0.00400439324280711	0.00800878648561422	-0.0040043932428071105	-0.004004393242807111	-0.004004393242807111	0.004026033419996748	0.00798714175226648	-0.004004388686649009	-0.004004394811275564	-0.004004391674338657	0.0015481628060956371
0.008008786485614223	0.016017572971228453	-0.008008786485614225	-0.008008786485614223	0.9919912135143859	0.008008786485614223	0.016017572971228446	-0.008008786485614225	-0.008008786485614226	-0.008008786485614225	0.008052066839993498	0.015974283504532963	-0.008008777373298017	-0.00800878962255113	-0.008008783348677315	0.003096325612191276
-0.0013347977476023702	-0.0026695954952047412	0.0013347977476023704	0.00133479774760237	0.0013347977476023697	0.9986652022523974	-0.0026695954952047404	0.0013347977476023702	0.0013347977476023706	0.0013347977476023697	-0.001342011139998916	-0.0026623805840888266	0.0013347962288830036	0.0013347982704251882	0.0013347972247795522	-0.0005160542686985459
-0.00533919099040948	-0.010678381980818963	0.005339190990409481	0.005339190990409479	0.005339190990409478	-0.005339190990409479	0.9893216180191811	0.005339190990409482	0.005339190990409482	0.005339190990409479	-0.005368044559995665	-0.010649522336355303	0.0053391849155320125	0.005339193081700754	0.005339188899118209	-0.002064217074794184
0.0026695954952047404	0.0053391909904094825	-0.002669595495204741	-0.00266959549520474	-0.0026695954952047395	0.00266959549520474	0.005339190990409481	0.9973304045047953	-0.002669595495204741	-0.0026695954952047395	0.0026840222799978325	0.005324761168177654	-0.0026695924577660067	-0.002669596540850377	-0.0026695944495591043	0.0010321085373970922
0.004004393242807111	0.008008786485614226	-0.004004393242807113	-0.004004393242807111	-0.004004393242807111	0.004004393242807112	0.008008786485614225	-0.004004393242807114	0.995995606757193	-0.004004393242807112	0.00402603341999675	0.00798714175226648	-0.004004388686649009	-0.004004394811275565	-0.004004391674338658	0.0015481628060956378
0.008008786485614225	0.016017572971228456	-0.008008786485614226	-0.008008786485614225	-0.008008786485614225	0.008008786485614226	0.016017572971228453	-0.00800878648561423	-0.008008786485614226	0.9919912135143858	0.0080520668399935	0.01597428350453296	-0.008008777373298017	-0.008008789622551131	-0.008008783348677315	0.0030963256121912764
-0.0013316708897535344	-0.002663341779507069	0.0013316708897535344	0.0013316708897535342	0.0013316708897535342	-0.0013316708897535342	-0.0026633417795070688	0.0013316708897535344	0.0013316708897535344	0.001331670889753534	0.969901557841298	0.026094750854035367	0.0013403495251594296	0.001331510197006245	0.0013318315825008253	-0.03097601007010746
-0.005044855132088123	-0.01008971026417625	0.005044855132088123	0.0050448551320881226	0.005044855132088123	-0.005044855132088123	-0.010089710264176249	0.005044855132088124	0.005044855132088124	0.0050448551320881226	0.06264770099182639	0.9222163559423714	0.005046232801625708	0.005044541480761805	0.005045168783414443	-0.061142458253583803
0.002669595444198563	0.005339190888397129	-0.002669595444198564	-0.002669595444198563	-0.002669595444198563	0.002669595444198564	0.005339190888397129	-0.002669595444198564	-0.002669595444198564	-0.002669595444198563	0.0027014308058176473	0.005323719171133536	0.9973140409114459	-0.002669596573098329	-0.0026695943152988014	0.0010168039839958832
0.004004412615380727	0.008008825230761456	-0.004004412615380728	-0.004004412615380727	-0.004004412615380727	0.004004412615380727	0.008008825230761457	-0.00400441261538073	-0.004004412615380728	-0.004004412615380728	0.004026437987408083	0.007986795205943458	-0.004004407962590085	0.9959908784175813	-0.003999703648343006	0.0015438612077049731
0.008008786449872855	0.016017572899745716	-0.008008786449872858	-0.008008786449872855	-0.008008786449872856	0.008008786449872856	0.01601757289974572	-0.008008786449872862	-0.008008786449872858	-0.008008786449872858	0.00805283710246441	0.015973512941590787	-0.008008777144309483	-0.007999374872794656	0.9919818019730491	0.0030877059034482555
-0.003985866101096013	-0.007971732202192027	0.003985866101096015	0.003985866101096013	0.003985866101096013	-0.003985866101096013	-0.007971732202192027	0.003985866101096015	0.003985866101096013	0.003985866101096013	-0.17646713204857223	0.16455565896260743	0.003939740883772843	0.003994315084997338	0.003977417117194688	0.8156821069236299