0.9989526392685228	-0.0020947214629547573	0.0010473607314773787	0.0010473607314773787	0.0010473607314773785	-0.0010473607314773785	-0.002094721462954757	0.0010473607314773787	0.0010473607314773785	0.0010473607314773785	-0.001051758766221479	-0.002090322414483987	0.0010473597177507055	0.0010473610006544154	0.001047360462300343	-0.0004232963893860986
-0.004189442925909514	0.9916211141481811	0.004189442925909513	0.004189442925909515	0.004189442925909514	-0.004189442925909513	-0.008378885851819026	0.004189442925909512	0.004189442925909513	0.004189442925909513	-0.004207035064885915	-0.00836128965793595	0.004189438871002825	0.004189444002617662	0.0041894418492013745	-0.0016931855575443948
0.002094721462954757	0.004189442925909513	0.9979052785370452	-0.0020947214629547573	-0.002094721462954757	0.0020947214629547565	0.004189442925909513	-0.002094721462954757	-0.0020947214629547565	-0.0020947214629547565	0.0021035175324429587	0.004180644828967975	-0.0020947194355014124	-0.002094722001308832	-0.002094720924600686	0.0008465927787721977
0.003142082194432137	0.006284164388864273	-0.0031420821944321375	0.9968579178055681	-0.003142082194432136	0.0031420821944321375	0.006284164388864272	-0.003142082194432136	-0.003142082194432137	-0.0031420821944321367	0.003155276298664435	0.006270967243451957	-0.003142079153252118	-0.003142083001963247	-0.0031420813869010257	0.001269889168158297
0.006284164388864273	0.012568328777728545	-0.006284164388864274	-0.006284164388864273	0.9937158356111352	0.006284164388864274	0.012568328777728543	-0.0062841643888642724	-0.006284164388864275	-0.006284164388864273	0.006310552597328871	0.012541934486903909	-0.006284158306504235	-0.0062841660039264936	-0.0062841627738020505	0.002539778336316593
-0.001047360731477379	-0.0020947214629547578	0.001047360731477379	0.0010473607314773782	0.0010473607314773785	0.9989526392685228	-0.002094721462954757	0.0010473607314773785	0.0010473607314773787	0.0010473607314773787	-0.001051758766221479	-0.002090322414483987	0.001047359717750706	0.0010473610006544154	0.0010473604623003425	-0.00042329638938609865
-0.004189442925909516	-0.008378885851819031	0.004189442925909516	0.004189442925909514	0.004189442925909515	-0.0041894429259095155	0.9916211141481808	0.004189442925909513	0.004189442925909514	0.004189442925909514	-0.004207035064885913	-0.008361289657935943	0.004189438871002824	0.004189444002617662	0.00418944184920137	-0.0016931855575443946
0.002094721462954757	0.004189442925909513	-0.002094721462954757	-0.0020947214629547556	-0.002094721462954756	0.0020947214629547565	0.004189442925909512	0.997905278537045	-0.002094721462954757	-0.0020947214629547565	0.0021035175324429565	0.004180644828967971	-0.0020947194355014106	-0.00209472200130883	-0.002094720924600684	0.0008465927787721972
0.003142082194432137	0.006284164388864273	-0.0031420821944321375	-0.003142082194432137	-0.0031420821944321367	0.003142082194432137	0.006284164388864274	-0.0031420821944321367	0.9968579178055678	-0.0031420821944321375	0.0031552762986644355	0.006270967243451958	-0.003142079153252117	-0.0031420830019632463	-0.0031420813869010265	0.0012698891681582965
0.006284164388864275	0.01256832877772855	-0.006284164388864275	-0.006284164388864275	-0.006284164388864274	0.006284164388864275	0.01256832877772855	-0.006284164388864274	-0.006284164388864275	0.9937158356111354	0.006310552597328872	0.012541934486903914	-0.006284158306504234	-0.006284166003926493	-0.006284162773802053	0.0025397783363165934
-0.0010456791633860652	-0.0020913583267721304	0.0010456791633860654	0.0010456791633860645	0.0010456791633860645	-0.001045679163386065	-0.002091358326772129	0.0010456791633860648	0.0010456791633860648	0.001045679163386065	0.9746505535549732	0.0222051120014785	0.0010529761167759884	0.0010455750330853142	0.0010457832936868149	-0.02596860189411537
-0.00400172252768647	-0.008003445055372942	0.004001722527686471	0.004001722527686469	0.004001722527686469	-0.004001722527686469	-0.008003445055372939	0.004001722527686469	0.004001722527686469	0.00400172252768647	0.05205155656650273	0.9359422149030728	0.004002783475051533	0.00400151850601063	0.004001926549362307	-0.05144266927603078
0.0020947214371619775	0.004189442874323955	-0.002094721437161978	-0.002094721437161977	-0.0020947214371619775	0.0020947214371619775	0.004189442874323954	-0.002094721437161977	-0.0020947214371619767	-0.002094721437161977	0.0021181343732665863	0.004179857017521858	0.9978914514835355	-0.0020947220300295603	-0.0020947208442943944	0.0008335711979684705
0.003142094054139317	0.006284188108278633	-0.003142094054139317	-0.0031420940541393165	-0.0031420940541393165	0.003142094054139317	0.006284188108278634	-0.0031420940541393165	-0.003142094054139317	-0.0031420940541393174	0.003155545462447666	0.00627073359309847	-0.003142090947267503	0.9968542105607567	-0.0031383986690359696	0.0012664647765098637
0.006284164373173596	0.01256832874634719	-0.006284164373173596	-0.006284164373173595	-0.006284164373173595	0.006284164373173596	0.012568328746347193	-0.0062841643731735945	-0.006284164373173595	-0.006284164373173596	0.0063110671442381475	0.012541419761549114	-0.0062841581594400685	-0.006276776884843301	0.9937084481384957	0.002532919184559021
-0.003132142971650503	-0.006264285943301006	0.0031321429716505036	0.0031321429716505036	0.0031321429716505028	-0.003132142971650503	-0.006264285943301007	0.0031321429716505028	0.0031321429716505028	0.003132142971650503	-0.1488590075397481	0.13950176973711093	0.003092951859336161	0.0031389064828018635	0.003125379460499141	0.8454503835862099