0.9987194484931494	-0.002561103013700005	0.0012805515068500023	0.0012805515068500025	0.0012805515068500032	-0.0012805515068500032	-0.0025611030137000063	0.0012805515068500025	0.0012805515068500027	0.0012805515068500032	-0.0012872060920266185	-0.0025544469998006465	0.0012805500781272597	0.0012805519737877705	0.0012805510399122343	-0.0004991345351064359
-0.0051222060274000135	0.9897555879451998	0.005122206027400009	0.00512220602740001	0.005122206027400013	-0.005122206027400012	-0.010244412054800025	0.005122206027400011	0.005122206027400011	0.005122206027400012	-0.005148824368106475	-0.010217787999202593	0.00512220031250904	0.0051222078951510845	0.005122204159648939	-0.0019965381404257435
0.002561103013700006	0.005122206027400013	0.9974388969862997	-0.0025611030137000046	-0.0025611030137000054	0.0025611030137000054	0.005122206027400012	-0.0025611030137000046	-0.002561103013700005	-0.0025611030137000054	0.002574412184053236	0.005108893999601295	-0.002561100156254519	-0.0025611039475755422	-0.00256110207982447	0.0009982690702128715
0.003841654520550008	0.007683309041100015	-0.003841654520550007	0.9961583454794498	-0.003841654520550009	0.003841654520550009	0.007683309041100018	-0.0038416545205500084	-0.003841654520550009	-0.003841654520550009	0.003861618276079851	0.0076633409994019425	-0.003841650234381777	-0.0038416559213633123	-0.0038416531197367054	0.0014974036053193075
0.007683309041100019	0.015366618082200035	-0.007683309041100018	-0.007683309041100016	0.9923166909588998	0.00768330904110002	0.015366618082200039	-0.007683309041100018	-0.0076833090411000185	-0.007683309041100019	0.007723236552159706	0.015326681998803889	-0.007683300468763557	-0.007683311842726626	-0.007683306239473411	0.002994807210638615
-0.0012805515068500027	-0.002561103013700006	0.0012805515068500025	0.0012805515068500027	0.0012805515068500027	0.9987194484931504	-0.0025611030137000067	0.001280551506850003	0.001280551506850003	0.0012805515068500032	-0.0012872060920266183	-0.0025544469998006487	0.0012805500781272597	0.0012805519737877713	0.001280551039912235	-0.0004991345351064359
-0.005122206027400013	-0.010244412054800027	0.005122206027400012	0.005122206027400013	0.0051222060274000135	-0.005122206027400013	0.9897555879452006	0.00512220602740001	0.005122206027400011	0.005122206027400011	-0.005148824368106472	-0.010217787999202595	0.005122200312509038	0.005122207895151086	0.00512220415964894	-0.0019965381404257435
0.002561103013700005	0.005122206027400011	-0.0025611030137000046	-0.002561103013700005	-0.002561103013700006	0.0025611030137000054	0.005122206027400011	0.9974388969863001	-0.002561103013700004	-0.0025611030137000046	0.002574412184053235	0.0051088939996012965	-0.002561100156254519	-0.0025611039475755414	-0.002561102079824468	0.0009982690702128713
0.003841654520550009	0.007683309041100017	-0.003841654520550008	-0.003841654520550007	-0.0038416545205500092	0.0038416545205500084	0.007683309041100015	-0.003841654520550008	0.9961583454794498	-0.003841654520550009	0.003861618276079853	0.007663340999401941	-0.003841650234381776	-0.0038416559213633127	-0.0038416531197367054	0.0014974036053193075
0.007683309041100018	0.015366618082200032	-0.007683309041100016	-0.007683309041100014	-0.007683309041100018	0.007683309041100016	0.015366618082200028	-0.007683309041100016	-0.007683309041100016	0.9923166909588998	0.007723236552159704	0.015326681998803885	-0.007683300468763553	-0.007683311842726624	-0.007683306239473411	0.002994807210638614
-0.001277736719589122	-0.0025554734391782445	0.0012777367195891218	0.001277736719589122	0.0012777367195891225	-0.001277736719589122	-0.002555473439178244	0.0012777367195891218	0.0012777367195891218	0.0012777367195891222	0.9707594418909439	0.025398915128945414	0.0012861695409327487	0.001277587444111014	0.0012778859950672303	-0.03007155042199488
-0.00484960223128978	-0.009699204462579564	0.0048496022312897805	0.00484960223128978	0.004849602231289782	-0.0048496022312897805	-0.00969920446257956	0.00484960223128978	0.004849602231289779	0.004849602231289779	0.06073275961906025	0.9247171108278868	0.004850925090473316	0.004849310669702611	0.004849893792876953	-0.05939310195302362
0.0025611029679921907	0.0051222059359843815	-0.0025611029679921903	-0.0025611029679921903	-0.002561102967992191	0.0025611029679921907	0.005122205935984381	-0.0025611029679921903	-0.0025611029679921903	-0.0025611029679921907	0.0025913224010938973	0.00510789742490983	0.9974229861099804	-0.002561103979350256	-0.0025611019566341244	0.0009833727973630308
0.0038416723312940768	0.0076833446625881536	-0.0038416723312940768	-0.0038416723312940776	-0.00384167233129408	0.00384167233129408	0.00768334466258816	-0.00384167233129408	-0.003841672331294079	-0.0038416723312940802	0.0038619957705161817	0.007663016846674045	-0.0038416679546020697	0.9961538099675254	-0.003837154630113575	0.0014932660608718731
0.007683309010000901	0.015366618020001806	-0.007683309010000902	-0.007683309010000903	-0.0076833090100009065	0.0076833090100009065	0.01536661802000181	-0.007683309010000905	-0.007683309010000905	-0.0076833090100009065	0.00772395580683823	0.015325962469796893	-0.007683300256633318	-0.007674279287552472	0.9923076612675504	0.0029865168706132003
-0.0038249827650597415	-0.007649965530119484	0.003824982765059741	0.0038249827650597415	0.0038249827650597445	-0.003824982765059744	-0.007649965530119486	0.003824982765059743	0.003824982765059743	0.003824982765059745	-0.17148693983716623	0.16005687446146738	0.003780099845579299	0.0038331182307624373	0.003816847299357048	0.8210584956408186