0.9996751236003741	-0.0006497527992514428	0.0003248763996257215	0.0003248763996257214	0.00032487639962572144	-0.0003248763996257214	-0.0006497527992514428	0.00032487639962572144	0.0003248763996257214	0.0003248763996257214	-0.00032511651309787297	-0.0006495126222031355	0.0003248763360495661	0.0003248764094569228	0.00032487638979452	-0.0001500363717522091
-0.0012995055985028853	0.9974009888029942	0.0012995055985028858	0.0012995055985028853	0.0012995055985028856	-0.0012995055985028856	-0.0025990111970057707	0.0012995055985028856	0.0012995055985028853	0.0012995055985028856	-0.001300466052391492	-0.002598050488812542	0.0012995053441982641	0.0012995056378276915	0.0012995055591780798	-0.0006001454870088364
0.0006497527992514431	0.0012995055985028864	0.9993502472007488	-0.0006497527992514431	-0.0006497527992514432	0.0006497527992514431	0.0012995055985028862	-0.0006497527992514432	-0.0006497527992514431	-0.0006497527992514432	0.0006502330261957462	0.0012990252444062716	-0.000649752672099132	-0.0006497528189138454	-0.0006497527795890401	0.0003000727435044184
0.0009746291988771641	0.0019492583977543283	-0.0009746291988771642	0.999025370801123	-0.0009746291988771642	0.0009746291988771641	0.001949258397754328	-0.0009746291988771642	-0.0009746291988771641	-0.0009746291988771642	0.0009753495392936188	0.001948537866609407	-0.0009746290081486982	-0.0009746292283707689	-0.00097462916938356	0.0004501091152566272
0.001949258397754329	0.0038985167955086584	-0.0019492583977543292	-0.0019492583977543292	0.9980507416022456	0.0019492583977543292	0.0038985167955086584	-0.0019492583977543292	-0.001949258397754329	-0.001949258397754329	0.0019506990785872385	0.003897075733218816	-0.001949258016297397	-0.001949258456741538	-0.0019492583387671208	0.0009002182305132547
-0.00032487639962572144	-0.000649752799251443	0.0003248763996257215	0.00032487639962572144	0.00032487639962572155	0.9996751236003745	-0.000649752799251443	0.00032487639962572155	0.00032487639962572155	0.00032487639962572155	-0.00032511651309787297	-0.0006495126222031358	0.0003248763360495659	0.0003248764094569228	0.00032487638979452	-0.00015003637175220905
-0.0012995055985028858	-0.002599011197005772	0.001299505598502886	0.0012995055985028858	0.001299505598502886	-0.0012995055985028858	0.9974009888029942	0.001299505598502886	0.0012995055985028858	0.001299505598502886	-0.0013004660523914917	-0.0025980504888125414	0.0012995053441982644	0.0012995056378276913	0.0012995055591780802	-0.0006001454870088363
0.0006497527992514429	0.001299505598502886	-0.000649752799251443	-0.0006497527992514429	-0.000649752799251443	0.0006497527992514429	0.001299505598502886	0.9993502472007486	-0.000649752799251443	-0.0006497527992514431	0.0006502330261957459	0.0012990252444062711	-0.0006497526720991317	-0.0006497528189138457	-0.0006497527795890399	0.00030007274350441816
0.0009746291988771641	0.0019492583977543281	-0.0009746291988771641	-0.0009746291988771643	-0.0009746291988771643	0.0009746291988771643	0.0019492583977543277	-0.000974629198877164	0.9990253708011227	-0.0009746291988771643	0.0009753495392936189	0.0019485378666094068	-0.0009746290081486979	-0.0009746292283707689	-0.00097462916938356	0.00045010911525662724
0.0019492583977543283	0.0038985167955086575	-0.0019492583977543288	-0.0019492583977543285	-0.0019492583977543288	0.0019492583977543285	0.0038985167955086567	-0.0019492583977543283	-0.0019492583977543285	0.9980507416022455	0.0019506990785872385	0.0038970757332188154	-0.001949258016297396	-0.0019492584567415375	-0.0019492583387671204	0.0009002182305132546
-0.0003248058300212423	-0.0006496116600424847	0.00032480583002124233	0.0003248058300212423	0.00032480583002124233	-0.0003248058300212423	-0.0006496116600424847	0.0003248058300212423	0.0003248058300212422	0.0003248058300212423	0.9900590389206944	0.008963784926507245	0.00032756449275619123	0.0003247941259113706	0.0003248175341311136	-0.009959795215889763
-0.0012792425831516137	-0.002558485166303228	0.001279242583151614	0.0012792425831516137	0.001279242583151614	-0.0012792425831516137	-0.0025584851663032282	0.001279242583151614	0.0012792425831516137	0.001279242583151614	0.019110391225399516	0.9770516998221328	0.001279423786164113	0.0012792193581159423	0.0012792658081872844	-0.020010917742955207
0.000649752798792393	0.0012995055975847864	-0.0006497527987923933	-0.0006497527987923931	-0.0006497527987923932	0.0006497527987923931	0.0012995055975847864	-0.0006497527987923932	-0.0006497527987923931	-0.0006497527987923932	0.0006557510318621026	0.001298894423983605	0.999344860141739	-0.0006497528247923812	-0.0006497527727924052	0.0002948180949708822
0.0009746303238518596	0.0019492606477037192	-0.0009746303238518597	-0.0009746303238518597	-0.0009746303238518598	0.0009746303238518597	0.0019492606477037192	-0.0009746303238518596	-0.0009746303238518597	-0.0009746303238518597	0.0009753831320163453	0.0019485076400884156	-0.0009746301244010419	0.9990242230519594	-0.0009734836996631995	0.0004489959625743427
0.0019492583975329898	0.0038985167950659795	-0.0019492583975329898	-0.0019492583975329898	-0.0019492583975329898	0.0019492583975329893	0.003898516795065978	-0.001949258397532989	-0.0019492583975329893	-0.0019492583975329893	0.0019507640130073955	0.003897010780690161	-0.0019492579986315785	-0.0019469652722845158	0.9980484484772187	0.0008979908591964012
-0.0009742223478939944	-0.001948444695787989	0.0009742223478939946	0.0009742223478939946	0.0009742223478939946	-0.0009742223478939945	-0.0019484446957879888	0.0009742223478939944	0.0009742223478939945	0.0009742223478939945	-0.05863820218786018	0.05573130633116277	0.0009584511609093748	0.000976445277847527	0.0009719994179404619	0.9406889435723442