0.9996426283207926	-0.0007147433584147654	0.0003573716792073826	0.0003573716792073827	0.00035737167920738266	-0.00035737167920738266	-0.0007147433584147654	0.0003573716792073827	0.00035737167920738276	0.00035737167920738266	-0.000357682370753956	-0.0007144325849877148	0.00035737159732690516	0.0003573716921543658	0.00035737166626039965	-0.00016388308917696668
-0.001429486716829531	0.9971410265663414	0.0014294867168295304	0.0014294867168295308	0.0014294867168295304	-0.0014294867168295306	-0.0028589734336590617	0.0014294867168295306	0.0014294867168295306	0.0014294867168295304	-0.0014307294830158235	-0.002857730339950859	0.0014294863893076202	0.001429486768617463	0.0014294866650415986	-0.0006555323567078667
0.000714743358414765	0.0014294867168295298	0.9992852566415851	-0.0007147433584147651	-0.0007147433584147649	0.0007147433584147649	0.00142948671682953	-0.000714743358414765	-0.0007147433584147651	-0.000714743358414765	0.0007153647415079116	0.0014288651699754288	-0.0007147431946538099	-0.0007147433843087314	-0.0007147433325207992	0.0003277661783539331
0.0010721150376221487	0.0021442300752442973	-0.0010721150376221485	0.9989278849623779	-0.0010721150376221482	0.0010721150376221485	0.002144230075244296	-0.001072115037622148	-0.001072115037622148	-0.0010721150376221478	0.0010730471122618684	0.0021432977549631443	-0.0010721147919807153	-0.0010721150764630971	-0.0010721149987811991	0.0004916492675309
0.0021442300752442978	0.0042884601504885956	-0.002144230075244297	-0.002144230075244297	0.9978557699247561	0.0021442300752442973	0.004288460150488593	-0.0021442300752442965	-0.0021442300752442965	-0.002144230075244296	0.002146094224523737	0.0042865955099262885	-0.002144229583961431	-0.0021442301529261943	-0.0021442299975623982	0.0009832985350617998
-0.0003573716792073826	-0.0007147433584147651	0.00035737167920738255	0.0003573716792073826	0.00035737167920738255	0.9996426283207926	-0.0007147433584147654	0.00035737167920738266	0.00035737167920738276	0.00035737167920738266	-0.000357682370753956	-0.0007144325849877144	0.000357371597326905	0.0003573716921543657	0.00035737166626039965	-0.00016388308917696662
-0.0014294867168295304	-0.0028589734336590604	0.0014294867168295302	0.0014294867168295304	0.0014294867168295302	-0.0014294867168295304	0.9971410265663411	0.0014294867168295308	0.001429486716829531	0.0014294867168295306	-0.001430729483015824	-0.002857730339950858	0.0014294863893076206	0.0014294867686174629	0.001429486665041599	-0.0006555323567078666
0.000714743358414765	0.0014294867168295298	-0.0007147433584147649	-0.000714743358414765	-0.0007147433584147649	0.000714743358414765	0.00142948671682953	0.9992852566415853	-0.0007147433584147653	-0.0007147433584147652	0.0007153647415079121	0.0014288651699754283	-0.0007147431946538101	-0.0007147433843087314	-0.0007147433325207992	0.00032776617835393324
0.001072115037622149	0.002144230075244298	-0.0010721150376221489	-0.0010721150376221487	-0.0010721150376221487	0.0010721150376221485	0.002144230075244297	-0.0010721150376221482	0.9989278849623777	-0.0010721150376221478	0.0010730471122618681	0.0021432977549631443	-0.0010721147919807155	-0.0010721150764630974	-0.0010721149987811991	0.0004916492675309
0.0021442300752442973	0.004288460150488595	-0.0021442300752442965	-0.0021442300752442965	-0.0021442300752442965	0.002144230075244296	0.004288460150488592	-0.0021442300752442956	-0.002144230075244296	0.9978557699247559	0.0021460942245237367	0.004286595509926288	-0.002144229583961431	-0.0021442301529261943	-0.0021442299975623982	0.0009832985350617998
-0.00035727954042547136	-0.0007145590808509427	0.0003572795404254713	0.00035727954042547136	0.00035727954042547136	-0.00035727954042547136	-0.0007145590808509427	0.00035727954042547147	0.0003572795404254715	0.00035727954042547147	0.9892030315815339	0.009722125380781634	0.00036028395683386044	0.0003572654910355596	0.00035729358981538307	-0.010832421534083597
-0.0014051184477852894	-0.0028102368955705784	0.001405118447785289	0.0014051184477852892	0.0014051184477852892	-0.0014051184477852894	-0.002810236895570579	0.0014051184477852897	0.0014051184477852897	0.0014051184477852894	0.020842812883932898	0.9749416183237762	0.0014053318967201097	0.0014050905880284843	0.0014051463075420948	-0.021746204846548958
0.0007147433577610986	0.001429486715522197	-0.0007147433577610984	-0.0007147433577610985	-0.0007147433577610984	0.0007147433577610985	0.001429486715522197	-0.0007147433577610986	-0.0007147433577610987	-0.0007147433577610986	0.0007213744716780977	0.0014287109127659491	0.9992794013310778	-0.0007147433912488235	-0.000714743324273374	0.00032206715784021366
0.001072116399771679	0.002144232799543358	-0.0010721163997716786	-0.0010721163997716786	-0.001072116399771679	0.0010721163997716786	0.002144232799543357	-0.0010721163997716786	-0.0010721163997716786	-0.0010721163997716783	0.0010730871870931868	0.0021432617562072644	-0.0010721161437570936	0.9989266223073003	-0.0010708551068441291	0.0004904279373937089
0.0021442300749268156	0.004288460149853631	-0.002144230074926815	-0.002144230074926815	-0.002144230074926815	0.002144230074926815	0.00428846014985363	-0.002144230074926815	-0.0021442300749268156	-0.0021442300749268148	0.0021461716483620772	0.004286518064389514	-0.00214422956289796	-0.0021417076506612155	0.9978532475008075	0.0009808545898210314
-0.0010715821038692758	-0.0021431642077385515	0.0010715821038692756	0.0010715821038692756	0.0010715821038692756	-0.0010715821038692758	-0.002143164207738551	0.0010715821038692756	0.0010715821038692753	0.001071582103869275	-0.0636737578452925	0.060476117914277636	0.0010544757232762727	0.0010740202704674245	0.0010691439372711251	0.9354944790082436