0.9993284311815354	-0.0013431376369294134	0.0006715688184647067	0.0006715688184647067	0.0006715688184647067	-0.0006715688184647067	-0.0013431376369294134	0.0006715688184647066	0.0006715688184647066	0.0006715688184647067	-0.0006731476427440701	-0.0013415584172708872	0.0006715684230855445	0.0006715688966072544	0.0006715687403221593	-0.00028939097042087836
-0.0026862752738588272	0.9946274494522821	0.0026862752738588264	0.002686275273858827	0.002686275273858827	-0.002686275273858827	-0.005372550547717653	0.002686275273858826	0.002686275273858826	0.002686275273858827	-0.0026925905709762827	-0.00536623366908355	0.0026862736923421774	0.0026862755864290166	0.0026862749612886366	-0.0011575638816835134
0.0013431376369294127	0.002686275273858825	0.9986568623630703	-0.0013431376369294132	-0.0013431376369294132	0.0013431376369294132	0.002686275273858826	-0.001343137636929413	-0.001343137636929413	-0.0013431376369294134	0.0013462952854881407	0.002683116834541775	-0.0013431368461710887	-0.0013431377932145079	-0.0013431374806443179	0.000578781940841757
0.002014706455394119	0.004029412910788237	-0.002014706455394119	0.9979852935446059	-0.0020147064553941193	0.002014706455394119	0.004029412910788238	-0.0020147064553941193	-0.0020147064553941185	-0.0020147064553941193	0.0020194429282322118	0.004024675251812662	-0.002014705269256633	-0.002014706689821762	-0.002014706220966476	0.0008681729112626352
0.004029412910788238	0.00805882582157647	-0.004029412910788236	-0.004029412910788236	0.9959705870892117	0.004029412910788235	0.008058825821576474	-0.004029412910788237	-0.004029412910788235	-0.004029412910788237	0.004038885856464423	0.008049350503625322	-0.004029410538513265	-0.004029413379643522	-0.004029412441932952	0.0017363458225252695
-0.0006715688184647069	-0.0013431376369294136	0.0006715688184647069	0.0006715688184647069	0.0006715688184647069	0.9993284311815349	-0.0013431376369294136	0.0006715688184647068	0.0006715688184647068	0.000671568818464707	-0.0006731476427440704	-0.0013415584172708878	0.0006715684230855446	0.0006715688966072543	0.0006715687403221591	-0.00028939097042087847
-0.0026862752738588272	-0.005372550547717653	0.0026862752738588272	0.0026862752738588272	0.0026862752738588272	-0.0026862752738588272	0.9946274494522824	0.0026862752738588272	0.0026862752738588272	0.002686275273858828	-0.0026925905709762814	-0.0053662336690835505	0.0026862736923421796	0.0026862755864290174	0.0026862749612886357	-0.0011575638816835136
0.001343137636929413	0.002686275273858826	-0.0013431376369294132	-0.0013431376369294132	-0.0013431376369294132	0.0013431376369294132	0.0026862752738588264	0.9986568623630703	-0.001343137636929413	-0.0013431376369294132	0.0013462952854881402	0.002683116834541775	-0.0013431368461710893	-0.0013431377932145079	-0.0013431374806443174	0.0005787819408417567
0.00201470645539412	0.0040294129107882395	-0.0020147064553941198	-0.0020147064553941193	-0.0020147064553941193	0.0020147064553941193	0.0040294129107882395	-0.0020147064553941193	0.9979852935446056	-0.0020147064553941193	0.0020194429282322113	0.004024675251812663	-0.002014705269256633	-0.002014706689821762	-0.002014706220966476	0.000868172911262635
0.004029412910788238	0.008058825821576474	-0.004029412910788238	-0.004029412910788237	-0.004029412910788237	0.004029412910788237	0.008058825821576474	-0.004029412910788237	-0.004029412910788237	0.9959705870892118	0.004038885856464422	0.008049350503625326	-0.004029410538513266	-0.004029413379643524	-0.0040294124419329525	0.00173634582252527
-0.0006710483347395246	-0.001342096669479049	0.0006710483347395243	0.0006710483347395244	0.0006710483347395244	-0.0006710483347395244	-0.0013420966694790487	0.0006710483347395244	0.0006710483347395246	0.0006710483347395247	0.981850979448601	0.016130718095278128	0.0006762057866416229	0.0006710021731081985	0.0006710944963708502	-0.0184176863377521
-0.0026047802354485267	-0.005209560470897053	0.0026047802354485267	0.002604780235448527	0.0026047802354485267	-0.002604780235448527	-0.005209560470897053	0.0026047802354485275	0.002604780235448527	0.0026047802354485275	0.03624765601455441	0.9559374181156818	0.0026053653988667843	0.002604689249061263	0.00260487122183579	-0.03671574747299477
0.0013431376307486685	0.0026862752614973365	-0.0013431376307486682	-0.0013431376307486682	-0.0013431376307486682	0.0013431376307486682	0.0026862752614973365	-0.0013431376307486682	-0.0013431376307486682	-0.0013431376307486687	0.0013566158997519867	0.0026826894899436974	0.9986469698718015	-0.0013431378115895216	-0.0013431374499078158	0.0005693256403048925
0.002014711295424495	0.00402942259084899	-0.002014711295424495	-0.002014711295424495	-0.002014711295424495	0.002014711295424495	0.00402942259084899	-0.0020147112954244954	-0.002014711295424495	-0.002014711295424495	0.00201956792843768	0.004024564740244166	-0.0020147100778328546	0.9979829188427136	-0.002012341433562616	0.0008659284661627644
0.004029412907518017	0.008058825815036032	-0.004029412907518017	-0.004029412907518017	-0.004029412907518017	0.004029412907518017	0.008058825815036034	-0.004029412907518017	-0.004029412907518017	-0.004029412907518016	0.004039126162552161	0.008049110124821318	-0.0040294104723374415	-0.004024674143136768	0.9959658483281009	0.0017318525377694233
-0.0020116494111323056	-0.004023298822264611	0.0020116494111323056	0.002011649411132305	0.002011649411132305	-0.0020116494111323056	-0.004023298822264611	0.0020116494111323056	0.0020116494111323056	0.0020116494111323056	-0.10681565828738951	0.10080912461109817	0.0019832348540266965	0.002016111439214004	0.0020071873830506087	0.8903570073361755