0.9984137744664842	-0.003172451067032145	0.0015862255335160724	0.001586225533516072	0.0015862255335160728	-0.0015862255335160726	-0.0031724510670321443	0.0015862255335160726	0.0015862255335160724	0.0015862255335160726	-0.0015961048131198133	-0.0031625699262045463	0.0015862236722922138	0.0015862263684028612	0.0015862246986292842	-0.0005910884863607748
-0.006344902134064287	0.9873101957318715	0.006344902134064287	0.006344902134064286	0.0063449021340642895	-0.006344902134064289	-0.012689804268128572	0.006344902134064288	0.006344902134064288	0.006344902134064289	-0.006384419252479253	-0.012650279704818187	0.006344894689168853	0.006344905473611443	0.006344898794517137	-0.0023643539454430984
0.0031724510670321435	0.006344902134064288	0.9968275489329677	-0.003172451067032143	-0.0031724510670321443	0.0031724510670321443	0.006344902134064286	-0.003172451067032144	-0.0031724510670321443	-0.0031724510670321443	0.0031922096262396245	0.0063251398524090926	-0.003172447344584426	-0.003172452736805721	-0.003172449397258567	0.0011821769727215496
0.004758676600548218	0.009517353201096436	-0.004758676600548218	0.9952413233994516	-0.004758676600548218	0.004758676600548217	0.00951735320109643	-0.004758676600548216	-0.004758676600548217	-0.004758676600548217	0.004788314439359439	0.00948770977861363	-0.00475867101687664	-0.004758679105208579	-0.004758674095887852	0.0017732654590823245
0.009517353201096436	0.01903470640219287	-0.009517353201096436	-0.009517353201096434	0.990482646798904	0.009517353201096436	0.01903470640219286	-0.009517353201096434	-0.009517353201096436	-0.009517353201096436	0.009576628878718881	0.018975419557227268	-0.00951734203375328	-0.009517358210417161	-0.009517348191775701	0.0035465309181646493
-0.001586225533516072	-0.0031724510670321443	0.001586225533516072	0.001586225533516072	0.0015862255335160722	0.9984137744664845	-0.003172451067032144	0.0015862255335160722	0.0015862255335160724	0.0015862255335160724	-0.0015961048131198131	-0.0031625699262045463	0.0015862236722922138	0.001586226368402861	0.0015862246986292842	-0.0005910884863607748
-0.006344902134064286	-0.012689804268128574	0.006344902134064286	0.006344902134064286	0.006344902134064288	-0.006344902134064289	0.9873101957318708	0.006344902134064288	0.006344902134064288	0.0063449021340642895	-0.006384419252479251	-0.012650279704818183	0.006344894689168854	0.006344905473611443	0.006344898794517137	-0.002364353945443099
0.0031724510670321443	0.0063449021340642895	-0.0031724510670321443	-0.0031724510670321443	-0.003172451067032145	0.0031724510670321456	0.0063449021340642895	0.9968275489329677	-0.0031724510670321443	-0.0031724510670321448	0.0031922096262396254	0.006325139852409093	-0.0031724473445844275	-0.0031724527368057224	-0.003172449397258569	0.0011821769727215496
0.004758676600548219	0.009517353201096437	-0.004758676600548219	-0.004758676600548219	-0.004758676600548219	0.0047586766005482195	0.009517353201096437	-0.004758676600548219	0.9952413233994519	-0.004758676600548218	0.00478831443935944	0.009487709778613634	-0.004758671016876639	-0.004758679105208581	-0.0047586740958878515	0.001773265459082325
0.009517353201096436	0.01903470640219287	-0.009517353201096436	-0.009517353201096434	-0.009517353201096436	0.009517353201096437	0.01903470640219287	-0.009517353201096436	-0.009517353201096434	0.9904826467989035	0.009576628878718881	0.018975419557227275	-0.009517342033753283	-0.009517358210417163	-0.009517348191775705	0.003546530918164649
-0.001581402751641973	-0.003162805503283946	0.0015814027516419726	0.0015814027516419726	0.001581402751641973	-0.0015814027516419733	-0.003162805503283946	0.001581402751641973	0.001581402751641973	0.001581402751641973	0.9661118815005013	0.029134174937661066	0.0015911380585541708	0.0015811849181430059	0.0015816205851409402	-0.03496347431393017
-0.005940315306196598	-0.011880630612393197	0.005940315306196597	0.005940315306196597	0.005940315306196598	-0.0059403153061966	-0.011880630612393197	0.005940315306196598	0.005940315306196598	0.005940315306196599	0.07107118799933854	0.911106270688182	0.0059419107000862345	0.005939891333645248	0.005940739278747951	-0.06884612682890429
0.0031724509898455027	0.006344901979691006	-0.0031724509898455023	-0.0031724509898455023	-0.0031724509898455036	0.003172450989845504	0.006344901979691007	-0.003172450989845503	-0.003172450989845503	-0.003172450989845504	0.00321177253152788	0.006323906054943033	0.9968092233932201	-0.003172452771577685	-0.0031724492081133225	0.0011650902545992312
0.004758704096324989	0.009517408192649976	-0.004758704096324986	-0.004758704096324986	-0.004758704096324987	0.004758704096324987	0.009517408192649974	-0.004758704096324986	-0.004758704096324986	-0.004758704096324986	0.004788853269868762	0.009487253308993476	-0.004758698386212263	0.9952357005793888	-0.004753108772038472	0.0017682119237683927
0.009517353137813956	0.01903470627562791	-0.009517353137813954	-0.009517353137813952	-0.009517353137813956	0.009517353137813956	0.01903470627562791	-0.009517353137813954	-0.009517353137813954	-0.009517353137813954	0.009577651342137655	0.018974396651102378	-0.00951734171761213	-0.009506172624222485	0.9904714663485946	0.00353640089165913
-0.0047300600609980975	-0.009460120121996195	0.0047300600609980975	0.004730060060998097	0.0047300600609980975	-0.004730060060998097	-0.009460120121996193	0.004730060060998097	0.004730060060998097	0.004730060060998097	-0.19843119686268826	0.18429257688641118	0.004678499854280855	0.004739936070671816	0.00472018405132438	0.7919806613616772