0.999980150351129	-0.00003969929774298779	0.000019849648871493895	0.000019849648871493895	0.000019849648871493895	-0.000019849648871493895	-0.0000396992977429878	0.000019849648871493895	0.000019849648871493895	0.000019849648871493895	-0.000019849720983094752	-0.00003969922561150501	0.00001984964885161201	0.000019849648873997345	0.000019849648868990415	-9.871370762291224e-6
-0.00007939859548597562	0.9998412028090287	0.0000793985954859756	0.00007939859548597558	0.00007939859548597558	-0.0000793985954859756	-0.00015879719097195122	0.00007939859548597558	0.00007939859548597558	0.00007939859548597558	-0.00007939888393237898	-0.00015879690244602004	0.00007939859540644801	0.0000793985954959894	0.00007939859547596167	-0.000039485483049164896
0.00003969929774298778	0.00007939859548597555	0.9999603007022574	-0.0000396992977429878	-0.000039699297742987784	0.000039699297742987784	0.00007939859548597557	-0.00003969929774298778	-0.00003969929774298778	-0.00003969929774298777	0.00003969944196618949	0.00007939845122301002	-0.00003969929770322401	-0.0000396992977479947	-0.000039699297737980816	0.000019742741524582455
0.00005954894661448164	0.00011909789322896328	-0.000059548946614481645	0.9999404510533858	-0.000059548946614481645	0.00005954894661448164	0.00011909789322896329	-0.00005954894661448163	-0.00005954894661448164	-0.000059548946614481645	0.000059549162949284256	0.00011909767683451503	-0.00005954894655483604	-0.00005954894662199201	-0.000059548946606971254	0.000029614112286873672
0.00011909789322896332	0.00023819578645792663	-0.00011909789322896333	-0.00011909789322896332	0.999880902106771	0.0001190978932289633	0.00023819578645792663	-0.00011909789322896328	-0.00011909789322896329	-0.0001190978932289633	0.0001190983258985685	0.00023819535366903012	-0.0001190978931096721	-0.00011909789324398404	-0.00011909789321394252	0.00005922822457374737
-0.000019849648871493892	-0.000039699297742987784	0.000019849648871493892	0.000019849648871493892	0.000019849648871493892	0.9999801503511286	-0.00003969929774298779	0.000019849648871493892	0.00001984964887149389	0.000019849648871493892	-0.000019849720983094752	-0.00003969922561150501	0.000019849648851612006	0.00001984964887399735	0.000019849648868990418	-9.871370762291227e-6
-0.00007939859548597555	-0.0001587971909719511	0.00007939859548597555	0.00007939859548597555	0.00007939859548597555	-0.00007939859548597557	0.9998412028090286	0.00007939859548597557	0.00007939859548597557	0.00007939859548597555	-0.00007939888393237901	-0.00015879690244602004	0.00007939859540644804	0.00007939859549598938	0.00007939859547596167	-0.000039485483049164896
0.00003969929774298777	0.00007939859548597554	-0.00003969929774298777	-0.00003969929774298777	-0.00003969929774298777	0.00003969929774298778	0.00007939859548597558	0.9999603007022568	-0.00003969929774298777	-0.00003969929774298777	0.000039699441966189504	0.00007939845122301001	-0.00003969929770322402	-0.00003969929774799469	-0.00003969929773798082	0.000019742741524582445
0.00005954894661448164	0.00011909789322896328	-0.000059548946614481645	-0.00005954894661448164	-0.000059548946614481645	0.000059548946614481645	0.00011909789322896329	-0.00005954894661448163	0.9999404510533857	-0.00005954894661448164	0.000059549162949284256	0.00011909767683451503	-0.00005954894655483605	-0.00005954894662199203	-0.000059548946606971254	0.000029614112286873675
0.00011909789322896329	0.00023819578645792658	-0.0001190978932289633	-0.00011909789322896329	-0.0001190978932289633	0.0001190978932289633	0.0002381957864579266	-0.00011909789322896328	-0.00011909789322896329	0.999880902106771	0.00011909832589856854	0.0002381953536690301	-0.00011909789310967208	-0.00011909789324398407	-0.00011909789321394254	0.000059228224573747364
-0.000019849619575070172	-0.000039699239150140345	0.000019849619575070172	0.000019849619575070172	0.00001984961957507017	-0.00001984961957507017	-0.00003969923915014034	0.000019849619575070166	0.00001984961957507017	0.00001984961957507017	0.9993063725794936	0.0006338919437669859	0.000020036237588983975	0.000019849572168653032	0.00001984966698148729	-0.000684559378561216
-0.00007931794855985416	-0.00015863589711970832	0.00007931794855985416	0.00007931794855985416	0.00007931794855985416	-0.00007931794855985416	-0.00015863589711970832	0.00007931794855985416	0.00007931794855985414	0.00007931794855985414	0.0012733305554223082	0.9984887147196281	0.00007931882782963456	0.0000793178538208816	0.00007931804329882671	-0.0013875387784739587
0.00003969929774298065	0.0000793985954859613	-0.00003969929774298065	-0.00003969929774298065	-0.000039699297742980655	0.000039699297742980655	0.00007939859548596132	-0.000039699297742980655	-0.00003969929774298065	-0.00003969929774298065	0.00004007267781808193	0.00007939782272237216	0.9999599280949454	-0.000039699297774144	-0.0000396992977118173	0.00001937076319721128
0.00005954895078877384	0.00011909790157754767	-0.00005954895078877383	-0.000059548950788773816	-0.00005954895078877384	0.00005954895078877383	0.00011909790157754766	-0.000059548950788773816	-0.00005954895078877383	-0.00005954895078877384	0.00005954930850256205	0.00011909754376511112	-0.00005954895069012549	0.9999403809794889	-0.00005947888106615247	0.000029544186235681655
0.00011909789322895963	0.00023819578645791926	-0.00011909789322895964	-0.00011909789322895963	-0.00011909789322895966	0.00011909789322895964	0.0002381957864579193	-0.00011909789322895962	-0.00011909789322895963	-0.00011909789322895964	0.00011909860865650771	0.00023819507083307453	-0.00011909789303166297	-0.00011895775383337102	0.999880761967375	0.000059088368321850356
-0.000059548837626236126	-0.00011909767525247225	0.000059548837626236126	0.00005954883762623612	0.000059548837626236126	-0.000059548837626236126	-0.00011909767525247225	0.00005954883762623611	0.00005954883762623612	0.000059548837626236126	-0.0040999802529654164	0.003922449677221252	0.000058432900491692984	0.000059688692590796985	0.000059408982661675275	0.99592211719672