0.9989110703271059	-0.0021778593457886805	0.0010889296728943405	0.0010889296728943403	0.00108892967289434	-0.0010889296728943403	-0.00217785934578868	0.00108892967289434	0.0010889296728943398	0.0010889296728943398	-0.0010937083361204525	-0.0021730795934890913	0.0010889285838208635	0.0010889299724903046	0.0010889293732983764	-0.00043719522340395644
-0.0043557186915773585	0.9912885626168454	0.00435571869157736	0.00435571869157736	0.0043557186915773585	-0.004355718691577359	-0.008711437383154719	0.0043557186915773585	0.004355718691577358	0.004355718691577358	-0.004374833344481808	-0.008692318373956362	0.004355714335283451	0.004355719889961217	0.004355717493193503	-0.0017487808936158262
0.002177859345788681	0.004355718691577362	0.9978221406542117	-0.00217785934578868	-0.00217785934578868	0.00217785934578868	0.004355718691577359	-0.00217785934578868	-0.0021778593457886797	-0.00217785934578868	0.002187416672240904	0.004346159186978183	-0.002177857167641727	-0.002177859944980609	-0.002177858746596752	0.000874390446807913
0.0032667890186830234	0.006533578037366045	-0.003266789018683023	0.9967332109813172	-0.0032667890186830217	0.0032667890186830217	0.006533578037366045	-0.0032667890186830226	-0.0032667890186830213	-0.0032667890186830213	0.0032811250083613565	0.006519238780467273	-0.0032667857514625883	-0.003266789917470913	-0.0032667881198951273	0.0013115856702118696
0.006533578037366046	0.01306715607473209	-0.006533578037366045	-0.006533578037366044	0.9934664219626334	0.006533578037366044	0.013067156074732092	-0.006533578037366046	-0.006533578037366043	-0.006533578037366043	0.006562250016722715	0.013038477560934549	-0.0065335715029251765	-0.006533579834941829	-0.006533576239790256	0.0026231713404237396
-0.00108892967289434	-0.00217785934578868	0.0010889296728943398	0.0010889296728943396	0.0010889296728943396	0.9989110703271056	-0.0021778593457886797	0.00108892967289434	0.0010889296728943398	0.0010889296728943398	-0.0010937083361204523	-0.0021730795934890917	0.0010889285838208635	0.0010889299724903048	0.0010889293732983764	-0.0004371952234039564
-0.004355718691577361	-0.008711437383154722	0.00435571869157736	0.004355718691577359	0.004355718691577359	-0.004355718691577359	0.9912885626168453	0.0043557186915773585	0.004355718691577358	0.004355718691577358	-0.0043748333444818075	-0.008692318373956362	0.004355714335283451	0.0043557198899612185	0.004355717493193504	-0.0017487808936158256
0.002177859345788682	0.004355718691577363	-0.0021778593457886814	-0.0021778593457886805	-0.0021778593457886805	0.0021778593457886805	0.00435571869157736	0.9978221406542113	-0.00217785934578868	-0.00217785934578868	0.002187416672240905	0.004346159186978183	-0.0021778571676417265	-0.00217785994498061	-0.0021778587465967536	0.0008743904468079133
0.003266789018683023	0.006533578037366045	-0.0032667890186830226	-0.003266789018683022	-0.0032667890186830226	0.0032667890186830226	0.006533578037366045	-0.003266789018683023	0.9967332109813166	-0.0032667890186830213	0.0032811250083613574	0.006519238780467273	-0.0032667857514625887	-0.003266789917470913	-0.003266788119895128	0.0013115856702118698
0.006533578037366044	0.013067156074732087	-0.006533578037366043	-0.0065335780373660425	-0.006533578037366043	0.006533578037366043	0.013067156074732087	-0.006533578037366044	-0.0065335780373660425	0.9934664219626332	0.006562250016722715	0.013038477560934545	-0.0065335715029251765	-0.006533579834941828	-0.006533576239790257	0.0026231713404237396
-0.0010870703184054065	-0.0021741406368108135	0.0010870703184054065	0.0010870703184054065	0.001087070318405407	-0.0010870703184054067	-0.002174140636810813	0.0010870703184054067	0.0010870703184054067	0.001087070318405407	0.9739301631027739	0.022801116660668256	0.001094579599746968	0.0010869586235466228	0.0010871820132641902	-0.026727831025821817
-0.004153896745688308	-0.008307793491376614	0.004153896745688306	0.004153896745688305	0.004153896745688306	-0.004153896745688307	-0.00830779349137661	0.004153896745688306	0.004153896745688306	0.004153896745688307	0.053655762516600924	0.9338814368581156	0.004155007133906578	0.004153678031379841	0.004154115459996774	-0.05291600518619544
0.002177859316840868	0.004355718633681735	-0.0021778593168408676	-0.0021778593168408676	-0.002177859316840868	0.002177859316840868	0.004355718633681735	-0.002177859316840868	-0.002177859316840868	-0.0021778593168408685	0.0022024612742798343	0.004345332771186926	0.9978079245882151	-0.002177859974413291	-0.002177858659268447	0.0008610189700680477
0.003266801849016655	0.006533603698033309	-0.003266801849016655	-0.003266801849016655	-0.0032668018490166545	0.0032668018490166545	0.00653360369803331	-0.0032668018490166558	-0.003266801849016655	-0.003266801849016655	0.003281412497965797	0.006518989711924057	-0.0032667985118565433	0.996729356165846	-0.0032629598638791247	0.0013080331707276663
0.0065335780194299056	0.01306715603885981	-0.0065335780194299056	-0.006533578019429905	-0.006533578019429905	0.006533578019429905	0.01306715603885981	-0.006533578019429906	-0.0065335780194299056	-0.006533578019429904	0.006562799266149357	0.01303792811783131	-0.006533571345120861	-0.006525897700153883	0.9934587416612942	0.002616055167213603
-0.003255794201635955	-0.00651158840327191	0.0032557942016359564	0.003255794201635956	0.003255794201635956	-0.0032557942016359556	-0.006511588403271913	0.003255794201635956	0.003255794201635955	0.0032557942016359547	-0.1530531892450701	0.14332605860304815	0.003215542238750004	0.003262805247353536	0.003248783155918377	0.8409363964561117