0.9976475316721265	-0.004704936655748382	0.0023524683278741904	0.0023524683278741913	0.002352468327874191	-0.0023524683278741904	-0.004704936655748381	0.0023524683278741913	0.0023524683278741913	0.0023524683278741913	-0.0023696317375475613	-0.004687771925457147	0.0023524670072563297	0.002352470734153566	0.002352465921594816	-0.0007868141778094486
-0.009409873311496769	0.9811802533770067	0.00940987331149676	0.009409873311496763	0.009409873311496763	-0.009409873311496762	-0.018819746622993523	0.009409873311496765	0.009409873311496763	0.009409873311496767	-0.009478526950190247	-0.018751087701828584	0.009409868029025319	0.009409882936614263	0.00940986368637926	-0.0031472567112377924
0.004704936655748382	0.009409873311496763	0.9952950633442512	-0.004704936655748382	-0.004704936655748382	0.004704936655748381	0.00940987331149676	-0.004704936655748381	-0.004704936655748381	-0.004704936655748382	0.004739263475095123	0.009375543850914294	-0.004704934014512657	-0.00470494146830713	-0.004704931843189633	0.0015736283556188966
0.007057404983622572	0.014114809967245144	-0.007057404983622571	0.9929425950163778	-0.007057404983622574	0.007057404983622571	0.014114809967245139	-0.007057404983622572	-0.007057404983622573	-0.007057404983622574	0.007108895212642689	0.014063315776371441	-0.007057401021768989	-0.0070574122024606965	-0.007057397764784446	0.002360442533428346
0.014114809967245139	0.028229619934490278	-0.014114809967245139	-0.01411480996724514	0.9858851900327548	0.014114809967245139	0.028229619934490267	-0.01411480996724514	-0.01411480996724514	-0.014114809967245146	0.01421779042528537	0.028126631552742882	-0.01411480204353797	-0.014114824404921391	-0.014114795529568886	0.004720885066856691
-0.0023524683278741904	-0.004704936655748381	0.00235246832787419	0.0023524683278741904	0.0023524683278741904	0.9976475316721257	-0.00470493665574838	0.002352468327874191	0.00235246832787419	0.0023524683278741904	-0.002369631737547562	-0.004687771925457147	0.0023524670072563292	0.002352470734153565	0.0023524659215948154	-0.0007868141778094484
-0.009409873311496763	-0.018819746622993527	0.009409873311496762	0.009409873311496763	0.009409873311496763	-0.009409873311496762	0.9811802533770057	0.009409873311496762	0.00940987331149676	0.009409873311496762	-0.009478526950190245	-0.018751087701828588	0.009409868029025313	0.00940988293661426	0.00940986368637926	-0.0031472567112377937
0.0047049366557483825	0.009409873311496765	-0.0047049366557483825	-0.0047049366557483825	-0.0047049366557483825	0.004704936655748382	0.009409873311496758	0.9952950633442519	-0.004704936655748381	-0.004704936655748381	0.004739263475095124	0.009375543850914296	-0.004704934014512657	-0.00470494146830713	-0.00470493184318963	0.0015736283556188973
0.007057404983622573	0.014114809967245144	-0.007057404983622572	-0.007057404983622574	-0.007057404983622573	0.007057404983622572	0.01411480996724514	-0.007057404983622574	0.9929425950163777	-0.007057404983622574	0.007108895212642689	0.014063315776371443	-0.007057401021768987	-0.007057412202460699	-0.007057397764784446	0.0023604425334283457
0.014114809967245142	0.028229619934490285	-0.014114809967245142	-0.014114809967245144	-0.014114809967245144	0.014114809967245142	0.028229619934490274	-0.014114809967245144	-0.014114809967245146	0.985885190032755	0.014217790425285377	0.028126631552742885	-0.014114802043537976	-0.014114824404921395	-0.01411479552956889	0.004720885066856691
-0.00233971118249962	-0.00467942236499924	0.00233971118249962	0.00233971118249962	0.00233971118249962	-0.0023397111824996195	-0.004679422364999237	0.00233971118249962	0.002339711182499619	0.0023397111824996187	0.9558331680629687	0.03713545847395619	0.002351951098076069	0.002339280679957382	0.0023401416850418544	-0.04562735032882034
-0.008575554912169148	-0.017151109824338297	0.008575554912169148	0.008575554912169148	0.008575554912169148	-0.008575554912169147	-0.017151109824338283	0.00857555491216915	0.00857555491216915	0.00857555491216915	0.09318189300497576	0.8810896124095865	0.008577384761099125	0.008574722495544956	0.008576387328793338	-0.08943739894536887
0.0047049365385540345	0.009409873077108067	-0.0047049365385540345	-0.0047049365385540345	-0.0047049365385540345	0.0047049365385540345	0.009409873077108066	-0.004704936538554036	-0.004704936538554035	-0.0047049365385540345	0.004764103935875716	0.009373933286047503	0.9952718358551842	-0.004704941568147432	-0.004704931508960636	0.0015518609007930547
0.0070574664031996595	0.014114932806399319	-0.0070574664031996595	-0.00705746640319966	-0.00705746640319966	0.0070574664031996595	0.014114932806399314	-0.00705746640319966	-0.007057466403199661	-0.007057466403199662	0.007109928905978771	0.014062466110509141	-0.007057462210088592	0.9929342390819346	-0.007049171888334012	0.0023531759725366557
0.014114809741983191	0.028229619483966382	-0.01411480974198319	-0.014114809741983194	-0.014114809741983193	0.014114809741983193	0.02822961948396637	-0.014114809741983194	-0.014114809741983196	-0.014114809741983196	0.014219734447665075	0.028124686392055415	-0.01411480135575409	-0.014098249837345521	0.9858686303533793	0.004706303612020507
-0.006981515465640756	-0.013963030931281512	0.006981515465640755	0.006981515465640758	0.006981515465640758	-0.006981515465640758	-0.01396303093128151	0.006981515465640758	0.00698151546564076	0.00698151546564076	-0.2577533515434386	0.236874744204079	0.0069155764080780415	0.006995499557439228	0.006967531373842285	0.7285797280835467