0.9978161660206131	-0.004367667958774659	0.00218383397938733	0.00218383397938733	0.002183833979387331	-0.002183833979387331	-0.004367667958774662	0.0021838339793873295	0.002183833979387331	0.002183833979387331	-0.002199642179130235	-0.004351858034810465	0.002183832255166042	0.0021838359514438376	0.002183832007330825	-0.000747948103597225
-0.008735335917549318	0.9825293281649011	0.00873533591754932	0.008735335917549318	0.008735335917549322	-0.008735335917549322	-0.017470671835098643	0.00873533591754932	0.008735335917549322	0.008735335917549322	-0.008798568716520945	-0.017407432139241872	0.008735329020664174	0.008735343805775352	0.008735328029323303	-0.002991792414388902
0.004367667958774659	0.008735335917549316	0.9956323320412253	-0.0043676679587746564	-0.00436766795877466	0.004367667958774659	0.008735335917549318	-0.004367667958774657	-0.004367667958774659	-0.00436766795877466	0.00439928435826047	0.008703716069620936	-0.004367664510332088	-0.004367671902887675	-0.004367664014661648	0.0014958962071944504
0.006551501938161993	0.013103003876323986	-0.006551501938161991	0.9934484980618377	-0.0065515019381619955	0.006551501938161993	0.013103003876323988	-0.00655150193816199	-0.006551501938161992	-0.006551501938161995	0.006598926537390709	0.01305557410443141	-0.00655149676549813	-0.0065515078543315125	-0.0065514960219924725	0.0022438443107916763
0.013103003876323984	0.026206007752647968	-0.01310300387632398	-0.01310300387632398	0.9868969961236765	0.013103003876323984	0.02620600775264797	-0.013103003876323979	-0.013103003876323984	-0.013103003876323988	0.013197853074781416	0.026111148208862817	-0.013102993530996261	-0.013103015708663025	-0.013102992043984945	0.004487688621583353
-0.002183833979387331	-0.00436766795877466	0.00218383397938733	0.00218383397938733	0.002183833979387331	0.997816166020613	-0.00436766795877466	0.002183833979387329	0.002183833979387331	0.002183833979387331	-0.0021996421791302357	-0.004351858034810469	0.002183832255166043	0.0021838359514438368	0.0021838320073308244	-0.0007479481035972252
-0.008735335917549322	-0.01747067183509864	0.008735335917549318	0.008735335917549318	0.008735335917549322	-0.008735335917549322	0.9825293281649018	0.008735335917549318	0.008735335917549323	0.008735335917549325	-0.008798568716520943	-0.017407432139241872	0.00873532902066417	0.008735343805775349	0.008735328029323298	-0.002991792414388901
0.004367667958774661	0.008735335917549318	-0.004367667958774659	-0.004367667958774658	-0.004367667958774661	0.004367667958774661	0.008735335917549322	0.995632332041225	-0.004367667958774661	-0.004367667958774661	0.0043992843582604715	0.008703716069620938	-0.004367664510332086	-0.004367671902887673	-0.004367664014661648	0.0014958962071944506
0.0065515019381619955	0.01310300387632399	-0.006551501938161993	-0.006551501938161993	-0.006551501938161996	0.006551501938161995	0.01310300387632399	-0.006551501938161991	0.9934484980618383	-0.0065515019381619955	0.006598926537390709	0.01305557410443141	-0.006551496765498131	-0.006551507854331514	-0.006551496021992474	0.0022438443107916763
0.013103003876323988	0.026206007752647975	-0.013103003876323984	-0.013103003876323984	-0.01310300387632399	0.013103003876323986	0.02620600775264797	-0.01310300387632398	-0.013103003876323986	0.9868969961236767	0.013197853074781418	0.026111148208862817	-0.01310299353099626	-0.013103015708663025	-0.013102992043984941	0.004487688621583353
-0.0021732080997931575	-0.004346416199586315	0.0021732080997931575	0.0021732080997931575	0.002173208099793158	-0.0021732080997931575	-0.004346416199586315	0.0021732080997931575	0.0021732080997931575	0.002173208099793158	0.9579783379555193	0.03549026707865244	0.0021849787662423046	0.0021728290219703954	0.002173587177615919	-0.04342592345830062
-0.008007545838596062	-0.016015091677192124	0.008007545838596059	0.00800754583859606	0.008007545838596062	-0.008007545838596062	-0.016015091677192124	0.008007545838596062	0.008007545838596062	0.008007545838596062	0.08868434908230141	0.8872911767402099	0.008009382500296392	0.00800681196753742	0.008008279709654703	-0.08518417462108857
0.004367667838163156	0.00873533567632631	-0.004367667838163155	-0.004367667838163156	-0.004367667838163158	0.004367667838163157	0.008735335676326313	-0.004367667838163155	-0.004367667838163157	-0.004367667838163157	0.004423104563349973	0.008702162133598172	0.9956100689793776	-0.004367671974087753	-0.004367663702238557	0.0014750904406658025
0.0065515546866530385	0.013103109373306075	-0.006551554686653037	-0.006551554686653037	-0.006551554686653039	0.0065515546866530385	0.013103109373306075	-0.006551554686653036	-0.006551554686653038	-0.006551554686653038	0.006599840336262644	0.013054818344606993	-0.006551549307563559	0.9934407445029212	-0.006543853876227296	0.002237055065793196
0.013103003698683032	0.02620600739736606	-0.013103003698683027	-0.013103003698683027	-0.013103003698683032	0.01310300369868303	0.026206007397366057	-0.013103003698683023	-0.013103003698683027	-0.013103003698683028	0.013199574725761004	0.02610942561211951	-0.013102992940514459	-0.013087625958821115	0.9868816185614557	0.004474068086763506
-0.006488317641573618	-0.012976635283147237	0.006488317641573616	0.0064883176415736175	0.006488317641573621	-0.006488317641573618	-0.012976635283147237	0.006488317641573614	0.0064883176415736175	0.006488317641573618	-0.2453981558812679	0.2259961748409289	0.006425345757191868	0.006501426816269885	0.006475208466877348	0.7416726886974224