0.9998682610773882	-0.0002634778452224779	0.00013173892261123896	0.00013173892261123899	0.00013173892261123896	-0.00013173892261123899	-0.0002634778452224779	0.0001317389226112389	0.00013173892261123899	0.00013173892261123896	-0.00013175793704213676	-0.00026345882562355975	0.00013173891744321851	0.00013173892331257354	0.0001317389219099043	-0.00006364356253203842
-0.0005269556904449557	0.9989460886191097	0.0005269556904449557	0.0005269556904449558	0.0005269556904449557	-0.0005269556904449558	-0.0010539113808899114	0.0005269556904449556	0.0005269556904449558	0.0005269556904449557	-0.0005270317481685474	-0.0010538353024942388	0.0005269556697728741	0.0005269556932502944	0.0005269556876396171	-0.00025457425012815363
0.0002634778452224779	0.0005269556904449558	0.9997365221547774	-0.00026347784522247797	-0.00026347784522247786	0.0002634778452224779	0.0005269556904449558	-0.00026347784522247786	-0.00026347784522247797	-0.0002634778452224779	0.00026351587408427363	0.0005269176512471195	-0.00026347783488643703	-0.00026347784662514713	-0.00026347784381980854	0.00012728712506407684
0.0003952167678337168	0.0007904335356674336	-0.0003952167678337168	0.9996047832321661	-0.00039521676783371685	0.00039521676783371685	0.0007904335356674338	-0.0003952167678337168	-0.0003952167678337169	-0.0003952167678337169	0.00039527381112641047	0.0007903764768706791	-0.0003952167523296556	-0.0003952167699377207	-0.0003952167657297128	0.00019093068759611523
0.0007904335356674337	0.0015808670713348674	-0.0007904335356674337	-0.0007904335356674338	0.9992095664643327	0.0007904335356674336	0.0015808670713348676	-0.0007904335356674336	-0.0007904335356674338	-0.0007904335356674339	0.0007905476222528207	0.0015807529537413577	-0.0007904335046593112	-0.0007904335398754413	-0.0007904335314594258	0.00038186137519223047
-0.000131738922611239	-0.000263477845222478	0.000131738922611239	0.000131738922611239	0.000131738922611239	0.9998682610773888	-0.00026347784522247797	0.00013173892261123893	0.000131738922611239	0.000131738922611239	-0.0001317579370421368	-0.0002634588256235597	0.00013173891744321857	0.00013173892331257362	0.00013173892190990432	-0.00006364356253203841
-0.0005269556904449558	-0.0010539113808899117	0.0005269556904449558	0.0005269556904449558	0.0005269556904449558	-0.0005269556904449557	0.9989460886191102	0.0005269556904449555	0.0005269556904449558	0.0005269556904449557	-0.0005270317481685472	-0.0010538353024942388	0.0005269556697728741	0.0005269556932502944	0.0005269556876396171	-0.00025457425012815363
0.00026347784522247786	0.0005269556904449557	-0.00026347784522247786	-0.00026347784522247786	-0.00026347784522247786	0.0002634778452224778	0.0005269556904449557	0.9997365221547774	-0.0002634778452224779	-0.00026347784522247786	0.0002635158740842735	0.0005269176512471192	-0.000263477834886437	-0.0002634778466251472	-0.00026347784381980854	0.00012728712506407681
0.0003952167678337169	0.0007904335356674338	-0.0003952167678337169	-0.00039521676783371696	-0.0003952167678337169	0.00039521676783371685	0.0007904335356674337	-0.0003952167678337168	0.9996047832321664	-0.00039521676783371696	0.00039527381112641036	0.000790376476870679	-0.00039521675232965565	-0.0003952167699377207	-0.00039521676572971286	0.00019093068759611523
0.0007904335356674338	0.0015808670713348676	-0.0007904335356674338	-0.0007904335356674339	-0.0007904335356674338	0.0007904335356674337	0.0015808670713348674	-0.0007904335356674336	-0.0007904335356674337	0.999209566464333	0.0007905476222528206	0.0015807529537413577	-0.0007904335046593113	-0.0007904335398754413	-0.0007904335314594257	0.0003818613751922304
-0.0001317334520236829	-0.00026346690404736585	0.00013173345202368292	0.00013173345202368292	0.00013173345202368292	-0.00013173345202368292	-0.0002634669040473659	0.00013173345202368292	0.00013173345202368295	0.00013173345202368295	0.995628462825591	0.003975145921182149	0.0001329243491797359	0.00013173142830010282	0.0001317354757472631	-0.004340195766897543
-0.0005234905826220623	-0.0010469811652441248	0.0005234905826220623	0.0005234905826220624	0.0005234905826220624	-0.0005234905826220623	-0.0010469811652441248	0.0005234905826220623	0.0005234905826220623	0.0005234905826220623	0.008174435486799206	0.9902550576714638	0.0005235256764927714	0.0005234865493727855	0.0005234946158713394	-0.008766876965297758
0.0002634778452079647	0.0005269556904159296	-0.00026347784520796473	-0.0002634778452079648	-0.00026347784520796473	0.00026347784520796473	0.0005269556904159295	-0.0002634778452079647	-0.0002634778452079647	-0.0002634778452079647	0.0002658977126509765	0.0005268924699669288	0.9997341655077981	-0.00026347784771910615	-0.00026347784269682326	0.00012495579255089308
0.00039521695211236735	0.0007904339042247348	-0.0003952169521123674	-0.00039521695211236745	-0.00039521695211236745	0.0003952169521123674	0.0007904339042247349	-0.0003952169521123674	-0.0003952169521123675	-0.0003952169521123675	0.0003952798601820091	0.0007903709790496369	-0.0003952169350069109	0.9996043180377678	-0.00039475194199263016	0.00019047167117216296
0.0007904335356606593	0.0015808670713213185	-0.0007904335356606594	-0.0007904335356606595	-0.0007904335356606595	0.0007904335356606596	0.0015808670713213192	-0.0007904335356606596	-0.0007904335356606597	-0.0007904335356606598	0.0007905593517700596	0.0015807412210010134	-0.000790433501449754	-0.000789503524694695	0.9992086364533737	0.00038094316261955374
-0.0003951867995112713	-0.0007903735990225426	0.0003951867995112714	0.00039518679951127143	0.0003951867995112714	-0.00039518679951127143	-0.0007903735990225429	0.00039518679951127143	0.00039518679951127143	0.0003951867995112716	-0.025819830585402423	0.024641264778663487	0.0003881922077163961	0.0003961046702300953	0.00039426892879244776	0.9741488060947235