0.9992579877517993	-0.0014840244964009846	0.0007420122482004922	0.0007420122482004923	0.0007420122482004922	-0.0007420122482004922	-0.0014840244964009846	0.0007420122482004923	0.0007420122482004922	0.0007420122482004922	-0.0007440207806276705	-0.0014820154676529894	0.000742011751879675	0.0007420123515818616	0.000742012144819123	-0.00031570479529417864
-0.002968048992801969	0.9940639020143959	0.002968048992801969	0.0029680489928019696	0.0029680489928019687	-0.002968048992801969	-0.005936097985603939	0.0029680489928019696	0.002968048992801969	0.0029680489928019696	-0.0029760831225106817	-0.005928061870611957	0.0029680470075186998	0.0029680494063274473	0.002968048579276492	-0.0012628191811767157
0.001484024496400985	0.0029680489928019704	0.9985159755035989	-0.0014840244964009852	-0.001484024496400985	0.001484024496400985	0.0029680489928019713	-0.0014840244964009854	-0.0014840244964009854	-0.0014840244964009857	0.001488041561255341	0.0029640309353059792	-0.00148402350375935	-0.0014840247031637232	-0.0014840242896382461	0.0006314095905883578
0.0022260367446014766	0.004452073489202955	-0.0022260367446014766	0.9977739632553986	-0.0022260367446014766	0.002226036744601477	0.004452073489202954	-0.002226036744601477	-0.0022260367446014766	-0.002226036744601477	0.0022320623418830114	0.004446046402958969	-0.0022260352556390268	-0.0022260370547455837	-0.002226036434457369	0.0009471143858825364
0.00445207348920295	0.008904146978405903	-0.00445207348920295	-0.004452073489202951	0.995547926510797	0.004452073489202951	0.008904146978405903	-0.004452073489202952	-0.0044520734892029516	-0.0044520734892029516	0.004464124683766021	0.008892092805917929	-0.004452070511278052	-0.0044520741094911664	-0.004452072868914736	0.0018942287717650722
-0.0007420122482004923	-0.0014840244964009848	0.0007420122482004923	0.0007420122482004924	0.0007420122482004923	0.9992579877517996	-0.0014840244964009841	0.0007420122482004921	0.0007420122482004922	0.0007420122482004922	-0.0007440207806276702	-0.0014820154676529894	0.0007420117518796748	0.0007420123515818613	0.0007420121448191231	-0.00031570479529417864
-0.00296804899280197	-0.005936097985603941	0.00296804899280197	0.0029680489928019704	0.00296804899280197	-0.00296804899280197	0.9940639020143962	0.0029680489928019687	0.002968048992801969	0.002968048992801969	-0.00297608312251068	-0.005928061870611958	0.0029680470075186998	0.0029680494063274447	0.0029680485792764923	-0.0012628191811767152
0.0014840244964009852	0.002968048992801971	-0.0014840244964009852	-0.0014840244964009854	-0.0014840244964009852	0.0014840244964009852	0.0029680489928019704	0.9985159755035992	-0.001484024496400985	-0.0014840244964009852	0.0014880415612553409	0.00296403093530598	-0.00148402350375935	-0.0014840247031637228	-0.0014840242896382466	0.0006314095905883578
0.0022260367446014758	0.004452073489202953	-0.0022260367446014758	-0.002226036744601476	-0.0022260367446014758	0.0022260367446014766	0.004452073489202952	-0.0022260367446014766	0.9977739632553985	-0.0022260367446014766	0.0022320623418830106	0.004446046402958965	-0.0022260352556390263	-0.0022260370547455837	-0.0022260364344573688	0.0009471143858825362
0.004452073489202951	0.008904146978405905	-0.004452073489202951	-0.0044520734892029516	-0.004452073489202951	0.004452073489202952	0.008904146978405903	-0.004452073489202952	-0.004452073489202952	0.9955479265107973	0.004464124683766019	0.00889209280591793	-0.004452070511278051	-0.004452074109491167	-0.004452072868914737	0.001894228771765072
-0.0007413324103507814	-0.0014826648207015632	0.0007413324103507814	0.0007413324103507815	0.0007413324103507814	-0.0007413324103507814	-0.001482664820701563	0.0007413324103507814	0.0007413324103507815	0.0007413324103507815	0.980391634650648	0.017378777011990473	0.0007469235166594044	0.0007412768926124166	0.0007413879280891459	-0.019940405441955994
-0.0028696498745169633	-0.005739299749033927	0.0028696498745169633	0.0028696498745169633	0.0028696498745169633	-0.0028696498745169633	-0.005739299749033927	0.0028696498745169633	0.0028696498745169638	0.0028696498745169633	0.03940510847110441	0.9519852661395741	0.0028703256402875885	0.002869540580017118	0.002869759169016808	-0.03969797635121161
0.0014840244877579744	0.0029680489755159493	-0.0014840244877579744	-0.0014840244877579749	-0.0014840244877579744	0.0014840244877579744	0.0029680489755159493	-0.0014840244877579744	-0.0014840244877579747	-0.0014840244877579747	0.0014992315058035004	0.0029635361063300465	0.9985052813633823	-0.001484024723958213	-0.0014840242515577354	0.0006212210195254828
0.0022260426614506934	0.004452085322901388	-0.002226042661450694	-0.002226042661450694	-0.002226042661450693	0.002226042661450694	0.004452085322901387	-0.002226042661450694	-0.0022260426614506943	-0.002226042661450694	0.0022322111969785953	0.00444591526117689	-0.0022260411352540985	0.9977713389726587	-0.0022234242955599844	0.0009446455136897186
0.004452073484524167	0.008904146969048336	-0.004452073484524169	-0.004452073484524169	-0.004452073484524168	0.00445207348452417	0.00890414696904834	-0.00445207348452417	-0.004452073484524169	-0.004452073484524169	0.00446441054026581	0.008891806860917211	-0.004452070432134688	-0.004446838019640147	0.9955426910505915	0.0018892856959062915
-0.0022220370724191905	-0.004444074144838382	0.002222037072419191	0.002222037072419191	0.0022220370724191905	-0.0022220370724191914	-0.004444074144838382	0.0022220370724191914	0.0022220370724191914	0.002222037072419191	-0.1153543453724595	0.10871885770647122	0.002191413521149933	0.0022269397397983795	0.0022171344050400006	0.8812990950167501