0.9996245747702498	-0.0007508504595013625	0.0003754252297506813	0.0003754252297506813	0.00037542522975068124	-0.0003754252297506813	-0.0007508504595013627	0.0003754252297506813	0.00037542522975068135	0.00037542522975068135	-0.00037577982994429826	-0.0007504957661012033	0.0003754251365441391	0.0003754252446728568	0.00037542521482850593	-0.00017149837014460064
-0.0015017009190027254	0.9969965981619943	0.0015017009190027254	0.0015017009190027254	0.0015017009190027252	-0.0015017009190027254	-0.0030034018380054508	0.0015017009190027254	0.0015017009190027252	0.0015017009190027252	-0.0015031193197771928	-0.0030019830644048145	0.0015017005461765568	0.001501700978691427	0.0015017008593140237	-0.0006859934805784025
0.0007508504595013626	0.0015017009190027252	0.9992491495404986	-0.0007508504595013628	-0.0007508504595013626	0.0007508504595013628	0.0015017009190027256	-0.0007508504595013626	-0.0007508504595013627	-0.0007508504595013626	0.0007515596598885963	0.001500991532202407	-0.0007508502730882784	-0.0007508504893457138	-0.0007508504296570117	0.00034299674028920123
0.0011262756892520445	0.0022525513785040894	-0.0011262756892520445	0.9988737243107483	-0.001126275689252044	0.0011262756892520438	0.002252551378504088	-0.001126275689252044	-0.0011262756892520445	-0.001126275689252044	0.0011273394898328939	0.0022514872983036118	-0.0011262754096324171	-0.0011262757340185705	-0.001126275644485519	0.0005144951104338021
0.0022525513785040885	0.004505102757008178	-0.0022525513785040885	-0.002252551378504089	0.9977474486214956	0.002252551378504088	0.004505102757008178	-0.0022525513785040885	-0.0022525513785040894	-0.002252551378504088	0.002254678979665789	0.004502974596607224	-0.0022525508192648347	-0.00225255146803714	-0.002252551288971037	0.0010289902208676042
-0.00037542522975068135	-0.0007508504595013627	0.00037542522975068135	0.0003754252297506814	0.00037542522975068124	0.999624574770249	-0.0007508504595013627	0.00037542522975068135	0.0003754252297506813	0.00037542522975068124	-0.00037577982994429815	-0.0007504957661012035	0.000375425136544139	0.0003754252446728569	0.0003754252148285059	-0.00017149837014460062
-0.0015017009190027252	-0.0030034018380054503	0.0015017009190027252	0.0015017009190027254	0.001501700919002725	-0.0015017009190027252	0.9969965981619943	0.0015017009190027254	0.0015017009190027254	0.0015017009190027254	-0.0015031193197771926	-0.003001983064404815	0.001501700546176556	0.0015017009786914277	0.0015017008593140235	-0.0006859934805784027
0.0007508504595013623	0.0015017009190027245	-0.0007508504595013623	-0.0007508504595013625	-0.0007508504595013622	0.0007508504595013623	0.0015017009190027245	0.9992491495404984	-0.0007508504595013626	-0.0007508504595013626	0.0007515596598885962	0.001500991532202407	-0.000750850273088278	-0.0007508504893457136	-0.0007508504296570116	0.00034299674028920134
0.0011262756892520445	0.0022525513785040894	-0.0011262756892520445	-0.0011262756892520447	-0.0011262756892520445	0.0011262756892520443	0.002252551378504089	-0.0011262756892520443	0.9988737243107481	-0.0011262756892520443	0.0011273394898328943	0.0022514872983036118	-0.0011262754096324173	-0.0011262757340185707	-0.0011262756444855187	0.0005144951104338021
0.0022525513785040894	0.00450510275700818	-0.0022525513785040894	-0.00225255137850409	-0.0022525513785040894	0.002252551378504089	0.004505102757008179	-0.002252551378504089	-0.002252551378504089	0.9977474486214957	0.0022546789796657894	0.004502974596607224	-0.002252550819264835	-0.002252551468037141	-0.002252551288971038	0.0010289902208676046
-0.00037531951478302793	-0.0007506390295660557	0.0003753195147830278	0.00037531951478302793	0.00037531951478302777	-0.0003753195147830278	-0.0007506390295660557	0.0003753195147830278	0.00037531951478302793	0.00037531951478302777	0.9887363448282736	0.010134557726788666	0.0003784584153721188	0.00037530407825687035	0.0003753349513091854	-0.011309146741685866
-0.001474899274749374	-0.0029497985494987486	0.001474899274749374	0.0014748992747493747	0.001474899274749374	-0.001474899274749374	-0.0029497985494987486	0.0014748992747493743	0.001474899274749375	0.0014748992747493747	0.0217929812063183	0.9737820888860865	0.0014751313580964294	0.0014748686758316871	0.0014749298736670634	-0.022693017882514502
0.0007508504587175598	0.0015017009174351195	-0.0007508504587175598	-0.0007508504587175599	-0.0007508504587175597	0.0007508504587175598	0.0015017009174351195	-0.0007508504587175597	-0.0007508504587175599	-0.0007508504587175598	0.0007578384963818105	0.0015008237131200928	0.9992430387079331	-0.000750850496897154	-0.0007508504205379658	0.0003370560307281594
0.0011262771930373467	0.002252554386074694	-0.0011262771930373467	-0.001126277193037347	-0.0011262771930373465	0.0011262771930373465	0.0022525543860746934	-0.0011262771930373463	-0.0011262771930373465	-0.0011262771930373463	0.0011273833731366937	0.0022514479150161594	-0.0011262769020781605	0.9988723978084542	-0.0011249521945285788	0.0005132138917040449
0.0022525513781218066	0.004505102756243614	-0.0022525513781218066	-0.002252551378121807	-0.0022525513781218066	0.0022525513781218058	0.004505102756243614	-0.0022525513781218066	-0.0022525513781218066	-0.0022525513781218058	0.0022547637368776612	0.0045028898155697605	-0.0022525507962038106	-0.0022499015670340836	0.9977447988107907	0.0010264263682614673
-0.0011256632710166252	-0.002251326542033251	0.0011256632710166252	0.0011256632710166252	0.001125663271016625	-0.001125663271016625	-0.0022513265420332504	0.001125663271016625	0.0011256632710166252	0.0011256632710166252	-0.06641806360785941	0.06305890652881702	0.0011078305370091402	0.0011282205075201048	0.0011231060345131445	0.9326568361675402