0.9978487925814826	-0.004302414837034594	0.0021512074185172972	0.002151207418517297	0.0021512074185172977	-0.002151207418517298	-0.0043024148370345945	0.0021512074185172972	0.0021512074185172972	0.0021512074185172972	-0.002166732408987338	-0.004286888066016244	0.0021512056379689886	0.0021512093126743173	0.002151205524360278	-0.0007401535823482975
-0.008604829674069189	0.9827903406518618	0.008604829674069189	0.008604829674069187	0.00860482967406919	-0.008604829674069192	-0.017209659348138378	0.008604829674069189	0.008604829674069189	0.008604829674069189	-0.008666929635949354	-0.01714755226406498	0.00860482255187596	0.008604837250697267	0.008604822097441112	-0.0029606143293931905
0.004302414837034598	0.008604829674069196	0.9956975851629657	-0.0043024148370345945	-0.004302414837034596	0.004302414837034597	0.008604829674069192	-0.004302414837034595	-0.004302414837034596	-0.004302414837034596	0.004333464817974678	0.00857377613203249	-0.004302411275937978	-0.004302418625348634	-0.004302411048720556	0.0014803071646965953
0.006453622255551893	0.012907244511103784	-0.006453622255551892	0.9935463777444479	-0.006453622255551893	0.006453622255551895	0.01290724451110379	-0.006453622255551892	-0.006453622255551894	-0.006453622255551892	0.006500197226962014	0.012860664198048733	-0.006453616913906966	-0.006453627938022952	-0.006453616573080835	0.0022204607470448934
0.012907244511103786	0.025814489022207576	-0.012907244511103786	-0.012907244511103786	0.9870927554888963	0.012907244511103793	0.025814489022207586	-0.012907244511103786	-0.01290724451110379	-0.012907244511103788	0.01300039445392403	0.025721328396097465	-0.012907233827813936	-0.012907255876045902	-0.01290723314616167	0.004440921494089788
-0.0021512074185172972	-0.004302414837034594	0.002151207418517297	0.0021512074185172964	0.0021512074185172972	0.9978487925814832	-0.004302414837034594	0.002151207418517297	0.002151207418517297	0.0021512074185172972	-0.0021667324089873386	-0.0042868880660162445	0.0021512056379689886	0.0021512093126743177	0.0021512055243602785	-0.0007401535823482977
-0.008604829674069189	-0.017209659348138374	0.008604829674069187	0.008604829674069187	0.008604829674069189	-0.008604829674069189	0.9827903406518621	0.008604829674069187	0.008604829674069187	0.008604829674069187	-0.008666929635949354	-0.017147552264064975	0.008604822551875954	0.00860483725069727	0.00860482209744111	-0.002960614329393191
0.004302414837034595	0.008604829674069189	-0.0043024148370345945	-0.0043024148370345945	-0.004302414837034595	0.004302414837034596	0.00860482967406919	0.9956975851629654	-0.004302414837034595	-0.004302414837034595	0.004333464817974678	0.00857377613203249	-0.00430241127593798	-0.004302418625348635	-0.004302411048720556	0.0014803071646965955
0.006453622255551894	0.012907244511103788	-0.006453622255551894	-0.006453622255551894	-0.006453622255551895	0.006453622255551896	0.012907244511103791	-0.006453622255551896	0.9935463777444483	-0.006453622255551895	0.006500197226962017	0.01286066419804874	-0.006453616913906969	-0.006453627938022954	-0.006453616573080836	0.0022204607470448943
0.012907244511103784	0.02581448902220757	-0.012907244511103783	-0.012907244511103784	-0.012907244511103786	0.012907244511103788	0.025814489022207576	-0.012907244511103788	-0.012907244511103788	0.9870927554888961	0.013000394453924032	0.025721328396097472	-0.012907233827813934	-0.0129072558760459	-0.01290723314616167	0.004440921494089787
-0.002140967408894637	-0.004281934817789273	0.002140967408894636	0.002140967408894636	0.0021409674088946366	-0.0021409674088946366	-0.004281934817789273	0.0021409674088946357	0.0021409674088946366	0.0021409674088946366	0.9583994599823136	0.03516596286009716	0.0021526423397998304	0.0021405979923176223	0.00214133682547165	-0.04299213521275219
-0.00789687385563938	-0.015793747711278755	0.007896873855639377	0.00789687385563938	0.00789687385563938	-0.00789687385563938	-0.015793747711278755	0.007896873855639376	0.007896873855639377	0.00789687385563938	0.08779369301642487	0.8885138512724868	0.007898707999809568	0.00789615851091374	0.00789758920036502	-0.08434629192120556
0.004302414716906787	0.008604829433813571	-0.004302414716906786	-0.004302414716906787	-0.004302414716906787	0.0043024147169067875	0.008604829433813571	-0.004302414716906786	-0.004302414716906787	-0.004302414716906787	0.004357079390483039	0.008572234770687833	0.9956755152726425	-0.004302418692283043	-0.004302410741530531	0.0014596909634348836
0.006453673405815944	0.012907346811631889	-0.006453673405815944	-0.006453673405815944	-0.006453673405815945	0.006453673405815947	0.012907346811631892	-0.006453673405815946	-0.006453673405815947	-0.006453673405815947	0.006501088548339702	0.01285992612572652	-0.006453667862434324	0.9935387406759196	-0.006446087487551557	0.0022137644752012607
0.01290724434180451	0.025814488683609024	-0.01290724434180451	-0.01290724434180451	-0.012907244341804512	0.012907244341804512	0.025814488683609024	-0.012907244341804512	-0.012907244341804514	-0.012907244341804512	0.013002074360854661	0.025719647577808476	-0.012907233255054107	-0.012892095445265149	0.9870776067616567	0.004427488078164653
-0.006392737831278495	-0.01278547566255699	0.006392737831278495	0.006392737831278495	0.0063927378312784965	-0.0063927378312784965	-0.012785475662556995	0.006392737831278495	0.0063927378312784965	0.0063927378312784965	-0.2429713228975275	0.2238554972154323	0.006330350019538327	0.006405675896819821	0.006379799765737172	0.7442522323142526