0.9994494319014058	-0.0011011361971888971	0.0005505680985944484	0.0005505680985944487	0.0005505680985944484	-0.0005505680985944484	-0.0011011361971888971	0.0005505680985944486	0.0005505680985944484	0.0005505680985944486	-0.0005515309970150266	-0.0011001730524856936	0.0005505678523118221	0.0005505681431768471	0.0005505680540120508	-0.00024272172215853162
-0.0022022723943777942	0.9955954552112443	0.0022022723943777942	0.0022022723943777947	0.002202272394377794	-0.002202272394377794	-0.004404544788755589	0.0022022723943777942	0.002202272394377794	0.0022022723943777942	-0.0022061239880601068	-0.004400692209942772	0.002202271409247288	0.0022022725727073892	0.002202272216048204	-0.0009708868886341267
0.001101136197188897	0.002202272394377794	0.9988988638028109	-0.0011011361971888973	-0.001101136197188897	0.0011011361971888973	0.0022022723943777947	-0.0011011361971888975	-0.001101136197188897	-0.0011011361971888971	0.0011030619940300532	0.0022003461049713863	-0.0011011357046236438	-0.001101136286353694	-0.0011011361080241013	0.0004854434443170632
0.001651704295783346	0.0033034085915666926	-0.001651704295783346	0.9983482957042168	-0.001651704295783346	0.0016517042957833459	0.0033034085915666926	-0.0016517042957833463	-0.001651704295783346	-0.0016517042957833467	0.0016545929910450803	0.0033005191574570778	-0.001651703556935466	-0.0016517044295305406	-0.0016517041620361522	0.0007281651664755955
0.003303408591566692	0.006606817183133386	-0.003303408591566692	-0.003303408591566692	0.9966965914084331	0.0033034085915666913	0.006606817183133384	-0.003303408591566692	-0.0033034085915666918	-0.0033034085915666935	0.003309185982090161	0.0066010383149141556	-0.0033034071138709304	-0.003303408859061081	-0.0033034083240723044	0.00145633033295119
-0.0005505680985944484	-0.001101136197188897	0.0005505680985944484	0.0005505680985944484	0.0005505680985944484	0.9994494319014054	-0.0011011361971888973	0.0005505680985944487	0.0005505680985944484	0.0005505680985944486	-0.0005515309970150266	-0.0011001730524856932	0.0005505678523118218	0.0005505681431768469	0.0005505680540120508	-0.00024272172215853162
-0.0022022723943777947	-0.004404544788755589	0.0022022723943777947	0.0022022723943777947	0.0022022723943777947	-0.002202272394377795	0.9955954552112443	0.002202272394377795	0.0022022723943777947	0.002202272394377795	-0.0022061239880601076	-0.004400692209942774	0.0022022714092472884	0.002202272572707388	0.0022022722160482035	-0.0009708868886341267
0.0011011361971888971	0.0022022723943777942	-0.0011011361971888971	-0.0011011361971888971	-0.0011011361971888971	0.0011011361971888973	0.002202272394377795	0.998898863802811	-0.0011011361971888973	-0.0011011361971888973	0.0011030619940300538	0.0022003461049713868	-0.0011011357046236436	-0.0011011362863536938	-0.0011011361080241013	0.00048544344431706335
0.001651704295783346	0.0033034085915666926	-0.001651704295783346	-0.001651704295783346	-0.001651704295783346	0.001651704295783346	0.0033034085915666926	-0.0016517042957833463	0.9983482957042165	-0.0016517042957833465	0.0016545929910450805	0.003300519157457078	-0.0016517035569354652	-0.0016517044295305406	-0.0016517041620361522	0.0007281651664755954
0.003303408591566693	0.006606817183133387	-0.003303408591566693	-0.003303408591566693	-0.003303408591566693	0.003303408591566693	0.006606817183133387	-0.0033034085915666935	-0.0033034085915666935	0.9966965914084337	0.0033091859820901606	0.006601038314914156	-0.0033034071138709313	-0.00330340885906108	-0.0033034083240723044	0.0014563303329511905
-0.000550264171212193	-0.001100528342424386	0.000550264171212193	0.0005502641712121931	0.0005502641712121931	-0.000550264171212193	-0.001100528342424386	0.000550264171212193	0.000550264171212193	0.0005502641712121931	0.9845045618751068	0.013840272683765574	0.0005546370987035003	0.0005502323070484655	0.0005502960353759214	-0.015662271542293476
-0.002146398822585518	-0.004292797645171036	0.0021463988225855174	0.002146398822585518	0.0021463988225855174	-0.0021463988225855174	-0.0042927976451710365	0.0021463988225855182	0.002146398822585518	0.002146398822585518	0.030584804246174765	0.9629755662411775	0.002146831867476821	0.0021463358784426993	0.0021464617667283376	-0.03130075727999353
0.0011011361940785975	0.002202272388157195	-0.0011011361940785971	-0.0011011361940785971	-0.0011011361940785971	0.0011011361940785971	0.002202272388157195	-0.0011011361940785971	-0.0011011361940785975	-0.0011011361940785975	0.0011118110090317245	0.002200031192943632	0.9988904301861821	-0.0011011363002926963	-0.001101136087864499	0.00047733051946497525
0.0016517075410969516	0.0033034150821939037	-0.0016517075410969516	-0.0016517075410969516	-0.0016517075410969516	0.0016517075410969514	0.0033034150821939037	-0.0016517075410969516	-0.0016517075410969516	-0.0016517075410969518	0.0016546808802305392	0.003300440981862383	-0.0016517067798990177	0.9983463494849921	-0.0016497645671861754	0.0007263101992991222
0.003303408589979386	0.006606817179958773	-0.0033034085899793855	-0.003303408589979386	-0.0033034085899793855	0.0033034085899793855	0.006606817179958772	-0.0033034085899793855	-0.0033034085899793855	-0.0033034085899793855	0.0033093552626613254	0.006600868984882374	-0.0033034070675849285	-0.0032995231917722218	0.9966927060118135	0.001452617410968806
-0.0016499260544629234	-0.0032998521089258473	0.0016499260544629232	0.0016499260544629234	0.0016499260544629234	-0.0016499260544629234	-0.0032998521089258478	0.0016499260544629234	0.0016499260544629239	0.0016499260544629239	-0.09126768446419443	0.08634227321651922	0.001625559138749345	0.0016536204008813784	0.0016462317080444696	0.9067504167375305