0.9989291441745647	-0.002141711650871374	0.0010708558254356874	0.0010708558254356871	0.0010708558254356876	-0.0010708558254356874	-0.0021417116508713747	0.0010708558254356876	0.0010708558254356878	0.001070855825435688	-0.0010754676473973433	-0.002137098772611626	0.0010708547691375943	0.0010708561115579844	0.0010708555393133896	-0.0004311729412032279
-0.004283423301742748	0.9914331533965139	0.0042834233017427495	0.0042834233017427495	0.00428342330174275	-0.004283423301742749	-0.008566846603485497	0.004283423301742749	0.0042834233017427495	0.00428342330174275	-0.004301870589589375	-0.00854839509044651	0.004283419076550377	0.004283424446231939	0.004283422157253561	-0.0017246917648129111
0.0021417116508713747	0.00428342330174275	0.9978582883491289	-0.002141711650871374	-0.0021417116508713747	0.002141711650871374	0.004283423301742749	-0.0021417116508713743	-0.002141711650871375	-0.0021417116508713756	0.002150935294794688	0.004274197545223255	-0.002141709538275189	-0.0021417122231159698	-0.002141711078626781	0.0008623458824064555
0.003212567476307061	0.006425134952614122	-0.003212567476307061	0.996787432523693	-0.0032125674763070627	0.003212567476307061	0.006425134952614122	-0.003212567476307061	-0.003212567476307062	-0.0032125674763070627	0.003226402942192033	0.006411296317834878	-0.0032125643074127834	-0.0032125683346739564	-0.00321256661794017	0.0012935188236096818
0.006425134952614122	0.012850269905228242	-0.006425134952614121	-0.006425134952614122	0.9935748650473863	0.006425134952614123	0.012850269905228246	-0.006425134952614122	-0.006425134952614124	-0.0064251349526141255	0.006452805884384066	0.012822592635669754	-0.006425128614825566	-0.006425136669347909	-0.00642513323588034	0.0025870376472193653
-0.0010708558254356867	-0.002141711650871374	0.001070855825435687	0.0010708558254356867	0.0010708558254356874	0.9989291441745641	-0.0021417116508713743	0.0010708558254356871	0.0010708558254356874	0.0010708558254356874	-0.0010754676473973437	-0.002137098772611626	0.001070854769137594	0.0010708561115579844	0.0010708555393133899	-0.0004311729412032276
-0.004283423301742749	-0.008566846603485499	0.0042834233017427495	0.004283423301742749	0.004283423301742751	-0.004283423301742749	0.9914331533965144	0.0042834233017427495	0.00428342330174275	0.004283423301742751	-0.004301870589589376	-0.008548395090446508	0.004283419076550379	0.004283424446231939	0.00428342215725356	-0.0017246917648129105
0.0021417116508713743	0.0042834233017427495	-0.0021417116508713747	-0.0021417116508713743	-0.0021417116508713756	0.0021417116508713743	0.0042834233017427495	0.9978582883491286	-0.0021417116508713747	-0.002141711650871375	0.0021509352947946874	0.004274197545223255	-0.0021417095382751895	-0.0021417122231159706	-0.002141711078626781	0.0008623458824064552
0.0032125674763070614	0.006425134952614123	-0.0032125674763070614	-0.003212567476307062	-0.0032125674763070627	0.0032125674763070614	0.006425134952614122	-0.003212567476307062	0.9967874325236931	-0.0032125674763070627	0.003226402942192033	0.006411296317834876	-0.003212564307412783	-0.0032125683346739546	-0.0032125666179401704	0.0012935188236096826
0.006425134952614122	0.012850269905228244	-0.006425134952614122	-0.006425134952614123	-0.0064251349526141255	0.006425134952614122	0.012850269905228242	-0.006425134952614123	-0.006425134952614124	0.9935748650473863	0.006452805884384065	0.012822592635669752	-0.006425128614825567	-0.006425136669347908	-0.00642513323588034	0.002587037647219366
-0.0010690750370684098	-0.0021381500741368196	0.00106907503706841	0.0010690750370684098	0.0010690750370684105	-0.0010690750370684096	-0.0021381500741368196	0.0010690750370684103	0.0010690750370684103	0.0010690750370684103	0.9742418276565729	0.022543529723078617	0.0010764925462117502	0.0010689666577272416	0.0010691834164095792	-0.02639932100606913
-0.004087788275955967	-0.008175576551911935	0.004087788275955968	0.004087788275955968	0.004087788275955969	-0.004087788275955967	-0.008175576551911935	0.004087788275955968	0.004087788275955968	0.004087788275955968	0.05296144556613493	0.934774100586818	0.004088877295135588	0.004087576000033384	0.00408800055187855	-0.0522786445665904
0.00214171162331833	0.004283423246636659	-0.00214171162331833	-0.0021417116233183294	-0.0021417116233183302	0.002141711623318329	0.004283423246636659	-0.0021417116233183302	-0.0021417116233183302	-0.0021417116233183307	0.0021657949660896228	0.004273387851713815	0.9978442404288334	-0.0021417122522495295	-0.00214171099438713	0.0008491256256988786
0.003212579879830677	0.0064251597596613535	-0.0032125798798306768	-0.0032125798798306776	-0.0032125798798306785	0.003212579879830677	0.006425159759661353	-0.003212579879830677	-0.0032125798798306776	-0.003212579879830678	0.0032266824098129455	0.006411053992702079	-0.003212576642853666	0.9967836418749173	-0.0032088016345793004	0.0012900219702010828
0.0064251349356792085	0.012850269871358415	-0.006425134935679208	-0.0064251349356792085	-0.00642513493567921	0.0064251349356792085	0.012850269871358415	-0.0064251349356792085	-0.00642513493567921	-0.006425134935679211	0.006453339946955614	0.012822058386138702	-0.006425128461735893	-0.006417581932692327	0.9935673120613345	0.0025800331199867187
-0.0032020391770192407	-0.006404078354038481	0.0032020391770192407	0.0032020391770192407	0.003202039177019242	-0.0032020391770192407	-0.006404078354038481	0.003202039177019241	0.003202039177019242	0.003202039177019242	-0.1512389235258278	0.1416725993934725	0.003162245778316754	0.003208942759259296	0.003195135594779188	0.8428895238233323