0.9978342923634724	-0.004331415273054472	0.002165707636527237	0.002165707636527237	0.002165707636527237	-0.002165707636527237	-0.004331415273054472	0.002165707636527237	0.002165707636527237	0.002165707636527237	-0.0021813592824850092	-0.004315761870750614	0.00216570588018115	0.002165709565065127	0.0021657057079893472	-0.0007436286769923361
-0.008662830546108948	0.9826743389077818	0.008662830546108948	0.008662830546108948	0.008662830546108948	-0.008662830546108948	-0.017325661092217892	0.008662830546108948	0.008662830546108948	0.008662830546108948	-0.008725437129940034	-0.017263047483002458	0.008662823520724602	0.00866283826026051	0.00866282283195739	-0.002974514707969344
0.004331415273054474	0.008662830546108948	0.9956685847269457	-0.004331415273054474	-0.004331415273054474	0.004331415273054474	0.008662830546108946	-0.004331415273054474	-0.004331415273054474	-0.004331415273054474	0.004362718564970017	0.008631523741501227	-0.004331411760362299	-0.004331419130130254	-0.004331411415978694	0.0014872573539846724
0.006497122909581712	0.012994245819163423	-0.006497122909581711	0.9935028770904186	-0.00649712290958171	0.006497122909581711	0.01299424581916342	-0.006497122909581711	-0.006497122909581711	-0.00649712290958171	0.006544077847455029	0.012947285612251844	-0.006497117640543453	-0.006497128695195379	-0.00649711712396804	0.0022308860309770092
0.012994245819163409	0.025988491638326824	-0.01299424581916341	-0.012994245819163409	0.9870057541808367	0.012994245819163417	0.025988491638326824	-0.012994245819163416	-0.012994245819163417	-0.012994245819163412	0.013088155694910057	0.02589457122450368	-0.012994235281086902	-0.012994257390390758	-0.012994234247936075	0.004461772061954018
-0.0021657076365272365	-0.004331415273054472	0.0021657076365272365	0.002165707636527237	0.002165707636527236	0.9978342923634729	-0.004331415273054471	0.0021657076365272365	0.0021657076365272365	0.002165707636527236	-0.0021813592824850092	-0.004315761870750615	0.0021657058801811506	0.002165709565065127	0.002165705707989347	-0.000743628676992336
-0.008662830546108948	-0.017325661092217892	0.008662830546108948	0.008662830546108948	0.008662830546108946	-0.008662830546108946	0.9826743389077819	0.008662830546108946	0.008662830546108946	0.008662830546108944	-0.008725437129940035	-0.017263047483002458	0.008662823520724599	0.008662838260260507	0.008662822831957389	-0.002974514707969344
0.004331415273054475	0.008662830546108946	-0.004331415273054475	-0.004331415273054476	-0.004331415273054474	0.004331415273054474	0.008662830546108948	0.9956685847269457	-0.004331415273054473	-0.004331415273054472	0.004362718564970019	0.008631523741501229	-0.0043314117603622995	-0.004331419130130254	-0.004331411415978694	0.0014872573539846724
0.0064971229095817104	0.01299424581916342	-0.0064971229095817104	-0.006497122909581711	-0.00649712290958171	0.0064971229095817104	0.012994245819163416	-0.0064971229095817104	0.9935028770904186	-0.006497122909581708	0.006544077847455029	0.012947285612251848	-0.0064971176405434535	-0.006497128695195378	-0.006497117123968038	0.0022308860309770092
0.012994245819163417	0.02598849163832683	-0.012994245819163417	-0.012994245819163417	-0.012994245819163416	0.012994245819163417	0.025988491638326828	-0.012994245819163416	-0.01299424581916342	0.9870057541808368	0.013088155694910057	0.02589457122450369	-0.012994235281086905	-0.012994257390390758	-0.012994234247936078	0.004461772061954019
-0.0021552971741319355	-0.004310594348263872	0.002155297174131936	0.002155297174131936	0.002155297174131935	-0.0021552971741319355	-0.00431059434826387	0.002155297174131935	0.002155297174131935	0.002155297174131935	0.9582120407526118	0.03531035004359236	0.002167014855531633	0.002154923475493444	0.0021556708727704247	-0.04318525667170836
-0.007946090862247901	-0.015892181724495795	0.0079460908622479	0.007946090862247903	0.007946090862247897	-0.007946090862247901	-0.015892181724495795	0.007946090862247901	0.007946090862247901	0.007946090862247901	0.08819039041344959	0.887969501582911	0.007947926279143728	0.007945367305752859	0.007946814418742938	-0.0847193066331084
0.00433141515267077	0.008662830305341538	-0.004331415152670769	-0.00433141515267077	-0.004331415152670769	0.00433141515267077	0.008662830305341538	-0.00433141515267077	-0.004331415152670769	-0.004331415152670769	0.004386424868234588	0.008629976725066145	0.995646428712041	-0.004331419198914227	-0.004331411106427309	0.0014665567535086573
0.006497174766978675	0.012994349533957346	-0.006497174766978674	-0.006497174766978675	-0.006497174766978674	0.0064971747669786755	0.012994349533957348	-0.006497174766978675	-0.006497174766978675	-0.006497174766978675	0.006544979129808485	0.01294653969827329	-0.0064971692941244216	0.993495188252295	-0.00648953778625262	0.0022241484140381423
0.012994245646190403	0.025988491292380796	-0.0129942456461904	-0.012994245646190401	-0.012994245646190401	0.012994245646190403	0.025988491292380796	-0.012994245646190401	-0.012994245646190405	-0.012994245646190405	0.01308985410309555	0.025892871889778932	-0.012994234700493682	-0.012978995040045913	0.9869905037476653	0.0044482554364939945
-0.00643522256600565	-0.012870445132011299	0.006435222566005651	0.006435222566005653	0.006435222566005651	-0.006435222566005653	-0.012870445132011299	0.00643522256600565	0.006435222566005653	0.006435222566005651	-0.2440514361899467	0.22480841631479767	0.006372574743137988	0.0064482367517519085	0.006422208380259387	0.7431038407900997