0.9997924559401072	-0.0004150881197845725	0.00020754405989228635	0.00020754405989228627	0.00020754405989228627	-0.00020754405989228632	-0.00041508811978457243	0.0002075440598922863	0.00020754405989228632	0.00020754405989228622	-0.0002076134986391464	-0.0004150186623522641	0.0002075440412068381	0.00020754406256057124	0.00020754405722400127	-0.0000984411714697178
-0.0008301762395691453	0.9983396475208611	0.0008301762395691451	0.000830176239569145	0.000830176239569145	-0.0008301762395691451	-0.0016603524791382897	0.0008301762395691451	0.0008301762395691451	0.0008301762395691449	-0.0008304539945565855	-0.0016600746494090561	0.0008301761648273521	0.0008301762502422852	0.0008301762288960051	-0.00039376468587887107
0.0004150881197845725	0.0008301762395691449	0.9995849118802157	-0.0004150881197845726	-0.00041508811978457254	0.00041508811978457265	0.000830176239569145	-0.0004150881197845726	-0.00041508811978457254	-0.0004150881197845723	0.0004152269972782928	0.0008300373247045282	-0.00041508808241367607	-0.00041508812512114254	-0.0004150881144480026	0.00019688234293943564
0.0006226321796768586	0.001245264359353717	-0.0006226321796768586	0.9993773678203229	-0.0006226321796768585	0.0006226321796768586	0.0012452643593537165	-0.0006226321796768586	-0.0006226321796768586	-0.0006226321796768583	0.0006228404959174393	0.0012450559870567928	-0.0006226321236205141	-0.0006226321876817138	-0.0006226321716720042	0.00029532351440915335
0.001245264359353717	0.0024905287187074335	-0.0012452643593537172	-0.0012452643593537168	0.9987547356406462	0.0012452643593537176	0.0024905287187074335	-0.0012452643593537172	-0.0012452643593537172	-0.0012452643593537165	0.0012456809918348784	0.0024901119741135864	-0.0012452642472410276	-0.0012452643753634272	-0.0012452643433440082	0.0005906470288183068
-0.00020754405989228635	-0.00041508811978457265	0.00020754405989228632	0.00020754405989228635	0.0002075440598922863	0.999792455940108	-0.00041508811978457254	0.0002075440598922863	0.0002075440598922863	0.00020754405989228624	-0.00020761349863914646	-0.00041501866235226404	0.00020754404120683806	0.0002075440625605713	0.00020754405722400135	-0.00009844117146971781
-0.0008301762395691451	-0.00166035247913829	0.000830176239569145	0.0008301762395691451	0.0008301762395691449	-0.0008301762395691451	0.9983396475208615	0.000830176239569145	0.000830176239569145	0.0008301762395691446	-0.0008304539945565857	-0.0016600746494090557	0.000830176164827352	0.000830176250242285	0.0008301762288960051	-0.000393764685878871
0.0004150881197845726	0.000830176239569145	-0.0004150881197845725	-0.0004150881197845726	-0.00041508811978457243	0.0004150881197845726	0.000830176239569145	0.9995849118802156	-0.0004150881197845727	-0.00041508811978457243	0.0004152269972782931	0.0008300373247045284	-0.0004150880824136761	-0.0004150881251211426	-0.00041508811444800276	0.00019688234293943564
0.000622632179676859	0.0012452643593537178	-0.000622632179676859	-0.0006226321796768589	-0.0006226321796768588	0.0006226321796768589	0.0012452643593537174	-0.000622632179676859	0.9993773678203232	-0.0006226321796768586	0.0006228404959174391	0.001245055987056793	-0.000622632123620514	-0.0006226321876817137	-0.0006226321716720042	0.00029532351440915335
0.0012452643593537178	0.0024905287187074352	-0.0012452643593537178	-0.0012452643593537176	-0.0012452643593537174	0.0012452643593537176	0.0024905287187074344	-0.0012452643593537178	-0.0012452643593537174	0.9987547356406459	0.0012456809918348784	0.0024901119741135855	-0.0012452642472410278	-0.0012452643753634272	-0.0012452643433440082	0.0005906470288183068
-0.00020752413639492495	-0.00041504827278984985	0.00020752413639492492	0.00020752413639492492	0.00020752413639492484	-0.00020752413639492492	-0.0004150482727898497	0.00020752413639492487	0.00020752413639492487	0.00020752413639492484	0.9933364107873823	0.006039187446462001	0.00020935349336567995	0.00020751921438771372	0.0002075290584021361	-0.006640636246061213
-0.0008217117686063202	-0.0016434235372126405	0.00082171176860632	0.0008217117686063202	0.00082171176860632	-0.0008217117686063202	-0.0016434235372126405	0.0008217117686063203	0.00082171176860632	0.00082171176860632	0.012604050353146072	0.9849307327297145	0.0008217933799267312	0.0008217019763666838	0.0008217215608459557	-0.013384308551923968
0.00041508811970022015	0.0008301762394004402	-0.00041508811970022015	-0.00041508811970022015	-0.0004150881197002201	0.00041508811970022015	0.0008301762394004403	-0.0004150881197002202	-0.0004150881197002201	-0.00041508811970022004	0.0004188858923766212	0.0008299786217139323	0.99958131172531	-0.00041508812772022034	-0.00041508811168021963	0.00019334136857091666
0.0006226326377348804	0.0012452652754697605	-0.0006226326377348806	-0.0006226326377348804	-0.0006226326377348802	0.0006226326377348803	0.0012452652754697602	-0.0006226326377348803	-0.0006226326377348801	-0.00062263263773488	0.0006228549639771376	0.0012450428893707826	-0.0006226325778781606	0.9993766348074883	-0.0006219000829580612	0.0002946053288824671
0.0012452643593139662	0.002490528718627932	-0.0012452643593139662	-0.001245264359313966	-0.0012452643593139656	0.001245264359313966	0.002490528718627931	-0.0012452643593139662	-0.0012452643593139658	-0.0012452643593139658	0.0012457090116346843	0.002490083946593817	-0.0012452642396005714	-0.0012437992838979504	0.9987532705652702	0.0005892102163021825
-0.0006225195910416201	-0.0012450391820832396	0.0006225195910416202	0.0006225195910416199	0.0006225195910416198	-0.0006225195910416199	-0.0012450391820832394	0.0006225195910416201	0.0006225195910416198	0.0006225195910416197	-0.03933714288870277	0.03748020917867874	0.0006118945279407923	0.0006239551423831089	0.000621084039700131	0.9604499948214712