0.997627578281781	-0.004744843436438589	0.0023724217182192957	0.0023724217182192944	0.0023724217182192944	-0.002372421718219295	-0.004744843436438589	0.002372421718219295	0.0023724217182192944	0.002372421718219295	-0.002389732634254716	-0.004727531260667915	0.002372420458484039	0.0023724241794587657	0.0023724192569798247	-0.0007912548751485635
-0.009489686872877177	0.9810206262542454	0.009489686872877181	0.009489686872877177	0.009489686872877177	-0.009489686872877177	-0.01897937374575435	0.009489686872877177	0.009489686872877177	0.00948968687287718	-0.009558930537018862	-0.018910125042671658	0.009489681833936154	0.009489696717835065	0.0094896770279193	-0.0031650195005942525
0.004744843436438592	0.009489686872877183	0.9952551565635623	-0.0047448434364385905	-0.0047448434364385905	0.0047448434364385905	0.009489686872877181	-0.004744843436438592	-0.0047448434364385905	-0.004744843436438591	0.0047794652685094335	0.009455062521335834	-0.004744840916968078	-0.004744848358917535	-0.00474483851395965	0.0015825097502971267
0.007117265154657889	0.014234530309315777	-0.007117265154657888	0.9928827348453422	-0.007117265154657884	0.0071172651546578865	0.014234530309315768	-0.007117265154657884	-0.007117265154657886	-0.007117265154657884	0.007169197902764149	0.014182593782003748	-0.007117261375452121	-0.007117272538376297	-0.007117257770939476	0.0023737646254456913
0.014234530309315771	0.028469060618631536	-0.01423453030931577	-0.014234530309315771	0.9857654696906836	0.014234530309315771	0.028469060618631536	-0.014234530309315768	-0.01423453030931577	-0.014234530309315766	0.014338395805528294	0.02836518756400749	-0.014234522750904238	-0.01423454507675259	-0.01423451554187895	0.004747529250891381
-0.0023724217182192952	-0.00474484343643859	0.0023724217182192957	0.0023724217182192952	0.002372421718219295	0.9976275782817807	-0.004744843436438588	0.002372421718219295	0.002372421718219294	0.0023724217182192944	-0.0023897326342547155	-0.004727531260667914	0.002372420458484039	0.002372424179458766	0.0023724192569798256	-0.0007912548751485636
-0.00948968687287718	-0.018979373745754355	0.00948968687287718	0.00948968687287718	0.009489686872877176	-0.009489686872877177	0.9810206262542454	0.009489686872877177	0.009489686872877176	0.009489686872877177	-0.009558930537018862	-0.018910125042671654	0.009489681833936153	0.009489696717835061	0.009489677027919297	-0.0031650195005942542
0.004744843436438592	0.009489686872877183	-0.004744843436438593	-0.004744843436438592	-0.004744843436438591	0.004744843436438591	0.009489686872877183	0.9952551565635613	-0.00474484343643859	-0.0047448434364385905	0.004779465268509431	0.009455062521335829	-0.004744840916968078	-0.0047448483589175305	-0.004744838513959652	0.001582509750297127
0.007117265154657887	0.014234530309315773	-0.007117265154657887	-0.007117265154657887	-0.0071172651546578865	0.007117265154657887	0.014234530309315771	-0.007117265154657885	0.9928827348453421	-0.007117265154657884	0.007169197902764149	0.014182593782003742	-0.007117261375452119	-0.007117272538376294	-0.007117257770939475	0.0023737646254456896
0.014234530309315775	0.028469060618631546	-0.014234530309315773	-0.014234530309315775	-0.014234530309315771	0.014234530309315775	0.028469060618631543	-0.014234530309315771	-0.014234530309315773	0.9857654696906837	0.014338395805528297	0.02836518756400749	-0.01423452275090424	-0.01423454507675259	-0.01423451554187895	0.004747529250891383
-0.002359396860949492	-0.004718793721898983	0.002359396860949492	0.0023593968609494915	0.002359396860949492	-0.002359396860949492	-0.004718793721898985	0.002359396860949492	0.002359396860949493	0.0023593968609494924	0.955582571206417	0.0373269455293856	0.0023716895422985843	0.0023589601109739685	0.002359833610925015	-0.04588361376877671
-0.008642318588716917	-0.017284637177433827	0.008642318588716917	0.008642318588716917	0.008642318588716913	-0.008642318588716913	-0.017284637177433827	0.008642318588716913	0.008642318588716917	0.008642318588716913	0.09370302341735515	0.8803681939626039	0.00864414544260714	0.008641474207070524	0.008643162970363305	-0.08993261703250768
0.00474484332038879	0.009489686640777577	-0.00474484332038879	-0.004744843320388789	-0.004744843320388789	0.004744843320388789	0.009489686640777577	-0.004744843320388788	-0.004744843320388789	-0.004744843320388788	0.004804421922165841	0.009453446151464396	0.9952318185671469	-0.004744848462960648	-0.004744838177816928	0.001560630343794281
0.007117327645935433	0.014234655291870867	-0.007117327645935433	-0.007117327645935434	-0.007117327645935432	0.007117327645935434	0.014234655291870865	-0.007117327645935432	-0.007117327645935433	-0.007117327645935433	0.007170246196223972	0.01418173272811428	-0.007117323632467388	0.9928743076053238	-0.007108962897194755	0.0023664419440785206
0.01423453007789579	0.02846906015579158	-0.01423453007789579	-0.01423453007789579	-0.014234530077895787	0.01423453007789579	0.028469060155791575	-0.01423453007789579	-0.01423453007789579	-0.014234530077895787	0.014340366875837621	0.028363215330904072	-0.014234522050950103	-0.014217830369133681	0.9857487702133423	0.004732834786257475
-0.0070397794508209885	-0.014079558901641975	0.0070397794508209885	0.007039779450820988	0.007039779450820988	-0.0070397794508209885	-0.014079558901641975	0.007039779450820986	0.007039779450820988	0.007039779450820986	-0.25919595751158997	0.23814290407823827	0.0069734945317096765	0.007053866026785769	0.007025692874856208	0.7270553541911619