0.9996480442997359	-0.000703911400527298	0.00035195570026364903	0.00035195570026364903	0.00035195570026364903	-0.000351955700263649	-0.000703911400527298	0.00035195570026364903	0.00035195570026364903	0.00035195570026364903	-0.0003522538793335972	-0.0007036131428127964	0.0003519556216190958	0.00035195571265277727	0.00035195568787452084	-0.00016158784340137157
-0.0014078228010545965	0.9971843543978908	0.0014078228010545963	0.0014078228010545963	0.0014078228010545963	-0.0014078228010545961	-0.0028156456021091922	0.0014078228010545963	0.0014078228010545963	0.0014078228010545963	-0.0014090155173343895	-0.0028144525712511873	0.0014078224864763828	0.0014078228506111095	0.0014078227514980838	-0.0006463513736054863
0.0007039114005272981	0.0014078228010545961	0.9992960885994728	-0.0007039114005272981	-0.0007039114005272981	0.000703911400527298	0.0014078228010545957	-0.0007039114005272981	-0.0007039114005272981	-0.0007039114005272981	0.0007045077586671944	0.0014072262856255932	-0.0007039112432381913	-0.0007039114253055547	-0.0007039113757490416	0.00032317568680274297
0.0010558671007909475	0.002111734201581895	-0.0010558671007909475	0.9989441328992092	-0.0010558671007909477	0.0010558671007909475	0.002111734201581895	-0.0010558671007909475	-0.0010558671007909477	-0.0010558671007909477	0.001056761638000792	0.0021108394284383917	-0.0010558668648572873	-0.0010558671379583317	-0.0010558670636235626	0.0004847635302041148
0.002111734201581895	0.00422346840316379	-0.0021117342015818945	-0.0021117342015818945	0.9978882657984178	0.0021117342015818945	0.004223468403163788	-0.002111734201581894	-0.0021117342015818945	-0.002111734201581894	0.0021135232760015835	0.004221678856876781	-0.0021117337297145737	-0.0021117342759166624	-0.0021117341272471253	0.0009695270604082295
-0.0003519557002636491	-0.0007039114005272981	0.00035195570026364903	0.0003519557002636491	0.00035195570026364914	0.999648044299736	-0.0007039114005272977	0.000351955700263649	0.000351955700263649	0.000351955700263649	-0.0003522538793335972	-0.0007036131428127965	0.00035195562161909565	0.0003519557126527773	0.0003519556878745207	-0.00016158784340137157
-0.001407822801054596	-0.0028156456021091914	0.0014078228010545957	0.001407822801054596	0.0014078228010545961	-0.0014078228010545957	0.9971843543978907	0.0014078228010545965	0.0014078228010545965	0.0014078228010545963	-0.001409015517334389	-0.0028144525712511873	0.0014078224864763828	0.0014078228506111097	0.0014078227514980834	-0.0006463513736054863
0.0007039114005272981	0.0014078228010545961	-0.0007039114005272981	-0.0007039114005272982	-0.0007039114005272983	0.0007039114005272981	0.0014078228010545965	0.9992960885994727	-0.000703911400527298	-0.000703911400527298	0.0007045077586671942	0.0014072262856255932	-0.0007039112432381915	-0.0007039114253055547	-0.0007039113757490412	0.0003231756868027431
0.0010558671007909472	0.0021117342015818945	-0.001055867100790947	-0.001055867100790947	-0.0010558671007909472	0.001055867100790947	0.002111734201581894	-0.001055867100790947	0.9989441328992092	-0.0010558671007909472	0.0010567616380007918	0.002110839428438391	-0.0010558668648572873	-0.0010558671379583317	-0.0010558670636235624	0.0004847635302041147
0.0021117342015818945	0.004223468403163789	-0.0021117342015818945	-0.0021117342015818945	-0.0021117342015818945	0.002111734201581894	0.004223468403163789	-0.0021117342015818945	-0.0021117342015818945	0.9978882657984178	0.0021135232760015844	0.004221678856876782	-0.002111733729714575	-0.0021117342759166637	-0.0021117341272471257	0.0009695270604082294
-0.0003518674086874382	-0.0007037348173748764	0.00035186740868743823	0.00035186740868743823	0.0003518674086874384	-0.00035186740868743823	-0.0007037348173748765	0.00035186740868743834	0.0003518674086874384	0.0003518674086874384	0.9893442568420555	0.009597177143006286	0.0003548311975633072	0.0003518537637817241	0.0003518810535931528	-0.010688294033077807
-0.001384163371411168	-0.002768326742822336	0.0013841633714111682	0.0013841633714111682	0.0013841633714111682	-0.001384163371411168	-0.002768326742822336	0.001384163371411168	0.001384163371411168	0.0013841633714111682	0.02055606574997973	0.9752912361801078	0.001384371327090521	0.0013841363106680627	0.0013841904321542733	-0.021459791025056078
0.0007039113999094924	0.001407822799818985	-0.0007039113999094924	-0.0007039113999094926	-0.0007039113999094928	0.0007039113999094926	0.0014078227998189855	-0.0007039113999094928	-0.0007039113999094928	-0.0007039113999094929	0.0007104361948555731	0.0014070760238148155	0.9992903105811485	-0.0007039114320650904	-0.0007039113677538945	0.00031754988521968925
0.001055868421825547	0.0021117368436510946	-0.0010558684218255473	-0.0010558684218255475	-0.0010558684218255475	0.0010558684218255473	0.0021117368436510946	-0.0010558684218255475	-0.0010558684218255475	-0.0010558684218255475	0.0010568005988540493	0.002110804420598934	-0.001055868175801887	0.9989428893968182	-0.001054626240469138	0.00048356019559023955
0.002111734201282202	0.004223468402564404	-0.0021117342012822024	-0.0021117342012822024	-0.0021117342012822024	0.0021117342012822024	0.004223468402564405	-0.002111734201282202	-0.002111734201282203	-0.0021117342012822024	0.0021135985541963697	0.004221603557603216	-0.00211173370923518	-0.0021092499932791847	0.9978857815907148	0.0009671191440861629
-0.0010553566752974366	-0.002110713350594873	0.0010553566752974366	0.0010553566752974368	0.0010553566752974368	-0.0010553566752974364	-0.002110713350594873	0.0010553566752974366	0.0010553566752974366	0.0010553566752974366	-0.06284315233183357	0.05969396866236846	0.0010384703188702476	0.0010577590508716837	0.0010529542997231892	0.9363523994655549