0.9980517194511264	-0.00389656109774741	0.0019482805488737042	0.0019482805488737047	0.001948280548873705	-0.001948280548873705	-0.003896561097747411	0.0019482805488737042	0.0019482805488737047	0.0019482805488737047	-0.0019619134883494126	-0.003882926169699285	0.0019482785603012868	0.001948282001180221	0.0019482790965671876	-0.0006896812758357465
-0.007793122195494822	0.9844137556090107	0.007793122195494819	0.007793122195494822	0.007793122195494824	-0.007793122195494822	-0.015586244390989648	0.007793122195494819	0.00779312219549482	0.007793122195494822	-0.007847653953397654	-0.01553170467879714	0.007793114241205151	0.007793128004720887	0.007793116386268752	-0.0027587251033429874
0.00389656109774741	0.00779312219549482	0.9961034389022523	-0.0038965610977474093	-0.00389656109774741	0.00389656109774741	0.007793122195494824	-0.0038965610977474085	-0.00389656109774741	-0.00389656109774741	0.003923826976698825	0.007765852339398569	-0.0038965571206025728	-0.0038965640023604425	-0.0038965581931343753	0.001379362551671493
0.005844841646621117	0.011689683293242239	-0.005844841646621116	0.994155158353379	-0.005844841646621116	0.005844841646621116	0.011689683293242234	-0.005844841646621114	-0.005844841646621116	-0.005844841646621116	0.005885740465048239	0.011648778509097853	-0.005844835680903864	-0.005844846003540666	-0.005844837289701566	0.0020690438275072394
0.011689683293242232	0.02337936658648447	-0.01168968329324223	-0.011689683293242232	0.9883103167067576	0.01168968329324223	0.023379366586484467	-0.011689683293242228	-0.011689683293242232	-0.011689683293242232	0.011771480930096468	0.023297557018195705	-0.011689671361807723	-0.011689692007081327	-0.011689674579403127	0.00413808765501448
-0.001948280548873706	-0.003896561097747412	0.001948280548873705	0.001948280548873706	0.001948280548873706	0.9980517194511261	-0.003896561097747411	0.0019482805488737042	0.001948280548873705	0.0019482805488737047	-0.0019619134883494135	-0.0038829261696992847	0.0019482785603012873	0.0019482820011802215	0.0019482790965671876	-0.0006896812758357468
-0.007793122195494822	-0.015586244390989644	0.007793122195494819	0.007793122195494822	0.00779312219549482	-0.00779312219549482	0.9844137556090108	0.00779312219549482	0.007793122195494822	0.007793122195494822	-0.00784765395339765	-0.015531704678797144	0.00779311424120515	0.007793128004720889	0.007793116386268754	-0.002758725103342988
0.0038965610977474093	0.007793122195494819	-0.0038965610977474076	-0.0038965610977474093	-0.0038965610977474093	0.0038965610977474085	0.00779312219549482	0.9961034389022524	-0.0038965610977474085	-0.0038965610977474085	0.003923826976698825	0.007765852339398567	-0.0038965571206025723	-0.0038965640023604403	-0.0038965581931343727	0.001379362551671493
0.005844841646621115	0.011689683293242234	-0.005844841646621114	-0.005844841646621115	-0.005844841646621116	0.005844841646621114	0.01168968329324223	-0.005844841646621114	0.9941551583533789	-0.005844841646621116	0.005885740465048236	0.011648778509097853	-0.0058448356809038616	-0.005844846003540665	-0.005844837289701565	0.0020690438275072403
0.011689683293242232	0.02337936658648447	-0.01168968329324223	-0.011689683293242232	-0.011689683293242234	0.01168968329324223	0.023379366586484464	-0.01168968329324223	-0.011689683293242232	0.9883103167067576	0.011771480930096475	0.02329755701819571	-0.011689671361807723	-0.011689692007081332	-0.011689674579403128	0.004138087655014482
-0.0019402555076106832	-0.0038805110152213664	0.0019402555076106828	0.0019402555076106836	0.0019402555076106838	-0.0019402555076106836	-0.0038805110152213686	0.0019402555076106832	0.0019402555076106836	0.0019402555076106834	0.9610699991227842	0.03309819280745693	0.0019512970545370225	0.0019399440213087374	0.0019405669939126277	-0.04022927722548596
-0.007202873864428014	-0.014405747728856028	0.00720287386442801	0.007202873864428014	0.0072028738644280155	-0.007202873864428014	-0.014405747728856031	0.007202873864428012	0.007202873864428014	0.0072028738644280155	0.08208749772975932	0.896302090146998	0.007204664394386853	0.007202269702693969	0.007203478026162057	-0.07901121998491357
0.0038965609870696034	0.007793121974139206	-0.003896560987069602	-0.003896560987069602	-0.0038965609870696034	0.003896560987069602	0.007793121974139207	-0.0038965609870696013	-0.003896560987069602	-0.003896560987069603	0.0039460978505977025	0.007764401593452573	0.9960826225300893	-0.003896564050184738	-0.003896557923954468	0.0013599553204574006
0.005844883429869966	0.011689766859739934	-0.0058448834298699655	-0.005844883429869967	-0.005844883429869968	0.0058448834298699655	0.011689766859739934	-0.005844883429869965	-0.005844883429869966	-0.005844883429869968	0.0058864971884495685	0.011648146962036489	-0.005844877290746122	0.994148245408254	-0.005838012267993783	0.0020629303954479115
0.011689683169986307	0.023379366339972618	-0.011689683169986306	-0.011689683169986306	-0.011689683169986307	0.011689683169986302	0.02337936633997261	-0.011689683169986302	-0.011689683169986304	-0.011689683169986307	0.011772910463248406	0.023296126768485442	-0.011689670891761253	-0.011675958447339116	0.9882965921073659	0.0041258268816168385
-0.005797155856586159	-0.01159431171317232	0.005797155856586159	0.005797155856586159	0.005797155856586159	-0.005797155856586158	-0.011594311713172318	0.005797155856586155	0.005797155856586158	0.005797155856586159	-0.22757011495250873	0.2102373163926148	0.005738486846721632	0.005809016006741631	0.005785295706430687	0.7606792268657819