0.9980372291974337	-0.003925541605133021	0.00196277080256651	0.0019627708025665093	0.0019627708025665097	-0.0019627708025665106	-0.00392554160513302	0.001962770802566511	0.0019627708025665093	0.0019627708025665097	-0.0019765455047459028	-0.003911764921631938	0.0019627688212448175	0.0019627722840443516	0.0019627693210886705	-0.0006933990364351981
-0.00785108321026604	0.9842978335794677	0.007851083210266042	0.007851083210266037	0.007851083210266039	-0.00785108321026604	-0.01570216642053208	0.007851083210266044	0.007851083210266037	0.007851083210266037	-0.007906182018983611	-0.015647059686527753	0.00785107528497927	0.007851089136177412	0.007851077284354682	-0.0027735961457407933
0.003925541605133024	0.007851083210266042	0.9960744583948666	-0.00392554160513302	-0.003925541605133021	0.003925541605133023	0.007851083210266044	-0.003925541605133024	-0.003925541605133021	-0.003925541605133022	0.0039530910094918055	0.007823529843263878	-0.003925537642489636	-0.003925544568088707	-0.0039255386421773435	0.0013867980728703962
0.005888312407699531	0.011776624815399064	-0.005888312407699532	0.9941116875923	-0.005888312407699531	0.005888312407699532	0.011776624815399062	-0.005888312407699532	-0.005888312407699532	-0.005888312407699531	0.005929636514237709	0.011735294764895812	-0.005888306463734451	-0.005888316852133054	-0.005888307963266009	0.0020801971093055947
0.011776624815399062	0.023553249630798127	-0.011776624815399064	-0.011776624815399064	0.9882233751846005	0.011776624815399064	0.023553249630798127	-0.011776624815399064	-0.011776624815399064	-0.011776624815399062	0.01185927302847542	0.023470589529791617	-0.011776612927468903	-0.011776633704266105	-0.011776615926532022	0.004160394218611189
-0.0019627708025665115	-0.003925541605133021	0.001962770802566511	0.0019627708025665106	0.001962770802566511	0.9980372291974338	-0.003925541605133022	0.001962770802566512	0.0019627708025665106	0.0019627708025665106	-0.001976545504745903	-0.003911764921631939	0.001962768821244818	0.0019627722840443525	0.001962769321088671	-0.0006933990364351983
-0.00785108321026604	-0.015702166420532074	0.007851083210266039	0.007851083210266037	0.007851083210266039	-0.007851083210266044	0.9842978335794675	0.007851083210266044	0.007851083210266039	0.007851083210266039	-0.007906182018983611	-0.015647059686527753	0.007851075284979268	0.007851089136177405	0.00785107728435468	-0.0027735961457407924
0.003925541605133021	0.007851083210266039	-0.00392554160513302	-0.0039255416051330195	-0.00392554160513302	0.003925541605133022	0.00785108321026604	0.9960744583948673	-0.003925541605133021	-0.003925541605133021	0.0039530910094918055	0.007823529843263878	-0.003925537642489636	-0.003925544568088704	-0.003925538642177342	0.0013867980728703962
0.005888312407699532	0.011776624815399064	-0.005888312407699533	-0.005888312407699532	-0.005888312407699532	0.005888312407699532	0.011776624815399062	-0.005888312407699532	0.9941116875923004	-0.005888312407699532	0.005929636514237708	0.01173529476489581	-0.005888306463734451	-0.005888316852133055	-0.005888307963266009	0.0020801971093055947
0.011776624815399062	0.023553249630798124	-0.011776624815399065	-0.011776624815399062	-0.011776624815399062	0.011776624815399064	0.023553249630798117	-0.011776624815399064	-0.011776624815399062	0.9882233751846007	0.011859273028475415	0.023470589529791624	-0.0117766129274689	-0.011776633704266109	-0.011776615926532017	0.0041603942186111895
-0.0019545979442340882	-0.003909195888468175	0.001954597944234088	0.0019545979442340874	0.0019545979442340882	-0.0019545979442340887	-0.003909195888468176	0.0019545979442340887	0.001954597944234088	0.001954597944234088	0.9608761266207857	0.033248990540920745	0.0019656869498257496	0.0019542824468080154	0.00195491344166016	-0.04043052787777428
-0.007252753283932595	-0.014505506567865187	0.007252753283932593	0.007252753283932593	0.007252753283932597	-0.007252753283932597	-0.014505506567865187	0.007252753283932595	0.007252753283932595	0.007252753283932595	0.08250504584067439	0.8957348990709058	0.007254548520554869	0.007252141418018396	0.0072533651498467985	-0.07939975646822708
0.00392554149346937	0.007851082986938738	-0.00392554149346937	-0.003925541493469369	-0.00392554149346937	0.00392554149346937	0.007851082986938738	-0.003925541493469369	-0.003925541493469369	-0.00392554149346937	0.003975461686140495	0.007822071902574359	0.9960535493982238	-0.003925544616909598	-0.003925538370029145	0.0013673026483379549
0.005888354827199334	0.01177670965439867	-0.005888354827199335	-0.0058883548271993335	-0.005888354827199334	0.005888354827199334	0.011776709654398665	-0.005888354827199334	-0.0058883548271993335	-0.005888354827199333	0.005930402552042392	0.01173465581020851	-0.0058883487078522315	0.9941047229640421	-0.005881432618440908	0.0020740417959181777
0.011776624689174207	0.023553249378348413	-0.011776624689174208	-0.011776624689174208	-0.01177662468917421	0.011776624689174212	0.023553249378348413	-0.01177662468917421	-0.01177662468917421	-0.011776624689174208	0.011860719911789396	0.02346914191706125	-0.011776612450502221	-0.011762798225327015	0.9882095488469785	0.004148049204507695
-0.005839745981330215	-0.011679491962660432	0.005839745981330215	0.0058397459813302145	0.005839745981330216	-0.005839745981330216	-0.011679491962660429	0.005839745981330216	0.005839745981330216	0.005839745981330215	-0.22868889574038553	0.211228597731599	0.005780806046126244	0.005851683893285403	0.005827808069375029	0.759482784087776