0.9990502235701829	-0.001899552859634848	0.0009497764298174241	0.0009497764298174242	0.0009497764298174243	-0.0009497764298174241	-0.001899552859634848	0.0009497764298174243	0.0009497764298174241	0.0009497764298174244	-0.0009533274661246122	-0.0018960009844190477	0.0009497755909088099	0.0009497766353170938	0.0009497762243177553	-0.00038998999035427654
-0.0037991057192696956	0.9924017885614606	0.003799105719269695	0.0037991057192696956	0.0037991057192696956	-0.0037991057192696947	-0.007598211438539389	0.003799105719269696	0.0037991057192696943	0.0037991057192696956	-0.0038133098644984485	-0.007584003937676189	0.0037991023636352395	0.0037991065412683734	0.003799104897271021	-0.0015599599614171062
0.001899552859634848	0.003799105719269695	0.9981004471403648	-0.0018995528596348482	-0.0018995528596348484	0.001899552859634848	0.0037991057192696956	-0.0018995528596348482	-0.0018995528596348478	-0.0018995528596348482	0.0019066549322492247	0.003792001968838096	-0.0018995511818176204	-0.0018995532706341867	-0.0018995524486355114	0.000779979980708553
0.002849329289452273	0.005698658578904546	-0.0028493292894522723	0.9971506707105476	-0.0028493292894522728	0.0028493292894522728	0.0056986585789045455	-0.002849329289452273	-0.002849329289452273	-0.0028493292894522736	0.0028599823983738366	0.005688002953257141	-0.0028493267727264307	-0.0028493299059512795	-0.002849328672953266	0.0011699699710628294
0.0056986585789045455	0.011397317157809093	-0.005698658578904545	-0.0056986585789045455	0.9943013414210956	0.0056986585789045455	0.01139731715780909	-0.005698658578904546	-0.0056986585789045455	-0.005698658578904547	0.005719964796747672	0.011376005906514282	-0.00569865354545286	-0.005698659811902559	-0.005698657345906533	0.002339939942125659
-0.0009497764298174245	-0.001899552859634849	0.0009497764298174243	0.0009497764298174243	0.0009497764298174243	0.9990502235701825	-0.001899552859634848	0.0009497764298174243	0.0009497764298174239	0.0009497764298174242	-0.000953327466124612	-0.0018960009844190477	0.0009497755909088103	0.0009497766353170934	0.0009497762243177555	-0.0003899899903542765
-0.003799105719269696	-0.007598211438539392	0.003799105719269695	0.003799105719269695	0.003799105719269695	-0.003799105719269695	0.9924017885614604	0.0037991057192696964	0.0037991057192696947	0.003799105719269696	-0.003813309864498448	-0.007584003937676189	0.0037991023636352404	0.0037991065412683734	0.0037991048972710207	-0.0015599599614171055
0.001899552859634849	0.003799105719269698	-0.0018995528596348486	-0.0018995528596348486	-0.0018995528596348486	0.0018995528596348486	0.0037991057192696977	0.9981004471403652	-0.0018995528596348486	-0.001899552859634849	0.0019066549322492242	0.0037920019688380963	-0.0018995511818176208	-0.0018995532706341872	-0.001899552448635511	0.0007799799807085531
0.002849329289452272	0.005698658578904545	-0.0028493292894522715	-0.002849329289452272	-0.0028493292894522728	0.0028493292894522728	0.0056986585789045455	-0.0028493292894522728	0.9971506707105474	-0.0028493292894522736	0.002859982398373837	0.005688002953257143	-0.0028493267727264307	-0.0028493299059512804	-0.002849328672953266	0.0011699699710628292
0.005698658578904547	0.011397317157809096	-0.005698658578904546	-0.005698658578904547	-0.005698658578904549	0.005698658578904549	0.011397317157809098	-0.005698658578904549	-0.005698658578904548	0.9943013414210957	0.005719964796747674	0.011376005906514285	-0.00569865354545286	-0.005698659811902562	-0.005698657345906532	0.002339939942125659
-0.0009484722455602507	-0.0018969444911205013	0.0009484722455602506	0.0009484722455602507	0.000948472245560251	-0.0009484722455602509	-0.0018969444911205017	0.0009484722455602509	0.0009484722455602505	0.0009484722455602509	0.9763941098415952	0.020753692819892876	0.0009552528473916596	0.0009483850104512986	0.0009485594806692024	-0.024132906397798668
-0.003642692413566491	-0.00728538482713298	0.00364269241356649	0.003642692413566489	0.00364269241356649	-0.00364269241356649	-0.00728538482713298	0.00364269241356649	0.003642692413566489	0.00364269241356649	0.0481808543438015	0.9408901271915443	0.0036436336375213446	0.003642521249192597	0.003642863577940386	-0.04787550207048347
0.0018995528404915417	0.0037991056809830834	-0.0018995528404915421	-0.0018995528404915417	-0.0018995528404915421	0.0018995528404915421	0.0037991056809830847	-0.001899552840491542	-0.0018995528404915417	-0.0018995528404915423	0.001920232867848223	0.003791306525192491	0.998087566287942	-0.001899553297336706	-0.0018995523836463784	0.0007678104936760529
0.0028493390233679428	0.005698678046735886	-0.0028493390233679428	-0.0028493390233679428	-0.002849339023367943	0.002849339023367943	0.005698678046735887	-0.002849339023367943	-0.002849339023367943	-0.0028493390233679436	0.002860210304652195	0.005687804192675734	-0.0028493364505920403	0.9971473097597948	-0.002845987806530778	0.0011668480910587214
0.005698658567722544	0.011397317135445088	-0.005698658567722543	-0.005698658567722543	-0.005698658567722545	0.005698658567722544	0.011397317135445086	-0.005698658567722544	-0.005698658567722543	-0.005698658567722545	0.005720401096519355	0.011375569461104207	-0.005698653422178468	-0.0056919586427746525	0.9942946415073296	0.002333687593349094
-0.002841629622202436	-0.005683259244404873	0.0028416296222024354	0.0028416296222024354	0.0028416296222024363	-0.0028416296222024363	-0.005683259244404873	0.0028416296222024363	0.0028416296222024363	0.0028416296222024363	-0.13869858583637268	0.13021030725347532	0.002805019338492487	0.002847806750712366	0.0028354524936925053	0.8563653680205024