0.9980915642380737	-0.0038168715238526205	0.0019084357619263104	0.001908435761926311	0.0019084357619263109	-0.001908435761926311	-0.003816871523852623	0.0019084357619263109	0.0019084357619263113	0.0019084357619263115	-0.0019216743660658553	-0.003803630916760344	0.0019084337589735777	0.0019084371358553285	0.0019084343879972952	-0.000679368141136341
-0.00763374304770524	0.9847325139045893	0.0076337430477052435	0.007633743047705245	0.0076337430477052435	-0.007633743047705245	-0.015267486095410492	0.007633743047705244	0.007633743047705245	0.007633743047705245	-0.007686697464263425	-0.015214523667041383	0.007633735035894313	0.007633748543421317	0.007633737551989179	-0.002717472564545363
0.0038168715238526226	0.007633743047705243	0.996183128476147	-0.0038168715238526226	-0.0038168715238526226	0.003816871523852623	0.007633743047705247	-0.0038168715238526226	-0.0038168715238526235	-0.003816871523852624	0.0038433487321317115	0.007607261833520689	-0.0038168675179471563	-0.0038168742717106575	-0.0038168687759945904	0.0013587362822726817
0.005725307285778933	0.011450614571557865	-0.0057253072857789316	0.9942746927142214	-0.0057253072857789316	0.0057253072857789316	0.011450614571557867	-0.005725307285778931	-0.0057253072857789316	-0.005725307285778933	0.005765023098197565	0.011410892750281034	-0.005725301276920733	-0.005725311407565985	-0.005725303163991883	0.0020381044234090233
0.011450614571557868	0.022901229143115737	-0.011450614571557867	-0.011450614571557868	0.9885493854284422	0.011450614571557868	0.022901229143115744	-0.011450614571557868	-0.01145061457155787	-0.011450614571557874	0.011530046196395138	0.022821785500562086	-0.011450602553841475	-0.011450622815131975	-0.011450606327983767	0.004076208846818048
-0.001908435761926311	-0.0038168715238526213	0.001908435761926311	0.0019084357619263113	0.0019084357619263113	0.9980915642380738	-0.0038168715238526226	0.0019084357619263109	0.001908435761926311	0.0019084357619263113	-0.0019216743660658562	-0.0038036309167603444	0.0019084337589735775	0.0019084371358553287	0.0019084343879972948	-0.0006793681411363412
-0.007633743047705244	-0.015267486095410485	0.007633743047705244	0.007633743047705245	0.007633743047705245	-0.007633743047705247	0.9847325139045902	0.007633743047705246	0.007633743047705248	0.007633743047705248	-0.007686697464263423	-0.015214523667041383	0.007633735035894315	0.007633748543421318	0.007633737551989181	-0.0027174725645453647
0.003816871523852622	0.007633743047705243	-0.003816871523852622	-0.003816871523852623	-0.003816871523852623	0.0038168715238526235	0.007633743047705246	0.996183128476147	-0.003816871523852623	-0.003816871523852623	0.0038433487321317115	0.00760726183352069	-0.003816867517947156	-0.003816874271710658	-0.0038168687759945904	0.001358736282272682
0.005725307285778934	0.011450614571557867	-0.005725307285778932	-0.005725307285778933	-0.005725307285778933	0.005725307285778935	0.011450614571557868	-0.0057253072857789316	0.9942746927142211	-0.005725307285778934	0.005765023098197567	0.011410892750281036	-0.005725301276920733	-0.005725311407565986	-0.005725303163991885	0.0020381044234090233
0.011450614571557874	0.022901229143115744	-0.01145061457155787	-0.011450614571557872	-0.011450614571557872	0.011450614571557875	0.022901229143115747	-0.011450614571557868	-0.011450614571557874	0.9885493854284423	0.011530046196395135	0.022821785500562075	-0.011450602553841475	-0.011450622815131976	-0.01145060632798377	0.0040762088468180475
-0.001900809164163607	-0.003801618328327213	0.0019008091641636064	0.0019008091641636075	0.0019008091641636072	-0.0019008091641636075	-0.0038016183283272153	0.0019008091641636066	0.0019008091641636077	0.0019008091641636077	0.9616058615100519	0.0326808017778537	0.00191171838376709	0.0019005086060957343	0.0019011097222314806	-0.03967249608833949
-0.007065460191363386	-0.014130920382726763	0.0070654601913633834	0.007065460191363386	0.007065460191363388	-0.0070654601913633895	-0.014130920382726779	0.007065460191363388	0.0070654601913633895	0.0070654601913633895	0.08093082002556545	0.8978710230671954	0.007067236524512552	0.007064877024361993	0.007066043358364792	-0.07793634235676623
0.0038168714160843826	0.007633742832168763	-0.0038168714160843817	-0.0038168714160843826	-0.0038168714160843813	0.003816871416084383	0.007633742832168766	-0.0038168714160843817	-0.0038168714160843826	-0.003816871416084383	0.0038653419741221046	0.007605831456528793	0.9961625694015181	-0.0038168743170393206	-0.003816868515129448	0.0013395731875430674
0.005725347345220039	0.011450694690440076	-0.005725347345220037	-0.005725347345220038	-0.005725347345220039	0.0057253473452200405	0.011450694690440081	-0.005725347345220039	-0.00572534734522004	-0.005725347345220039	0.005765754444213777	0.011410281414575823	-0.005725341168349517	0.9942679218663171	-0.005718616556757065	0.0020321063652645748
0.011450614456225213	0.022901228912450423	-0.011450614456225212	-0.011450614456225215	-0.011450614456225215	0.011450614456225215	0.02290122891245043	-0.011450614456225213	-0.011450614456225217	-0.011450614456225215	0.011531428439129387	0.022820402575828836	-0.011450602102507788	-0.011437169533064527	0.9885359406206145	0.004064180120344574
-0.005679995120438815	-0.011359990240877627	0.0056799951204388145	0.005679995120438815	0.005679995120438815	-0.005679995120438817	-0.011359990240877632	0.0056799951204388145	0.005679995120438816	0.005679995120438817	-0.22447720758972733	0.20749514155450788	0.005622075794342038	0.0056916408058431955	0.005668349435034438	0.7639892291722472