0.9997094226349319	-0.0005811547301360309	0.00029057736506801546	0.00029057736506801556	0.00029057736506801546	-0.00029057736506801546	-0.0005811547301360311	0.00029057736506801546	0.00029057736506801556	0.0002905773650680154	-0.0002907544166764786	-0.0005809776314216067	0.00029057731796205483	0.0002905773721838477	0.0002905773579521831	-0.00013521974076965632
-0.0011623094602720618	0.9976753810794555	0.0011623094602720616	0.0011623094602720616	0.0011623094602720614	-0.0011623094602720614	-0.0023246189205441237	0.0011623094602720616	0.0011623094602720618	0.0011623094602720614	-0.0011630176667059148	-0.0023239105256864278	0.0011623092718482187	0.0011623094887353905	0.0011623094318087323	-0.0005408789630786253
0.0005811547301360308	0.0011623094602720616	0.9994188452698642	-0.0005811547301360308	-0.0005811547301360307	0.0005811547301360308	0.001162309460272062	-0.0005811547301360308	-0.000581154730136031	-0.0005811547301360306	0.0005815088333529572	0.001161955262843214	-0.0005811546359241092	-0.0005811547443676952	-0.0005811547159043661	0.0002704394815393126
0.0008717320952040467	0.0017434641904080937	-0.0008717320952040467	0.9991282679047963	-0.0008717320952040464	0.0008717320952040466	0.0017434641904080937	-0.0008717320952040465	-0.0008717320952040467	-0.0008717320952040465	0.0008722632500294358	0.0017429328942648204	-0.0008717319538861643	-0.0008717321165515437	-0.0008717320738565497	0.00040565922230896887
0.0017434641904080928	0.003486928380816186	-0.0017434641904080928	-0.001743464190408093	0.9982565358095917	0.0017434641904080924	0.0034869283808161857	-0.0017434641904080922	-0.0017434641904080928	-0.0017434641904080926	0.0017445265000588712	0.003485865788529642	-0.0017434639077723284	-0.0017434642331030869	-0.0017434641477130988	0.0008113184446179375
-0.00029057736506801546	-0.0005811547301360309	0.0002905773650680154	0.00029057736506801546	0.0002905773650680154	0.9997094226349319	-0.0005811547301360309	0.0002905773650680154	0.0002905773650680155	0.00029057736506801535	-0.00029075441667647864	-0.000580977631421607	0.00029057731796205467	0.00029057737218384763	0.00029057735795218306	-0.00013521974076965624
-0.0011623094602720616	-0.0023246189205441232	0.0011623094602720614	0.0011623094602720616	0.0011623094602720614	-0.0011623094602720616	0.9976753810794559	0.0011623094602720616	0.0011623094602720616	0.0011623094602720612	-0.0011630176667059148	-0.002323910525686428	0.001162309271848219	0.0011623094887353907	0.0011623094318087325	-0.000540878963078625
0.0005811547301360308	0.0011623094602720616	-0.0005811547301360307	-0.0005811547301360308	-0.0005811547301360307	0.0005811547301360308	0.0011623094602720616	0.999418845269864	-0.0005811547301360309	-0.0005811547301360307	0.0005815088333529574	0.0011619552628432143	-0.0005811546359241094	-0.0005811547443676953	-0.000581154715904366	0.0002704394815393125
0.0008717320952040465	0.0017434641904080933	-0.0008717320952040465	-0.0008717320952040466	-0.0008717320952040466	0.0008717320952040465	0.0017434641904080935	-0.0008717320952040467	0.9991282679047961	-0.0008717320952040464	0.0008722632500294358	0.001742932894264821	-0.0008717319538861643	-0.0008717321165515437	-0.0008717320738565495	0.00040565922230896887
0.0017434641904080924	0.0034869283808161853	-0.0017434641904080924	-0.0017434641904080926	-0.0017434641904080926	0.0017434641904080924	0.0034869283808161857	-0.0017434641904080928	-0.0017434641904080928	0.9982565358095917	0.0017445265000588716	0.0034858657885296416	-0.0017434639077723282	-0.0017434642331030869	-0.0017434641477130993	0.0008113184446179377
-0.0002905257800223901	-0.0005810515600447803	0.0002905257800223901	0.0002905257800223901	0.00029052578002239	-0.0002905257800223901	-0.0005810515600447802	0.00029052578002238997	0.00029052578002239	0.00029052578002238997	0.9909858458711008	0.008140082823063876	0.00029301974579021506	0.0002905163359477049	0.0002905352240970753	-0.009017639274233054
-0.0011459910693106487	-0.0022919821386212973	0.0011459910693106484	0.0011459910693106487	0.0011459910693106482	-0.0011459910693106487	-0.0022919821386212973	0.0011459910693106484	0.0011459910693106484	0.0011459910693106484	0.017250007318988608	0.9793118703120264	0.0011461402303637193	0.0011459723151378007	0.001146009823483497	-0.018134167567831844
0.0005811547298335386	0.001162309459667077	-0.0005811547298335385	-0.0005811547298335386	-0.0005811547298335384	0.0005811547298335385	0.001162309459667077	-0.0005811547298335384	-0.0005811547298335385	-0.0005811547298335384	0.0005864972560665814	0.001161847690614709	0.9994139645129856	-0.0005811547491889813	-0.0005811547104780953	0.00026566748349126143
0.000871732994569462	0.0017434659891389242	-0.0008717329945694618	-0.0008717329945694621	-0.000871732994569462	0.0008717329945694618	0.0017434659891389242	-0.000871732994569462	-0.0008717329945694621	-0.0008717329945694618	0.0008722905391347907	0.0017429082961465034	-0.0008717328461423709	0.9991272414187615	-0.000870707407900433	0.0004046608018520998
0.0017434641902633011	0.003486928380526602	-0.0017434641902633002	-0.001743464190263301	-0.0017434641902633007	0.0017434641902633002	0.0034869283805266005	-0.0017434641902633002	-0.001743464190263301	-0.0017434641902633007	0.0017445792788255286	0.0034858129951103422	-0.0017434638934092697	-0.0017414131064468889	0.9982544847259203	0.000809320747419507
-0.0008714359439748221	-0.0017428718879496444	0.000871435943974822	0.0008714359439748221	0.0008714359439748221	-0.000871435943974822	-0.0017428718879496442	0.0008714359439748221	0.0008714359439748223	0.0008714359439748221	-0.053183465878346554	0.050583479412489585	0.0008571145779073453	0.0008734303845962272	0.0008694415033534171	0.9462976889109634