0.9993482984676862	-0.001303403064627538	0.000651701532313769	0.0006517015323137692	0.0006517015323137692	-0.0006517015323137692	-0.0013034030646275384	0.0006517015323137692	0.0006517015323137692	0.000651701532313769	-0.0006531684563039078	-0.0013019357719499852	0.0006517011636263553	0.0006517016041236417	0.000651701460503896	-0.0002818589079973082
-0.0026068061292550755	0.9947863877414898	0.002606806129255076	0.0026068061292550764	0.002606806129255076	-0.002606806129255076	-0.005213612258510152	0.002606806129255076	0.002606806129255076	0.002606806129255075	-0.002612673825215631	-0.005207743087799937	0.0026068046545054194	0.002606806416494567	0.002606805842015582	-0.0011274356319892337
0.0013034030646275378	0.002606806129255075	0.9986965969353727	-0.001303403064627538	-0.0013034030646275378	0.0013034030646275378	0.0026068061292550755	-0.001303403064627538	-0.0013034030646275382	-0.0013034030646275378	0.0013063369126078148	0.00260387154389997	-0.0013034023272527103	-0.001303403208247284	-0.0013034029210077912	0.0005637178159946167
0.0019551045969413068	0.0039102091938826135	-0.0019551045969413068	0.9980448954030592	-0.0019551045969413063	0.0019551045969413063	0.003910209193882612	-0.001955104596941306	-0.0019551045969413063	-0.001955104596941306	0.0019595053689117226	0.003905807315849955	-0.0019551034908790645	-0.0019551048123709258	-0.0019551043815116873	0.000845576723991925
0.003910209193882613	0.007820418387765225	-0.0039102091938826135	-0.0039102091938826135	0.9960897908061177	0.0039102091938826135	0.007820418387765225	-0.003910209193882613	-0.0039102091938826135	-0.003910209193882613	0.003919010737823446	0.007811614631699913	-0.003910206981758129	-0.0039102096247418516	-0.003910208763023375	0.00169115344798385
-0.000651701532313769	-0.001303403064627538	0.000651701532313769	0.000651701532313769	0.000651701532313769	0.9993482984676864	-0.001303403064627538	0.000651701532313769	0.0006517015323137689	0.0006517015323137688	-0.0006531684563039074	-0.0013019357719499848	0.000651701163626355	0.0006517016041236418	0.000651701460503896	-0.0002818589079973083
-0.0026068061292550755	-0.00521361225851015	0.0026068061292550755	0.0026068061292550755	0.002606806129255075	-0.0026068061292550755	0.9947863877414898	0.002606806129255075	0.0026068061292550755	0.0026068061292550747	-0.00261267382521563	-0.00520774308779994	0.0026068046545054194	0.0026068064164945673	0.0026068058420155825	-0.0011274356319892333
0.0013034030646275375	0.0026068061292550747	-0.0013034030646275375	-0.0013034030646275375	-0.0013034030646275373	0.0013034030646275375	0.002606806129255075	0.9986965969353726	-0.0013034030646275375	-0.0013034030646275373	0.001306336912607815	0.00260387154389997	-0.00130340232725271	-0.0013034032082472836	-0.0013034029210077912	0.0005637178159946165
0.0019551045969413063	0.003910209193882613	-0.0019551045969413063	-0.0019551045969413068	-0.0019551045969413068	0.0019551045969413068	0.0039102091938826135	-0.0019551045969413068	0.9980448954030589	-0.0019551045969413063	0.001959505368911723	0.0039058073158499554	-0.001955103490879065	-0.0019551048123709258	-0.0019551043815116877	0.0008455767239919252
0.003910209193882612	0.007820418387765224	-0.003910209193882612	-0.003910209193882613	-0.003910209193882613	0.003910209193882613	0.007820418387765225	-0.003910209193882613	-0.0039102091938826135	0.9960897908061174	0.003919010737823446	0.0078116146316999134	-0.00391020698175813	-0.0039102096247418516	-0.0039102087630233755	0.0016911534479838507
-0.0006512214583641547	-0.0013024429167283094	0.0006512214583641547	0.0006512214583641548	0.0006512214583641546	-0.0006512214583641548	-0.0013024429167283096	0.0006512214583641547	0.0006512214583641548	0.0006512214583641547	0.9822734099052824	0.015767893559639177	0.000656253618350468	0.000651177800677113	0.0006512651160511962	-0.01797784084237687
-0.0025298172636488373	-0.0050596345272976755	0.0025298172636488377	0.002529817263648838	0.0025298172636488373	-0.0025298172636488373	-0.0050596345272976755	0.002529817263648838	0.0025298172636488386	0.002529817263648838	0.03533913608238064	0.957070852338776	0.0025303770515458174	0.0025297311823384966	0.00252990334495918	-0.03585299413753898
0.001303403059047678	0.002606806118095356	-0.0013034030590476783	-0.0013034030590476783	-0.0013034030590476778	0.0013034030590476783	0.0026068061180953566	-0.0013034030590476783	-0.0013034030590476787	-0.0013034030590476785	0.0013164064495885198	0.0026034630268222756	0.9986869366416844	-0.0013034032259128677	-0.0013034028921824897	0.0005544743597151416
0.0019551091530595394	0.003910218306119079	-0.0019551091530595394	-0.00195510915305954	-0.00195510915305954	0.00195510915305954	0.00391021830611908	-0.00195510915305954	-0.0019551091530595403	-0.0019551091530595403	0.00195962393193722	0.0039057023912939396	-0.0019551080171120797	0.9980425910736141	-0.001952809379732914	0.000843395873590029
0.003910209190948563	0.007820418381897126	-0.003910209190948563	-0.003910209190948564	-0.003910209190948563	0.003910209190948564	0.007820418381897126	-0.003910209190948563	-0.003910209190948564	-0.003910209190948564	0.003919238738767599	0.007811386562185627	-0.003910206919056097	-0.003905610526404152	0.9960851921445072	0.001686787601280098
-0.0019522864070068006	-0.0039045728140136003	0.0019522864070068006	0.001952286407006801	0.001952286407006801	-0.001952286407006801	-0.003904572814013601	0.0019522864070068006	0.001952286407006801	0.0019522864070068014	-0.10434239275166785	0.09851330638042471	0.0019245135572295324	0.0019566233399907853	0.001947949474022817	0.8929736364263475