0.9995830499152849	-0.0008339001694306728	0.00041695008471533644	0.0004169500847153364	0.0004169500847153364	-0.00041695008471533644	-0.0008339001694306729	0.00041695008471533655	0.00041695008471533644	0.0004169500847153364	-0.0004174187408238642	-0.0008334313908941031	0.00041694996228729467	0.0004169501048871914	0.00041695006454348153	-0.00018881095733440105
-0.0016678003388613458	0.9966643993222772	0.001667800338861346	0.001667800338861346	0.0016678003388613458	-0.001667800338861346	-0.003335600677722692	0.0016678003388613462	0.0016678003388613458	0.0016678003388613455	-0.0016696749632954574	-0.003333725563576413	0.0016677998491491776	0.0016678004195487658	0.0016678002581739257	-0.0007552438293376041
0.0008339001694306733	0.0016678003388613466	0.9991660998305695	-0.0008339001694306731	-0.0008339001694306731	0.0008339001694306731	0.0016678003388613462	-0.0008339001694306732	-0.0008339001694306731	-0.000833900169430673	0.0008348374816477288	0.001666862781788206	-0.0008338999245745888	-0.0008339002097743829	-0.0008339001290869631	0.0003776219146688021
0.0012508502541460098	0.0025017005082920195	-0.0012508502541460098	0.9987491497458542	-0.0012508502541460098	0.0012508502541460098	0.0025017005082920186	-0.0012508502541460098	-0.0012508502541460098	-0.0012508502541460093	0.0012522562224715923	0.0025002941726823104	-0.0012508498868618841	-0.0012508503146615745	-0.0012508501936304443	0.000566432872003203
0.0025017005082920204	0.005003401016584041	-0.0025017005082920204	-0.0025017005082920204	0.997498299491708	0.00250170050829202	0.00500340101658404	-0.0025017005082920204	-0.0025017005082920204	-0.0025017005082920195	0.0025045124449431847	0.005000588345364622	-0.0025016997737237687	-0.00250170062932315	-0.002501700387260889	0.0011328657440064064
-0.00041695008471533644	-0.0008339001694306729	0.0004169500847153365	0.00041695008471533644	0.00041695008471533644	0.9995830499152848	-0.000833900169430673	0.00041695008471533655	0.00041695008471533644	0.0004169500847153364	-0.00041741874082386424	-0.0008334313908941034	0.0004169499622872945	0.0004169501048871914	0.00041695006454348153	-0.00018881095733440107
-0.001667800338861346	-0.003335600677722692	0.0016678003388613462	0.001667800338861346	0.001667800338861346	-0.0016678003388613458	0.9966643993222771	0.0016678003388613462	0.001667800338861346	0.0016678003388613458	-0.0016696749632954574	-0.003333725563576413	0.001667799849149178	0.0016678004195487656	0.0016678002581739263	-0.0007552438293376041
0.0008339001694306733	0.0016678003388613466	-0.0008339001694306734	-0.0008339001694306733	-0.0008339001694306733	0.0008339001694306732	0.0016678003388613466	0.9991660998305696	-0.0008339001694306732	-0.0008339001694306731	0.0008348374816477289	0.0016668627817882067	-0.0008338999245745892	-0.0008339002097743829	-0.0008339001290869633	0.00037762191466880226
0.00125085025414601	0.00250170050829202	-0.00125085025414601	-0.00125085025414601	-0.00125085025414601	0.00125085025414601	0.0025017005082920204	-0.0012508502541460102	0.998749149745854	-0.0012508502541460098	0.0012522562224715923	0.0025002941726823104	-0.0012508498868618841	-0.0012508503146615745	-0.0012508501936304443	0.0005664328720032031
0.00250170050829202	0.00500340101658404	-0.00250170050829202	-0.00250170050829202	-0.00250170050829202	0.00250170050829202	0.005003401016584041	-0.0025017005082920204	-0.00250170050829202	0.9974982994917078	0.002504512444943185	0.005000588345364621	-0.002501699773723768	-0.0025017006293231486	-0.0025017003872608887	0.0011328657440064056
-0.0004168085873126107	-0.0008336171746252215	0.0004168085873126108	0.0004168085873126108	0.00041680858731261083	-0.0004168085873126108	-0.0008336171746252217	0.00041680858731261094	0.0004168085873126109	0.00041680858731261083	0.9876859484830616	0.011060182916049021	0.0004202514262641771	0.0004167897367580904	0.00041682743786713126	-0.0123846280697134
-0.0016349940556822323	-0.0032699881113644647	0.0016349940556822326	0.0016349940556822323	0.0016349940556822326	-0.0016349940556822323	-0.003269988111364465	0.001634994055682233	0.0016349940556822326	0.0016349940556822323	0.023946021054344322	0.9711487200905572	0.001635270743734024	0.0016349567211301143	0.0016350313902343519	-0.024825942655515194
0.0008339001682803588	0.0016678003365607175	-0.0008339001682803589	-0.0008339001682803589	-0.0008339001682803589	0.0008339001682803588	0.0016678003365607178	-0.0008339001682803589	-0.0008339001682803589	-0.0008339001682803588	0.0008417245631715575	0.0016666624468720827	0.999159413326517	-0.0008339002187799718	-0.0008339001177807455	0.00037113873959519696
0.001250852110505091	0.002501704221010182	-0.0012508521105050912	-0.0012508521105050905	-0.001250852110505091	0.0012508521105050905	0.002501704221010181	-0.0012508521105050912	-0.001250852110505091	-0.001250852110505091	0.0012523094073608936	0.0025002465431804535	-0.0012508517295311663	0.9987476763660464	-0.0012493805870565815	0.0005650144592794846
0.0025017005077253465	0.005003401015450693	-0.0025017005077253465	-0.002501700507725347	-0.002501700507725347	0.002501700507725347	0.005003401015450695	-0.0025017005077253474	-0.002501700507725347	-0.002501700507725347	0.002504615099335271	0.0050004856618934635	-0.0025016997457780418	-0.002498757711337404	0.9974953566958865	0.0011300271811164207
-0.0012500280016095107	-0.0025000560032190215	0.0012500280016095107	0.0012500280016095105	0.0012500280016095107	-0.0012500280016095107	-0.0025000560032190215	0.001250028001609511	0.001250028001609511	0.001250028001609511	-0.07259209649042493	0.06886147593927973	0.0012305645479261788	0.0012528577549266204	0.0012471982482924005	0.9262555691183554