0.9988911883854119	-0.0022176232291766314	0.001108811614588316	0.0011088116145883157	0.0011088116145883157	-0.0011088116145883157	-0.0022176232291766314	0.0011088116145883157	0.0011088116145883155	0.0011088116145883157	-0.001113776103798547	-0.002212657614856976	0.0011088104894788901	0.0011088119294514055	0.0011088112997252255	-0.00044378329669910756
-0.004435246458353261	0.9911295070832934	0.004435246458353262	0.004435246458353262	0.004435246458353263	-0.004435246458353262	-0.008870492916706522	0.004435246458353261	0.00443524645835326	0.004435246458353261	-0.004455104415194187	-0.0088506304594279	0.004435241957915561	0.004435247717805622	0.004435245198900901	-0.0017751331867964302
0.002217623229176631	0.004435246458353262	0.9977823767708233	-0.002217623229176631	-0.0022176232291766314	0.0022176232291766305	0.004435246458353261	-0.0022176232291766305	-0.0022176232291766305	-0.002217623229176631	0.0022275522075970934	0.004425315229713952	-0.0022176209789577803	-0.0022176238589028115	-0.00221762259945045	0.0008875665933982151
0.0033264348437649477	0.006652869687529895	-0.0033264348437649477	0.9966735651562354	-0.0033264348437649486	0.0033264348437649473	0.0066528696875298955	-0.0033264348437649464	-0.003326434843764947	-0.0033264348437649473	0.0033413283113956386	0.006637972844570927	-0.0033264314684366726	-0.003326435788354217	-0.003326433899175675	0.0013313498900973221
0.006652869687529896	0.013305739375059793	-0.006652869687529896	-0.006652869687529896	0.9933471303124706	0.006652869687529896	0.013305739375059793	-0.006652869687529895	-0.0066528696875298955	-0.0066528696875298955	0.006682656622791277	0.013275945689141854	-0.006652862936873344	-0.006652871576708435	-0.006652867798351349	0.0026626997801946456
-0.0011088116145883157	-0.0022176232291766314	0.0011088116145883155	0.0011088116145883155	0.001108811614588316	0.9988911883854119	-0.002217623229176632	0.0011088116145883157	0.0011088116145883157	0.0011088116145883161	-0.0011137761037985465	-0.002212657614856976	0.0011088104894788904	0.001108811929451406	0.0011088112997252252	-0.00044378329669910756
-0.004435246458353262	-0.008870492916706524	0.004435246458353261	0.004435246458353261	0.004435246458353263	-0.004435246458353263	0.9911295070832935	0.004435246458353261	0.00443524645835326	0.004435246458353261	-0.004455104415194184	-0.0088506304594279	0.00443524195791556	0.004435247717805621	0.0044352451989008975	-0.0017751331867964298
0.0022176232291766305	0.004435246458353261	-0.0022176232291766305	-0.0022176232291766305	-0.002217623229176631	0.002217623229176631	0.004435246458353261	0.9977823767708233	-0.0022176232291766305	-0.002217623229176631	0.002227552207597092	0.004425315229713952	-0.0022176209789577803	-0.0022176238589028123	-0.0022176225994504496	0.0008875665933982151
0.003326434843764948	0.006652869687529896	-0.003326434843764948	-0.003326434843764948	-0.0033264348437649486	0.003326434843764949	0.0066528696875298955	-0.003326434843764948	0.9966735651562351	-0.003326434843764948	0.003341328311395638	0.006637972844570927	-0.003326431468436672	-0.0033264357883542187	-0.0033264338991756746	0.0013313498900973228
0.0066528696875298955	0.013305739375059791	-0.0066528696875298955	-0.0066528696875298955	-0.0066528696875298955	0.006652869687529896	0.01330573937505979	-0.0066528696875298955	-0.0066528696875298955	0.9933471303124703	0.0066826566227912755	0.013275945689141855	-0.006652862936873344	-0.0066528715767084365	-0.00665286779835135	0.0026626997801946456
-0.00110686357077315	-0.0022137271415462994	0.0011068635707731497	0.00110686357077315	0.0011068635707731501	-0.00110686357077315	-0.002213727141546299	0.0011068635707731497	0.0011068635707731493	0.00110686357077315	0.9735900128362551	0.023081787176217616	0.0011144728459807787	0.0011067481820189165	0.0011069789595273818	-0.027086429400934614
-0.0042265201423301955	-0.00845304028466039	0.004226520142330194	0.004226520142330194	0.0042265201423301955	-0.004226520142330195	-0.008453040284660387	0.004226520142330195	0.004226520142330193	0.0042265201423301955	0.05441397378230138	0.9329053321330744	0.0042276537999637155	0.0042262942572549415	0.004226746027405445	-0.053611514162305876
0.0022176231986544824	0.004435246397308964	-0.002217623198654482	-0.0022176231986544815	-0.002217623198654483	0.002217623198654482	0.004435246397308963	-0.002217623198654482	-0.002217623198654481	-0.0022176231986544824	0.0022427983887050185	0.004424470536601168	0.997767977472003	-0.002217623888646576	-0.002217622508662386	0.0008740303482525374
0.003326448152127784	0.006652896304255568	-0.0033264481521277835	-0.003326448152127784	-0.003326448152127784	0.003326448152127784	0.006652896304255566	-0.003326448152127783	-0.003326448152127783	-0.0033264481521277835	0.00334162472069	0.00663771628836518	-0.0033264447047996115	0.9966696397475271	-0.003322536051783053	0.001327736272970744
0.006652869668447138	0.013305739336894277	-0.006652869668447138	-0.006652869668447138	-0.006652869668447139	0.006652869668447139	0.013305739336894273	-0.006652869668447138	-0.006652869668447138	-0.006652869668447138	0.006683222751574806	0.01327537935912197	-0.006652862773802504	-0.006645049303974163	0.9933393099670795	0.002655460976312509
-0.003314913332596	-0.0066298266651920006	0.003314913332596	0.003314913332596	0.0033149133325960003	-0.0033149133325960007	-0.006629826665191998	0.003314913332596	0.003314913332595999	0.0033149133325960003	-0.15503279817529225	0.14512880992913524	0.0032741615809650597	0.003322042305796678	0.00330778435939532	0.8388044232558245