0.9987574171704399	-0.0024851656591200768	0.0012425828295600384	0.0012425828295600382	0.0012425828295600386	-0.0012425828295600382	-0.0024851656591200763	0.0012425828295600382	0.001242582829560038	0.0012425828295600382	-0.001248852379300681	-0.0024788947458115273	0.0012425814659921335	0.0012425832596742715	0.0012425823994458044	-0.00048713316807956887
-0.004970331318240151	0.9900593373635198	0.004970331318240152	0.004970331318240151	0.004970331318240152	-0.004970331318240151	-0.009940662636480302	0.004970331318240151	0.004970331318240151	0.00497033131824015	-0.0049954095172027235	-0.00991557898324611	0.004970325863968534	0.004970333038697084	0.004970329597783215	-0.0019485326723182757
0.002485165659120077	0.004970331318240154	0.9975148343408802	-0.0024851656591200768	-0.0024851656591200776	0.002485165659120077	0.004970331318240153	-0.0024851656591200768	-0.0024851656591200768	-0.0024851656591200768	0.002497704758601363	0.004957789491623055	-0.0024851629319842675	-0.002485166519348543	-0.002485164798891609	0.000974266336159138
0.003727748488680115	0.00745549697736023	-0.003727748488680115	0.9962722515113199	-0.0037277484886801136	0.003727748488680114	0.007455496977360231	-0.003727748488680114	-0.0037277484886801145	-0.003727748488680113	0.0037465571379020424	0.0074366842374345874	-0.003727744397976403	-0.003727749779022814	-0.0037277471983374133	0.0014613995042387063
0.007455496977360228	0.014910993954720456	-0.007455496977360228	-0.007455496977360228	0.9925445030226396	0.007455496977360227	0.01491099395472046	-0.007455496977360228	-0.007455496977360228	-0.007455496977360226	0.007493114275804087	0.014873368474869171	-0.007455488795952804	-0.007455499558045627	-0.007455494396674828	0.0029227990084774134
-0.0012425828295600377	-0.0024851656591200755	0.001242582829560038	0.001242582829560038	0.0012425828295600377	0.9987574171704401	-0.002485165659120076	0.0012425828295600382	0.001242582829560038	0.001242582829560038	-0.001248852379300681	-0.0024788947458115277	0.0012425814659921335	0.0012425832596742715	0.0012425823994458042	-0.000487133168079569
-0.004970331318240153	-0.009940662636480305	0.0049703313182401536	0.0049703313182401536	0.004970331318240153	-0.004970331318240151	0.9900593373635199	0.004970331318240153	0.004970331318240153	0.004970331318240152	-0.004995409517202726	-0.009915578983246113	0.004970325863968536	0.004970333038697085	0.004970329597783217	-0.001948532672318276
0.0024851656591200768	0.0049703313182401536	-0.002485165659120077	-0.002485165659120077	-0.0024851656591200768	0.002485165659120076	0.004970331318240154	0.9975148343408801	-0.0024851656591200768	-0.0024851656591200768	0.002497704758601363	0.004957789491623057	-0.002485162931984268	-0.002485166519348543	-0.0024851647988916085	0.0009742663361591381
0.003727748488680114	0.007455496977360228	-0.003727748488680114	-0.003727748488680114	-0.003727748488680114	0.0037277484886801128	0.007455496977360228	-0.003727748488680114	0.9962722515113202	-0.003727748488680113	0.0037465571379020433	0.007436684237434585	-0.0037277443979764026	-0.0037277497790228135	-0.0037277471983374133	0.0014613995042387063
0.007455496977360227	0.014910993954720455	-0.007455496977360227	-0.007455496977360227	-0.007455496977360226	0.007455496977360225	0.014910993954720455	-0.007455496977360227	-0.007455496977360226	0.9925445030226395	0.007493114275804087	0.01487336847486917	-0.007455488795952806	-0.00745549955804563	-0.007455494396674827	0.0029227990084774134
-0.0012399754094133538	-0.0024799508188267086	0.0012399754094133545	0.0012399754094133543	0.0012399754094133538	-0.0012399754094133534	-0.0024799508188267086	0.0012399754094133545	0.0012399754094133538	0.0012399754094133536	0.9713696622618024	0.024902154731406823	0.001248232187963725	0.001239833924902549	0.0012401168939241592	-0.029428026472503123
-0.004712497559977641	-0.009424995119955282	0.004712497559977642	0.004712497559977641	0.004712497559977641	-0.004712497559977638	-0.009424995119955284	0.004712497559977641	0.004712497559977639	0.004712497559977639	0.059370067877255385	0.9264911564411958	0.004713780561593538	0.004712221082491479	0.004712774037463801	-0.058147824516306984
0.002485165616993065	0.00497033123398613	-0.0024851656169930657	-0.0024851656169930653	-0.002485165616993065	0.002485165616993064	0.00497033123398613	-0.002485165616993065	-0.0024851656169930644	-0.0024851656169930644	0.002514258615265493	0.0049568254825499815	0.9974992471361703	-0.0024851665507576535	-0.002485164683228476	0.0009596615833523297
0.0037277652462550472	0.0074555304925100945	-0.0037277652462550477	-0.0037277652462550477	-0.0037277652462550472	0.0037277652462550472	0.007455530492510095	-0.003727765246255048	-0.0037277652462550472	-0.0037277652462550477	0.0037469160944291727	0.007436375467312472	-0.0037277610692315498	0.9962678509318045	-0.003723381424314238	0.001457377188042798
0.007455496949259286	0.01491099389851857	-0.0074554969492592865	-0.007455496949259285	-0.007455496949259285	0.007455496949259282	0.014910993898518573	-0.0074554969492592865	-0.007455496949259284	-0.007455496949259284	0.0074937985705899966	0.014872683923156245	-0.00745548859522767	-0.007446734539033089	0.9925357406405144	0.002914739979646738
-0.003712309343873656	-0.007424618687747312	0.003712309343873657	0.003712309343873657	0.003712309343873656	-0.003712309343873655	-0.007424618687747314	0.003712309343873657	0.003712309343873655	0.003712309343873655	-0.16794260591625948	0.15684967439328368	0.0036683128352284528	0.003720224133005119	0.0037043945547421933	0.8248839101386991