0.9995451338406712	-0.0009097323186576666	0.0004548661593288332	0.0004548661593288334	0.00045486615932883317	-0.0004548661593288333	-0.0009097323186576669	0.0004548661593288333	0.00045486615932883344	0.0004548661593288334	-0.0004554551733722435	-0.0009091431516329244	0.00045486600634750125	0.000454866185209946	0.000454866133447721	-0.00020438003506267715
-0.0018194646373153327	0.9963610707253694	0.0018194646373153325	0.0018194646373153333	0.0018194646373153325	-0.0018194646373153331	-0.003638929274630667	0.001819464637315333	0.0018194646373153338	0.0018194646373153333	-0.0018218206934889727	-0.003636572606531697	0.0018194640253900054	0.001819464740839783	0.001819464533790883	-0.0008175201402507079
0.0009097323186576665	0.0018194646373153331	0.9990902676813422	-0.0009097323186576665	-0.0009097323186576661	0.0009097323186576665	0.0018194646373153331	-0.0009097323186576665	-0.0009097323186576669	-0.0009097323186576667	0.0009109103467444865	0.001818286303265848	-0.0009097320126950027	-0.0009097323704198916	-0.0009097322668954417	0.0004087600701253542
0.0013645984779864996	0.002729196955972999	-0.0013645984779864994	0.998635401522014	-0.0013645984779864996	0.0013645984779864998	0.0027291969559729997	-0.0013645984779864994	-0.0013645984779865	-0.0013645984779864996	0.0013663655201167297	0.0027274294548987736	-0.0013645980190425038	-0.0013645985556298373	-0.0013645984003431626	0.0006131401051880313
0.0027291969559729984	0.005458393911945996	-0.002729196955972998	-0.0027291969559729984	0.9972708030440268	0.0027291969559729997	0.005458393911945999	-0.002729196955972999	-0.002729196955973	-0.0027291969559729997	0.0027327310402334598	0.005454858909797548	-0.002729196038085008	-0.0027291971112596734	-0.0027291968006863255	0.0012262802103760622
-0.0004548661593288331	-0.0009097323186576663	0.0004548661593288331	0.0004548661593288332	0.0004548661593288331	0.9995451338406715	-0.0009097323186576666	0.0004548661593288331	0.00045486615932883334	0.00045486615932883317	-0.0004554551733722432	-0.0009091431516329243	0.0004548660063475013	0.00045486618520994575	0.00045486613344772076	-0.00020438003506267706
-0.0018194646373153325	-0.0036389292746306654	0.0018194646373153325	0.001819464637315333	0.0018194646373153325	-0.001819464637315333	0.9963610707253695	0.001819464637315333	0.0018194646373153338	0.0018194646373153331	-0.0018218206934889727	-0.003636572606531698	0.001819464025390005	0.0018194647408397828	0.001819464533790883	-0.0008175201402507084
0.0009097323186576662	0.0018194646373153327	-0.0009097323186576662	-0.0009097323186576666	-0.0009097323186576662	0.0009097323186576666	0.0018194646373153331	0.9990902676813422	-0.0009097323186576668	-0.0009097323186576666	0.0009109103467444864	0.001818286303265849	-0.0009097320126950026	-0.0009097323704198916	-0.0009097322668954416	0.0004087600701253542
0.0013645984779864992	0.002729196955972998	-0.001364598477986499	-0.0013645984779864992	-0.0013645984779864992	0.0013645984779864994	0.002729196955972999	-0.0013645984779864994	0.998635401522014	-0.0013645984779864998	0.00136636552011673	0.0027274294548987736	-0.001364598019042504	-0.0013645985556298373	-0.0013645984003431626	0.000613140105188031
0.0027291969559729997	0.0054583939119459985	-0.0027291969559729993	-0.0027291969559729997	-0.0027291969559729997	0.002729196955973	0.005458393911946	-0.002729196955973	-0.0027291969559730006	0.997270803044027	0.0027327310402334606	0.005454858909797547	-0.0027291960380850084	-0.0027291971112596743	-0.002729196800686326	0.0012262802103760624
-0.00045468615639048	-0.00090937231278096	0.00045468615639047993	0.00045468615639048015	0.00045468615639047993	-0.00045468615639048	-0.00090937231278096	0.0004546861563904801	0.00045468615639048025	0.00045468615639048015	0.9867535708919105	0.011878656629015091	0.00045840016629367043	0.0004546639221744031	0.0004547083906065574	-0.013342113323513396
-0.001780686668393809	-0.003561373336787618	0.0017806866683938087	0.0017806866683938093	0.001780686668393809	-0.0017806866683938091	-0.003561373336787618	0.0017806866683938091	0.0017806866683938093	0.0017806866683938091	0.025873639832034886	0.9687839808726905	0.0017810059584871304	0.0017806426657921105	0.0017807306709955093	-0.026721326104697945
0.0009097323170813043	0.0018194646341626087	-0.0009097323170813043	-0.0009097323170813046	-0.0009097323170813044	0.0009097323170813046	0.001819464634162609	-0.0009097323170813046	-0.0009097323170813047	-0.0009097323170813047	0.000918340174060753	0.0018180548426920268	0.9990830696174099	-0.0009097323807984243	-0.0009097322533641855	0.0004017971685588356
0.0013646006889673195	0.0027292013779346386	-0.001364600688967319	-0.0013646006889673193	-0.0013646006889673193	0.0013646006889673193	0.0027292013779346386	-0.0013646006889673193	-0.0013646006889673197	-0.0013646006889673197	0.0013664278338666922	0.002727373758107706	-0.001364600214039759	0.998633794001217	-0.001362995379151134	0.0006115970741097425
0.0027291969551890027	0.0054583939103780045	-0.0027291969551890023	-0.0027291969551890027	-0.0027291969551890027	0.0027291969551890023	0.005458393910378005	-0.0027291969551890027	-0.0027291969551890027	-0.0027291969551890023	0.0027328512421244	0.00545473867358822	-0.002729196005334616	-0.0027259866561625	0.9972675927457845	0.0012231920888644621
-0.001363550016458358	-0.002727100032916716	0.0013635500164583584	0.0013635500164583584	0.0013635500164583582	-0.0013635500164583582	-0.0027271000329167163	0.0013635500164583582	0.0013635500164583588	0.0013635500164583586	-0.07806920758583616	0.07399946365401773	0.0013426438989017386	0.0013666269875022858	0.0013604730454144316	0.9205570748130801