0.9977563404902847	-0.004487319019431575	0.002243659509715788	0.0022436595097157872	0.0022436595097157872	-0.0022436595097157877	-0.004487319019431574	0.0022436595097157885	0.0022436595097157885	0.002243659509715788	-0.0022599699360940743	-0.0044710069899614666	0.002243657906623962	0.002243661629703353	0.0022436573897282232	-0.0007620092889052617
-0.00897463803886315	0.9820507239222742	0.008974638038863149	0.008974638038863147	0.008974638038863147	-0.008974638038863149	-0.017949276077726294	0.008974638038863152	0.008974638038863152	0.008974638038863152	-0.009039879744376296	-0.017884027959845866	0.008974631626495854	0.008974646518813412	0.008974629558912895	-0.0030480371556210477
0.004487319019431576	0.008974638038863149	0.9955126809805691	-0.004487319019431576	-0.004487319019431575	0.004487319019431577	0.00897463803886315	-0.004487319019431578	-0.004487319019431578	-0.004487319019431577	0.00451993987218815	0.008942013979922931	-0.004487315813247926	-0.004487323259406707	-0.004487314779456446	0.0015240185778105239
0.006730978529147364	0.013461957058294727	-0.006730978529147364	0.9932690214708526	-0.0067309785291473625	0.006730978529147363	0.01346195705829472	-0.006730978529147366	-0.0067309785291473625	-0.006730978529147365	0.006779909808282221	0.013413020969884396	-0.0067309737198718925	-0.0067309848891100605	-0.0067309721691846645	0.0022860278667157855
0.013461957058294723	0.026923914116589447	-0.013461957058294725	-0.013461957058294725	0.9865380429417048	0.013461957058294722	0.02692391411658943	-0.013461957058294729	-0.013461957058294722	-0.013461957058294729	0.013559819616564436	0.026826041939768782	-0.013461947439743783	-0.013461969778220114	-0.013461944338369326	0.004572055733431569
-0.0022436595097157894	-0.004487319019431576	0.0022436595097157885	0.002243659509715789	0.0022436595097157885	0.9977563404902842	-0.004487319019431573	0.002243659509715788	0.002243659509715788	0.0022436595097157877	-0.0022599699360940756	-0.004471006989961465	0.002243657906623964	0.002243661629703354	0.002243657389728223	-0.0007620092889052618
-0.008974638038863149	-0.01794927607772629	0.008974638038863147	0.008974638038863149	0.008974638038863145	-0.008974638038863147	0.9820507239222734	0.00897463803886315	0.008974638038863149	0.00897463803886315	-0.009039879744376299	-0.017884027959845863	0.008974631626495854	0.008974646518813413	0.008974629558912888	-0.003048037155621047
0.004487319019431577	0.00897463803886315	-0.004487319019431576	-0.004487319019431577	-0.004487319019431576	0.004487319019431576	0.00897463803886315	0.9955126809805691	-0.004487319019431578	-0.004487319019431577	0.00451993987218815	0.008942013979922931	-0.0044873158132479295	-0.0044873232594067084	-0.0044873147794564465	0.0015240185778105239
0.0067309785291473625	0.013461957058294725	-0.0067309785291473625	-0.0067309785291473625	-0.0067309785291473625	0.006730978529147362	0.01346195705829472	-0.006730978529147364	0.9932690214708529	-0.006730978529147365	0.006779909808282221	0.013413020969884394	-0.006730973719871893	-0.006730984889110059	-0.0067309721691846645	0.0022860278667157855
0.013461957058294729	0.02692391411658946	-0.01346195705829473	-0.01346195705829473	-0.01346195705829473	0.013461957058294729	0.026923914116589447	-0.013461957058294732	-0.013461957058294729	0.9865380429417057	0.013559819616564443	0.026826041939768796	-0.01346194743974379	-0.013461969778220121	-0.01346194433836933	0.004572055733431572
-0.0022323040339039145	-0.004464608067807827	0.0022323040339039145	0.002232304033903915	0.0022323040339039145	-0.002232304033903915	-0.004464608067807828	0.002232304033903915	0.0022323040339039153	0.0022323040339039153	0.9572114715114974	0.0360796743999593	0.0022442460207353493	0.0022319069962496115	0.0022327010715582182	-0.04421449312835619
-0.008209825131892258	-0.01641965026378451	0.008209825131892258	0.008209825131892258	0.008209825131892258	-0.008209825131892258	-0.016419650263784513	0.008209825131892258	0.008209825131892258	0.008209825131892258	0.0902997131981508	0.8850689733640611	0.008211663174003644	0.008209056832066896	0.008210593431717613	-0.08670751363027018
0.004487318898837072	0.008974637797674141	-0.004487318898837072	-0.004487318898837073	-0.004487318898837073	0.004487318898837073	0.008974637797674143	-0.004487318898837072	-0.004487318898837073	-0.004487318898837074	0.0045441300526577605	0.008940438371686578	0.9954900693733301	-0.004487323339443319	-0.004487314458230827	0.001502868292517038
0.006731034274965364	0.013462068549930725	-0.006731034274965364	-0.006731034274965362	-0.006731034274965363	0.006731034274965363	0.013462068549930721	-0.006731034274965366	-0.006731034274965364	-0.006731034274965364	0.006780865427455681	0.013412232373044574	-0.006731029250569532	0.9932610542636805	-0.006723122813611148	0.002279068668479104
0.013461956864640483	0.026923913729280966	-0.013461956864640485	-0.013461956864640481	-0.013461956864640483	0.013461956864640483	0.02692391372928096	-0.013461956864640488	-0.013461956864640487	-0.013461956864640488	0.013561618886813644	0.026824241658321316	-0.013461946815853993	-0.013446159609695378	0.9865222458804145	0.0045580931046347445
-0.006663445293259684	-0.013326890586519367	0.006663445293259686	0.006663445293259684	0.006663445293259686	-0.006663445293259684	-0.013326890586519365	0.00666344529325969	0.006663445293259687	0.006663445293259689	-0.24981625807342897	0.229889956259442	0.006599411227467516	0.006676866667124026	0.006650023919395346	0.7369830956557322