0.9986471187626819	-0.0027057624746374795	0.00135288123731874	0.0013528812373187404	0.00135288123731874	-0.0013528812373187402	-0.002705762474637479	0.0013528812373187395	0.0013528812373187404	0.0013528812373187398	-0.0013602828692610522	-0.002698359294930816	0.0013528796895543886	0.0013528817796427757	0.0013528806949947042	-0.000521635936351156
-0.005411524949274958	0.9891769501014502	0.005411524949274958	0.005411524949274959	0.005411524949274957	-0.005411524949274959	-0.010823049898549911	0.005411524949274955	0.005411524949274957	0.005411524949274956	-0.005441131477044207	-0.010793437179723262	0.0054115187582175536	0.005411527118571103	0.005411522779978813	-0.0020865437454046245
0.0027057624746374795	0.005411524949274959	0.9972942375253626	-0.00270576247463748	-0.0027057624746374795	0.00270576247463748	0.005411524949274957	-0.0027057624746374786	-0.0027057624746374795	-0.002705762474637479	0.0027205657385221036	0.005396718589861632	-0.002705759379108778	-0.002705763559285552	-0.0027057613899894068	0.001043271872702312
0.00405864371195622	0.008117287423912439	-0.00405864371195622	0.9959413562880444	-0.004058643711956219	0.00405864371195622	0.008117287423912439	-0.004058643711956218	-0.0040586437119562195	-0.0040586437119562195	0.004080848607783155	0.008095077884792445	-0.004058639068663165	-0.004058645338928325	-0.00405864208498411	0.0015649078090534685
0.00811728742391244	0.016234574847824878	-0.00811728742391244	-0.008117287423912442	0.9918827125760876	0.008117287423912442	0.01623457484782488	-0.008117287423912437	-0.008117287423912439	-0.008117287423912439	0.008161697215566309	0.016190155769584887	-0.00811727813732633	-0.008117290677856652	-0.008117284169968224	0.0031298156181069365
-0.00135288123731874	-0.00270576247463748	0.00135288123731874	0.00135288123731874	0.00135288123731874	0.9986471187626816	-0.0027057624746374795	0.0013528812373187395	0.0013528812373187398	0.0013528812373187398	-0.0013602828692610518	-0.0026983592949308163	0.0013528796895543895	0.0013528817796427755	0.0013528806949947034	-0.0005216359363511561
-0.005411524949274956	-0.010823049898549913	0.005411524949274956	0.005411524949274957	0.005411524949274957	-0.005411524949274957	0.98917695010145	0.005411524949274955	0.005411524949274957	0.0054115249492749555	-0.005441131477044206	-0.010793437179723262	0.005411518758217554	0.0054115271185711	0.005411522779978809	-0.0020865437454046227
0.0027057624746374786	0.005411524949274957	-0.0027057624746374786	-0.002705762474637479	-0.002705762474637479	0.002705762474637479	0.005411524949274957	0.997294237525362	-0.0027057624746374786	-0.002705762474637478	0.002720565738522104	0.005396718589861631	-0.002705759379108778	-0.002705763559285551	-0.0027057613899894063	0.0010432718727023116
0.0040586437119562195	0.008117287423912435	-0.004058643711956219	-0.0040586437119562195	-0.0040586437119562195	0.0040586437119562195	0.008117287423912437	-0.0040586437119562195	0.995941356288044	-0.0040586437119562195	0.004080848607783156	0.008095077884792443	-0.0040586390686631665	-0.004058645338928325	-0.004058642084984111	0.0015649078090534678
0.008117287423912439	0.016234574847824874	-0.008117287423912437	-0.00811728742391244	-0.00811728742391244	0.00811728742391244	0.016234574847824874	-0.008117287423912439	-0.00811728742391244	0.9918827125760876	0.008161697215566309	0.01619015576958489	-0.008117278137326333	-0.008117290677856654	-0.008117284169968222	0.003129815618106936
-0.0013496461789332084	-0.002699292357866417	0.0013496461789332082	0.0013496461789332084	0.0013496461789332084	-0.0013496461789332084	-0.0026992923578664156	0.001349646178933208	0.001349646178933208	0.001349646178933208	0.9696190571401462	0.026323245205244625	0.0013584052967427096	0.0013494816063029803	0.001349810751563435	-0.03127375748183986
-0.005109780719077792	-0.010219561438155582	0.00510978071907779	0.005109780719077792	0.00510978071907779	-0.005109780719077791	-0.010219561438155578	0.00510978071907779	0.005109780719077789	0.00510978071907779	0.06327793102117044	0.9213913314603098	0.005111176080363988	0.005109459565008891	0.005110101873146693	-0.06171814651595711
0.0027057624218230084	0.005411524843646017	-0.002705762421823008	-0.0027057624218230084	-0.002705762421823008	0.0027057624218230084	0.005411524843646015	-0.0027057624218230075	-0.002705762421823008	-0.0027057624218230075	0.0027381376129042927	0.005395661751085437	0.9972777254796561	-0.0027057635916835293	-0.002705761251962484	0.001027833269354445
0.004058663620158146	0.008117327240316287	-0.004058663620158144	-0.004058663620158145	-0.004058663620158145	0.004058663620158145	0.008117327240316285	-0.004058663620158143	-0.004058663620158144	-0.004058663620158143	0.0040812623523116	0.008094723766174532	-0.0040586588781698395	0.9959365636549097	-0.00405389089522644	0.0015605516695302605
0.00811728738652692	0.016234574773053834	-0.008117287386526917	-0.00811728738652692	-0.00811728738652692	0.008117287386526919	0.01623457477305383	-0.008117287386526917	-0.008117287386526917	-0.008117287386526917	0.008162484755974956	0.016189367919647583	-0.008117277902568708	-0.008107748529885963	0.9918731737568318	0.003121086396457842
-0.0040394731701632325	-0.008078946340326463	0.004039473170163232	0.0040394731701632325	0.0040394731701632325	-0.0040394731701632325	-0.008078946340326463	0.004039473170163233	0.004039473170163233	0.004039473170163233	-0.17810643630703185	0.1660345501173475	0.003992939849358003	0.004048026212671893	0.004030920127654571	0.8139122381679054