0.999082747942604	-0.0018345041147904927	0.000917252057395246	0.0009172520573952461	0.0009172520573952463	-0.000917252057395246	-0.0018345041147904918	0.0009172520573952459	0.000917252057395246	0.0009172520573952463	-0.0009205367886911508	-0.0018312186015285305	0.0009172512754291891	0.0009172522439951793	0.0009172518707953126	-0.000378671604682658
-0.0036690082295809836	0.9926619835408381	0.003669008229580983	0.003669008229580983	0.003669008229580984	-0.003669008229580983	-0.007338016459161966	0.003669008229580983	0.003669008229580983	0.0036690082295809845	-0.0036821471547646032	-0.0073248744061141175	0.0036690051017167556	0.0036690089759807173	0.0036690074831812495	-0.0015146864187306317
0.001834504114790492	0.0036690082295809845	0.998165495885209	-0.0018345041147904916	-0.001834504114790492	0.0018345041147904916	0.0036690082295809828	-0.0018345041147904914	-0.0018345041147904916	-0.0018345041147904923	0.001841073577382301	0.003662437203057059	-0.0018345025508583776	-0.0018345044879903589	-0.001834503741590625	0.0007573432093653158
0.0027517561721857368	0.005503512344371474	-0.0027517561721857368	0.997248243827814	-0.0027517561721857368	0.0027517561721857368	0.0055035123443714735	-0.002751756172185737	-0.0027517561721857368	-0.002751756172185738	0.0027616103660734526	0.005493655804585585	-0.002751753826287567	-0.0027517567319855383	-0.002751755612385938	0.001136014814047974
0.005503512344371475	0.011007024688742952	-0.005503512344371475	-0.005503512344371475	0.9944964876556284	0.005503512344371474	0.011007024688742949	-0.005503512344371476	-0.005503512344371475	-0.005503512344371477	0.005523220732146905	0.010987311609171175	-0.005503507652575134	-0.005503513463971077	-0.005503511224771875	0.0022720296280959477
-0.0009172520573952462	-0.0018345041147904927	0.000917252057395246	0.0009172520573952461	0.0009172520573952462	0.9990827479426043	-0.0018345041147904916	0.0009172520573952459	0.0009172520573952459	0.0009172520573952463	-0.0009205367886911506	-0.00183121860152853	0.000917251275429189	0.0009172522439951794	0.0009172518707953124	-0.00037867160468265797
-0.0036690082295809836	-0.007338016459161968	0.0036690082295809828	0.003669008229580983	0.0036690082295809836	-0.003669008229580983	0.9926619835408375	0.0036690082295809823	0.0036690082295809828	0.0036690082295809845	-0.0036821471547646015	-0.007324874406114116	0.003669005101716755	0.0036690089759807178	0.003669007483181249	-0.0015146864187306312
0.0018345041147904927	0.003669008229580986	-0.0018345041147904923	-0.0018345041147904925	-0.0018345041147904927	0.0018345041147904927	0.0036690082295809854	0.9981654958852092	-0.0018345041147904923	-0.001834504114790493	0.0018410735773823016	0.0036624372030570596	-0.0018345025508583785	-0.001834504487990359	-0.0018345037415906252	0.000757343209365316
0.002751756172185737	0.005503512344371475	-0.002751756172185737	-0.002751756172185737	-0.0027517561721857376	0.0027517561721857376	0.005503512344371475	-0.002751756172185738	0.997248243827814	-0.002751756172185738	0.002761610366073453	0.005493655804585586	-0.0027517538262875666	-0.002751756731985538	-0.0027517556123859374	0.0011360148140479736
0.005503512344371474	0.01100702468874295	-0.005503512344371474	-0.005503512344371474	-0.005503512344371475	0.005503512344371475	0.01100702468874295	-0.005503512344371476	-0.005503512344371475	0.9944964876556286	0.005523220732146906	0.010987311609171175	-0.005503507652575134	-0.005503513463971076	-0.005503511224771874	0.0022720296280959477
-0.0009160614317177199	-0.00183212286343544	0.0009160614317177198	0.0009160614317177199	0.0009160614317177201	-0.0009160614317177199	-0.0018321228634354397	0.0009160614317177198	0.0009160614317177195	0.00091606143171772	0.9769928139701931	0.020252399012172365	0.000922664154199362	0.0009159795518147744	0.0009161433116206655	-0.023503363046549153
-0.0035224619057729733	-0.0070449238115459474	0.003522461905772973	0.0035224619057729737	0.003522461905772974	-0.0035224619057729737	-0.0070449238115459474	0.0035224619057729737	0.003522461905772973	0.003522461905772974	0.04685668597878187	0.9425750279257491	0.0035233622839228804	0.0035223011692219978	0.0035226226423239505	-0.04665042809088164
0.0018345040976204792	0.0036690081952409593	-0.0018345040976204792	-0.0018345040976204792	-0.0018345040976204794	0.0018345040976204794	0.003669008195240958	-0.001834504097620479	-0.0018345040976204784	-0.001834504097620479	0.001854293996222915	0.0036617729636427717	0.9981529412353752	-0.0018345045139091345	-0.0018345036813318244	0.0007454680084977836
0.002751765245035411	0.005503530490070822	-0.0027517652450354106	-0.0027517652450354106	-0.0027517652450354106	0.0027517652450354106	0.005503530490070821	-0.002751765245035411	-0.0027517652450354106	-0.0027517652450354114	0.0027618250872682667	0.005493468248995303	-0.0027517628461927474	0.9972449982539374	-0.002748528744007848	0.0011329943324523497
0.005503512334469772	0.011007024668939543	-0.005503512334469772	-0.005503512334469772	-0.005503512334469772	0.005503512334469772	0.011007024668939543	-0.0055035123344697725	-0.0055035123344697725	-0.0055035123344697725	0.005523631988642754	0.010986900217088244	-0.00550350753679145	-0.0054970416115230685	0.994490016942583	0.0022659806341357607
-0.0027447300408783783	-0.0054894600817567574	0.0027447300408783787	0.0027447300408783787	0.002744730040878379	-0.0027447300408783796	-0.005489460081756759	0.00274473004087838	0.0027447300408783796	0.00274473004087838	-0.13520667082961355	0.12700820048489342	0.002709010262963342	0.0027507100421141936	0.002738750039642565	0.8601089180946885