0.9984590064052123	-0.0030819871895754196	0.00154099359478771	0.0015409935947877105	0.00154099359478771	-0.0015409935947877096	-0.00308198718957542	0.0015409935947877096	0.0015409935947877105	0.0015409935947877094	-0.001550389295785583	-0.0030725896774218137	0.0015409917836319749	0.0015409943668513214	0.0015409928227240986	-0.0005779936947809285
-0.006163974379150842	0.987672051241698	0.006163974379150843	0.0061639743791508435	0.006163974379150843	-0.006163974379150842	-0.012327948758301687	0.006163974379150842	0.006163974379150844	0.006163974379150842	-0.006201557183142334	-0.012290358709687255	0.006163967134527903	0.006163977467405288	0.006163971290896395	-0.0023119747791237135
0.003081987189575421	0.006163974379150842	0.9969180128104249	-0.003081987189575422	-0.0030819871895754218	0.003081987189575421	0.0061639743791508435	-0.0030819871895754213	-0.003081987189575422	-0.0030819871895754205	0.003100778591571166	0.006145179354843628	-0.003081983567263951	-0.003081988733702645	-0.0030819856454481977	0.001155987389561857
0.0046229807843631305	0.009245961568726263	-0.004622980784363132	0.9953770192156369	-0.004622980784363133	0.004622980784363131	0.009245961568726266	-0.004622980784363133	-0.004622980784363134	-0.004622980784363132	0.004651167887356751	0.009217769032265436	-0.004622975350895925	-0.004622983100553967	-0.004622978468172297	0.001733981084342785
0.00924596156872626	0.018491923137452522	-0.009245961568726264	-0.009245961568726264	0.9907540384312737	0.009245961568726261	0.01849192313745253	-0.009245961568726263	-0.009245961568726266	-0.009245961568726264	0.009302335774713502	0.018435538064530875	-0.00924595070179185	-0.00924596620110793	-0.009245956936344593	0.0034679621686855696
-0.00154099359478771	-0.00308198718957542	0.0015409935947877102	0.0015409935947877105	0.0015409935947877102	0.998459006405212	-0.0030819871895754205	0.0015409935947877098	0.0015409935947877105	0.0015409935947877096	-0.0015503892957855825	-0.0030725896774218124	0.001540991783631975	0.0015409943668513214	0.0015409928227240982	-0.0005779936947809281
-0.006163974379150839	-0.012327948758301678	0.00616397437915084	0.006163974379150842	0.00616397437915084	-0.006163974379150839	0.9876720512416982	0.006163974379150842	0.006163974379150844	0.006163974379150842	-0.006201557183142332	-0.012290358709687255	0.006163967134527903	0.006163977467405288	0.006163971290896396	-0.002311974779123713
0.0030819871895754205	0.006163974379150841	-0.003081987189575421	-0.0030819871895754218	-0.003081987189575421	0.0030819871895754205	0.006163974379150842	0.9969180128104247	-0.0030819871895754213	-0.0030819871895754196	0.003100778591571166	0.006145179354843627	-0.0030819835672639506	-0.0030819887337026437	-0.0030819856454481977	0.0011559873895618563
0.004622980784363129	0.00924596156872626	-0.0046229807843631305	-0.0046229807843631305	-0.004622980784363131	0.0046229807843631305	0.009245961568726263	-0.004622980784363132	0.9953770192156369	-0.0046229807843631305	0.00465116788735675	0.00921776903226544	-0.004622975350895925	-0.004622983100553963	-0.004622978468172297	0.0017339810843427853
0.009245961568726258	0.018491923137452522	-0.009245961568726263	-0.009245961568726263	-0.009245961568726264	0.009245961568726263	0.01849192313745253	-0.009245961568726266	-0.009245961568726264	0.9907540384312733	0.0093023357747135	0.018435538064530865	-0.009245950701791848	-0.009245966201107928	-0.009245956936344593	0.0034679621686855705
-0.0015365068045248755	-0.0030730136090497506	0.0015365068045248755	0.001536506804524876	0.0015365068045248755	-0.0015365068045248753	-0.0030730136090497515	0.001536506804524876	0.001536506804524876	0.0015365068045248755	0.9667733084292299	0.02860761633496007	0.0015460616267596475	0.0015362997481084234	0.0015367138609413268	-0.03426885467494961
-0.005780365167959186	-0.011560730335918371	0.005780365167959187	0.005780365167959189	0.0057803651679591865	-0.005780365167959185	-0.011560730335918371	0.005780365167959188	0.005780365167959189	0.005780365167959186	0.06960729083128125	0.9130500527575738	0.005781926075226583	0.005779961976232631	0.005780768359685738	-0.06750487714625417
0.0030819871171705233	0.006163974234341047	-0.0030819871171705237	-0.0030819871171705246	-0.0030819871171705233	0.0030819871171705224	0.006163974234341046	-0.0030819871171705237	-0.0030819871171705237	-0.003081987117170523	0.003119971804603365	0.00614397766472108	0.9969000247650166	-0.0030819887678633297	-0.003081985466477714	0.0011392092529254748
0.004623006710905713	0.009246013421811429	-0.004623006710905715	-0.0046230067109057135	-0.004623006710905714	0.004623006710905713	0.009246013421811427	-0.0046230067109057135	-0.0046230067109057135	-0.004623006710905713	0.004651681516482695	0.009217333061864076	-0.004623001156535345	0.9953715574015934	-0.004617570823405354	0.0017290618280285748
0.009245961511176537	0.018491923022353078	-0.00924596151117654	-0.009245961511176539	-0.009245961511176539	0.009245961511176537	0.018491923022353075	-0.00924596151117654	-0.009245961511176539	-0.009245961511176537	0.00930331098935143	0.018434562435460284	-0.009245950402458628	-0.009235099110911015	0.9907431760885573	0.003458101931303242
-0.004596363835604842	-0.009192727671209688	0.004596363835604843	0.004596363835604843	0.004596363835604843	-0.004596363835604843	-0.009192727671209688	0.004596363835604845	0.004596363835604844	0.004596363835604842	-0.19460179987815304	0.18086332603247277	0.0045457461744706365	0.004605986206440503	0.004586741464769187	0.7961094062268429