0.9989454101174305	-0.0021091797651371412	0.0010545898825685706	0.001054589882568571	0.0010545898825685706	-0.0010545898825685708	-0.0021091797651371412	0.0010545898825685708	0.0010545898825685713	0.001054589882568571	-0.0010590533153763107	-0.0021047153055121495	0.0010545888557513198	0.0010545901568913105	0.0010545896082458299	-0.00042572570232374393
-0.004218359530274283	0.9915632809394513	0.0042183595302742825	0.004218359530274284	0.0042183595302742825	-0.004218359530274283	-0.008436719060548565	0.0042183595302742825	0.004218359530274283	0.004218359530274283	-0.0042362132615052445	-0.008418861222048598	0.004218355423005283	0.004218360627565244	0.004218358432983323	-0.0017029028092949764
0.0021091797651371412	0.0042183595302742825	0.9978908202348628	-0.0021091797651371425	-0.002109179765137142	0.0021091797651371417	0.0042183595302742825	-0.0021091797651371412	-0.0021091797651371417	-0.0021091797651371417	0.0021181066307526222	0.004209430611024302	-0.00210917771150264	-0.0021091803137826214	-0.0021091792164916598	0.0008514514046474884
0.0031637696477057127	0.0063275392954114254	-0.0031637696477057127	0.9968362303522943	-0.003163769647705712	0.003163769647705712	0.006327539295411422	-0.00316376964770571	-0.003163769647705712	-0.003163769647705712	0.0031771599461289323	0.006314145916536451	-0.0031637665672539605	-0.0031637704706739345	-0.0031637688247374888	0.0012771771069712322
0.006327539295411423	0.012655078590822846	-0.006327539295411423	-0.006327539295411423	0.9936724607045888	0.006327539295411424	0.012655078590822844	-0.006327539295411419	-0.006327539295411423	-0.006327539295411423	0.006354319892257865	0.012628291833072902	-0.006327533134507921	-0.006327540941347867	-0.0063275376494749775	0.0025543542139424644
-0.0010545898825685706	-0.0021091797651371412	0.001054589882568571	0.0010545898825685708	0.0010545898825685708	0.9989454101174311	-0.0021091797651371404	0.0010545898825685702	0.0010545898825685704	0.0010545898825685704	-0.0010590533153763107	-0.0021047153055121504	0.00105458885575132	0.001054590156891311	0.00105458960824583	-0.00042572570232374404
-0.0042183595302742825	-0.008436719060548565	0.004218359530274284	0.004218359530274283	0.0042183595302742825	-0.0042183595302742825	0.9915632809394512	0.0042183595302742825	0.004218359530274283	0.004218359530274283	-0.004236213261505243	-0.0084188612220486	0.004218355423005281	0.004218360627565244	0.004218358432983319	-0.0017029028092949761
0.0021091797651371404	0.004218359530274281	-0.0021091797651371412	-0.002109179765137141	-0.002109179765137141	0.0021091797651371404	0.004218359530274281	0.9978908202348625	-0.0021091797651371404	-0.0021091797651371404	0.002118106630752621	0.004209430611024301	-0.0021091777115026396	-0.002109180313782621	-0.002109179216491659	0.0008514514046474881
0.0031637696477057127	0.0063275392954114254	-0.0031637696477057127	-0.0031637696477057127	-0.0031637696477057127	0.0031637696477057127	0.006327539295411423	-0.003163769647705711	0.9968362303522942	-0.003163769647705712	0.0031771599461289323	0.006314145916536449	-0.003163766567253961	-0.0031637704706739336	-0.0031637688247374888	0.0012771771069712327
0.006327539295411424	0.01265507859082285	-0.006327539295411424	-0.006327539295411424	-0.006327539295411425	0.006327539295411424	0.012655078590822842	-0.00632753929541142	-0.006327539295411424	0.9936724607045888	0.0063543198922578654	0.0126282918330729	-0.006327533134507923	-0.006327540941347868	-0.006327537649474979	0.0025543542139424653
-0.0010528781349768233	-0.002105756269953647	0.0010528781349768237	0.0010528781349768235	0.0010528781349768237	-0.0010528781349768235	-0.0021057562699536474	0.0010528781349768237	0.001052878134976824	0.0010528781349768237	0.9745243565584174	0.02230967483742556	0.0010602123342037598	0.0010527727046751021	0.0010529835652785449	-0.026101576538813464
-0.004028219354840657	-0.008056438709681315	0.004028219354840657	0.004028219354840657	0.004028219354840657	-0.004028219354840657	-0.008056438709681316	0.004028219354840657	0.004028219354840658	0.004028219354840658	0.05233240602366331	0.9355818662927762	0.004029288973879214	0.004028012807393243	0.004028425902288069	-0.0517007961093724
0.002109179738809177	0.004218359477618355	-0.0021091797388091784	-0.002109179738809178	-0.002109179738809178	0.002109179738809178	0.004218359477618356	-0.002109179738809178	-0.002109179738809178	-0.002109179738809178	0.0021327984823081643	0.004208636050003162	0.9978769249453073	-0.002109180342633307	-0.00210917913498505	0.0008383684375409849
0.003163781673413213	0.0063275633468264265	-0.003163781673413213	-0.0031637816734132133	-0.0031637816734132137	0.0031637816734132137	0.006327563346826425	-0.0031637816734132124	-0.0031637816734132133	-0.0031637816734132133	0.0031774322652271267	0.006313909608136094	-0.0031637785265367967	0.9968324974462569	-0.003160060793083461	0.0012737304046255868
0.006327539279344726	0.012655078558689454	-0.006327539279344726	-0.006327539279344727	-0.006327539279344727	0.006327539279344727	0.012655078558689449	-0.006327539279344724	-0.006327539279344726	-0.006327539279344726	0.006354840416467806	0.012627771127823827	-0.006327532985602179	-0.006320100863011506	0.993665022304322	0.002547450302694529
-0.003153651257732557	-0.006307302515465113	0.0031536512577325566	0.003153651257732557	0.003153651257732557	-0.0031536512577325566	-0.006307302515465111	0.003153651257732555	0.0031536512577325566	0.003153651257732556	-0.14959390031883246	0.1401723237284665	0.0031142740749008383	0.003160457912269	0.0031468446031961135	0.8446597698385337