0.9981096738758661	-0.0037806522482681897	0.0018903261241340946	0.0018903261241340953	0.001890326124134095	-0.001890326124134095	-0.0037806522482681897	0.0018903261241340944	0.0018903261241340953	0.0018903261241340937	-0.0019033834270580936	-0.003767592938479757	0.0018903241172696602	0.0018903274633233682	0.0018903247849448208	-0.0006746370464682712
-0.007561304496536381	0.9848773910069271	0.0075613044965363784	0.007561304496536381	0.00756130449653638	-0.007561304496536381	-0.015122608993072762	0.0075613044965363784	0.007561304496536382	0.007561304496536377	-0.007613533708232376	-0.01507037175391903	0.007561296469078641	0.007561309853293475	0.007561299139779282	-0.002698548185873085
0.003780652248268189	0.007561304496536376	0.9962193477517313	-0.0037806522482681897	-0.0037806522482681892	0.0037806522482681897	0.0075613044965363784	-0.0037806522482681884	-0.00378065224826819	-0.003780652248268187	0.0038067668541161863	0.00753518587695951	-0.0037806482345393196	-0.003780654926646736	-0.0037806495698896408	0.0013492740929365425
0.005670978372402284	0.01134195674480457	-0.005670978372402284	0.9943290216275978	-0.005670978372402284	0.005670978372402284	0.011341956744804567	-0.005670978372402283	-0.005670978372402285	-0.005670978372402282	0.005710150281174281	0.011302778815439273	-0.0056709723518089845	-0.005670982389970105	-0.005670974354834461	0.0020239111394048147
0.011341956744804569	0.02268391348960914	-0.011341956744804569	-0.01134195674480457	0.9886580432551955	0.01134195674480457	0.022683913489609138	-0.011341956744804567	-0.011341956744804572	-0.011341956744804564	0.011420300562348563	0.02260555763087855	-0.01134194470361797	-0.011341964779940206	-0.011341948709668922	0.0040478222788096286
-0.0018903261241340953	-0.0037806522482681905	0.0018903261241340948	0.0018903261241340953	0.0018903261241340948	0.9981096738758664	-0.0037806522482681905	0.0018903261241340944	0.0018903261241340953	0.0018903261241340937	-0.001903383427058094	-0.003767592938479757	0.0018903241172696609	0.0018903274633233684	0.001890324784944821	-0.0006746370464682715
-0.007561304496536381	-0.015122608993072759	0.007561304496536379	0.007561304496536382	0.007561304496536379	-0.007561304496536379	0.9848773910069273	0.0075613044965363784	0.007561304496536381	0.007561304496536375	-0.007613533708232376	-0.015070371753919025	0.007561296469078643	0.007561309853293473	0.007561299139779283	-0.0026985481858730854
0.0037806522482681892	0.007561304496536376	-0.0037806522482681884	-0.0037806522482681892	-0.0037806522482681884	0.003780652248268188	0.007561304496536376	0.9962193477517316	-0.0037806522482681892	-0.0037806522482681866	0.003806766854116187	0.007535185876959512	-0.00378064823453932	-0.0037806549266467347	-0.00378064956988964	0.001349274092936543
0.005670978372402283	0.011341956744804567	-0.005670978372402284	-0.005670978372402285	-0.005670978372402284	0.0056709783724022845	0.011341956744804569	-0.005670978372402283	0.9943290216275981	-0.005670978372402284	0.005710150281174282	0.01130277881543927	-0.0056709723518089845	-0.005670982389970107	-0.0056709743548344635	0.002023911139404814
0.011341956744804564	0.02268391348960913	-0.011341956744804564	-0.011341956744804569	-0.011341956744804564	0.011341956744804566	0.02268391348960913	-0.011341956744804562	-0.011341956744804569	0.9886580432551949	0.01142030056234856	0.022605557630878535	-0.011341944703617964	-0.011341964779940207	-0.011341948709668924	0.0040478222788096286
-0.001882876758790214	-0.0037657535175804275	0.0018828767587902133	0.0018828767587902144	0.001882876758790214	-0.0018828767587902137	-0.0037657535175804275	0.0018828767587902126	0.001882876758790214	0.001882876758790213	0.9618507882312683	0.03248973331069291	0.0018937249404586513	0.0018825811181953514	0.0018831723993850752	-0.03941775549256449
-0.00700288034941938	-0.014005760698838762	0.007002880349419378	0.007002880349419381	0.00700288034941938	-0.00700288034941938	-0.01400576069883876	0.007002880349419376	0.007002880349419379	0.007002880349419376	0.08040089728763776	0.8985886923899321	0.00700464962359138	0.007002306631978624	0.007003454066860135	-0.07744458176536707
0.003780652141912026	0.007561304283824052	-0.0037806521419120253	-0.003780652141912026	-0.0037806521419120253	0.0037806521419120253	0.007561304283824051	-0.003780652141912023	-0.003780652141912025	-0.0037806521419120236	0.0038286323395829605	0.007533765042553903	0.9961989069016868	-0.0037806549709532553	-0.003780649312870793	0.0013302227703166478
0.005671017660821405	0.01134203532164281	-0.005671017660821404	-0.005671017660821406	-0.005671017660821404	0.005671017660821406	0.011342035321642812	-0.005671017660821403	-0.005671017660821406	-0.005671017660821404	0.0057108702069968926	0.011302176589295138	-0.005671011474649218	0.9943223153541619	-0.005664350675804865	0.0020179656213903546
0.011341956632958124	0.02268391326591625	-0.011341956632958122	-0.011341956632958127	-0.011341956632958124	0.011341956632958125	0.02268391326591625	-0.011341956632958122	-0.011341956632958125	-0.011341956632958122	0.011421661514267096	0.02260419601228688	-0.011341944260637728	-0.01132863889676104	0.9886447256308448	0.00403589921552567
-0.005626721952560699	-0.0112534439051214	0.005626721952560699	0.0056267219525607	0.005626721952560699	-0.0056267219525607	-0.0112534439051214	0.0056267219525607	0.0056267219525607	0.005626721952560699	-0.22306323164430436	0.20624064202993825	0.005569145709244936	0.005638269851829606	0.005615174053291795	0.7655035960387104