0.9980336065294071	-0.003932786941184015	0.001966393470592007	0.001966393470592006	0.0019663934705920066	-0.001966393470592007	-0.003932786941184012	0.0019663934705920066	0.001966393470592006	0.001966393470592006	-0.0019802034716622135	-0.003918974960776758	0.0019663914912549586	0.0019663949594189213	0.001966391981765092	-0.0006943257711043063
-0.00786557388236803	0.9842688522352641	0.00786557388236803	0.007865573882368027	0.007865573882368027	-0.007865573882368028	-0.01573114776473605	0.007865573882368027	0.007865573882368025	0.007865573882368025	-0.007920813886648849	-0.015675899843107032	0.007865565965019836	0.007865579837675685	0.007865567927060366	-0.002777303084417224
0.003932786941184015	0.00786557388236803	0.996067213058816	-0.003932786941184013	-0.003932786941184013	0.003932786941184014	0.007865573882368025	-0.003932786941184013	-0.003932786941184012	-0.003932786941184012	0.003960406943324426	0.007837949921553516	-0.003932782982509917	-0.0039327899188378425	-0.003932783963530184	0.001388651542208612
0.005899180411776021	0.011798360823552045	-0.005899180411776021	0.994100819588223	-0.005899180411776022	0.005899180411776022	0.011798360823552042	-0.00589918041177602	-0.00589918041177602	-0.005899180411776021	0.005940610414986641	0.011756924882330266	-0.005899174473764871	-0.005899184878256761	-0.005899175945295272	0.002082977313312918
0.011798360823552043	0.02359672164710409	-0.011798360823552042	-0.01179836082355204	0.9882016391764482	0.01179836082355204	0.023596721647104073	-0.011798360823552036	-0.011798360823552036	-0.01179836082355204	0.011881220829973282	0.023513849764660533	-0.011798348947529748	-0.01179836975651352	-0.011798351890590546	0.004165954626625834
-0.001966393470592008	-0.003932786941184016	0.001966393470592008	0.001966393470592007	0.0019663934705920075	0.998033606529408	-0.003932786941184013	0.001966393470592007	0.0019663934705920066	0.0019663934705920066	-0.001980203471662213	-0.003918974960776758	0.001966391491254959	0.0019663949594189217	0.0019663919817650925	-0.0006943257711043065
-0.007865573882368032	-0.015731147764736057	0.007865573882368028	0.007865573882368028	0.007865573882368028	-0.00786557388236803	0.9842688522352635	0.007865573882368027	0.007865573882368025	0.007865573882368025	-0.007920813886648852	-0.01567589984310703	0.007865565965019835	0.007865579837675683	0.007865567927060365	-0.0027773030844172246
0.003932786941184015	0.007865573882368028	-0.003932786941184014	-0.003932786941184013	-0.003932786941184013	0.003932786941184014	0.007865573882368027	0.9960672130588158	-0.003932786941184012	-0.003932786941184013	0.003960406943324427	0.007837949921553513	-0.003932782982509917	-0.0039327899188378425	-0.003932783963530184	0.0013886515422086127
0.005899180411776022	0.011798360823552045	-0.005899180411776021	-0.00589918041177602	-0.005899180411776021	0.0058991804117760225	0.011798360823552042	-0.00589918041177602	0.9941008195882236	-0.005899180411776021	0.005940610414986642	0.011756924882330268	-0.005899174473764875	-0.005899184878256762	-0.005899175945295275	0.002082977313312918
0.011798360823552038	0.023596721647104083	-0.011798360823552038	-0.011798360823552035	-0.011798360823552038	0.011798360823552042	0.023596721647104076	-0.011798360823552036	-0.011798360823552035	0.988201639176448	0.011881220829973279	0.023513849764660533	-0.011798348947529746	-0.011798369756513523	-0.011798351890590548	0.004165954626625837
-0.0019581834126066473	-0.003916366825213294	0.0019581834126066473	0.0019581834126066473	0.0019581834126066464	-0.0019581834126066473	-0.003916366825213293	0.001958183412606647	0.0019581834126066464	0.001958183412606646	0.9608277388780107	0.033286610068513585	0.001969284228262624	0.001957866909311473	0.0019584999159018195	-0.0404807411340274
-0.007265215714162788	-0.01453043142832558	0.00726521571416279	0.007265215714162788	0.007265215714162786	-0.007265215714162788	-0.014530431428325576	0.007265215714162788	0.007265215714162786	0.0072652157141627855	0.08260918154214471	0.8955933749401475	0.0072670120893821325	0.007264601916418247	0.007265829511907335	-0.07949670028094621
0.0039327868292802545	0.007865573658560509	-0.0039327868292802545	-0.003932786829280254	-0.003932786829280253	0.0039327868292802545	0.007865573658560509	-0.003932786829280255	-0.003932786829280254	-0.003932786829280253	0.00398280247551324	0.00783649019979546	0.9960462809832519	-0.0039327899679156425	-0.003932783690644867	0.0013691341168602903
0.005899222991123977	0.011798445982247958	-0.005899222991123977	-0.005899222991123975	-0.005899222991123976	0.005899222991123978	0.011798445982247953	-0.005899222991123975	-0.005899222991123975	-0.005899222991123976	0.005941378788583275	0.011756284070900475	-0.0058992168772358	0.9940938420382289	-0.005892288020476808	0.0020768115356456546
0.011798360696577548	0.023596721393155103	-0.011798360696577548	-0.011798360696577546	-0.011798360696577546	0.01179836069657755	0.023596721393155093	-0.011798360696577546	-0.011798360696577546	-0.011798360696577548	0.011882672063634686	0.023512397798343694	-0.011798348468823296	-0.011784508797771584	0.9881877874046163	0.0041535885639808826
-0.00585039235993115	-0.011700784719862304	0.00585039235993115	0.0058503923599311485	0.005850392359931151	-0.005850392359931153	-0.0117007847198623	0.0058503923599311485	0.0058503923599311485	0.0058503923599311485	-0.22896810918953647	0.21147593963903882	0.005791384830635315	0.0058623496936352675	0.005838435026227036	0.759184261762903