0.99784335508843	-0.0043132898231403845	0.0021566449115701936	0.0021566449115701936	0.002156644911570193	-0.0021566449115701936	-0.004313289823140386	0.002156644911570194	0.002156644911570193	0.002156644911570194	-0.0021722175434299306	-0.004297715419653306	0.0021566431399428483	0.002156646818574964	0.0021566430045654277	-0.000741458778962362
-0.008626579646280778	0.9827468407074379	0.008626579646280776	0.008626579646280776	0.008626579646280778	-0.008626579646280778	-0.017253159292561552	0.00862657964628078	0.008626579646280776	0.008626579646280778	-0.008688870173719724	-0.017190861678613223	0.008626572559771395	0.008626587274299857	0.008626572018261712	-0.002965835115849449
0.004313289823140386	0.008626579646280774	0.9956867101768595	-0.004313289823140388	-0.004313289823140387	0.004313289823140387	0.008626579646280774	-0.004313289823140389	-0.004313289823140388	-0.004313289823140388	0.00434443508685986	0.00859543083930661	-0.004313286279885695	-0.004313293637149926	-0.0043132860091308544	0.0014829175579247234
0.006469934734710582	0.012939869469421167	-0.006469934734710584	0.9935300652652894	-0.006469934734710582	0.006469934734710583	0.012939869469421165	-0.006469934734710585	-0.006469934734710586	-0.0064699347347105815	0.006516652630289788	0.012893146258959919	-0.006469929419828544	-0.00646994045572489	-0.0064699290136962795	0.002224376336887087
0.01293986946942117	0.02587973893884234	-0.012939869469421172	-0.012939869469421173	0.9870601305305781	0.012939869469421163	0.02587973893884233	-0.01293986946942117	-0.012939869469421172	-0.012939869469421165	0.013033305260579576	0.025786292517919834	-0.012939858839657084	-0.012939880911449778	-0.012939858027392556	0.004448752673774174
-0.0021566449115701936	-0.004313289823140388	0.0021566449115701944	0.002156644911570194	0.002156644911570194	0.9978433550884296	-0.004313289823140387	0.0021566449115701944	0.0021566449115701936	0.002156644911570194	-0.00217221754342993	-0.004297715419653304	0.002156643139942846	0.002156646818574963	0.0021566430045654272	-0.0007414587789623619
-0.008626579646280776	-0.017253159292561552	0.00862657964628078	0.008626579646280778	0.008626579646280776	-0.008626579646280774	0.9827468407074382	0.00862657964628078	0.008626579646280776	0.008626579646280776	-0.008688870173719722	-0.01719086167861322	0.008626572559771386	0.008626587274299855	0.008626572018261709	-0.0029658351158494472
0.004313289823140385	0.00862657964628077	-0.004313289823140387	-0.004313289823140386	-0.004313289823140387	0.004313289823140386	0.008626579646280772	0.9956867101768596	-0.004313289823140387	-0.004313289823140387	0.0043444350868598585	0.008595430839306606	-0.004313286279885694	-0.004313293637149926	-0.004313286009130854	0.0014829175579247236
0.006469934734710583	0.012939869469421168	-0.006469934734710585	-0.006469934734710586	-0.006469934734710582	0.006469934734710582	0.012939869469421165	-0.006469934734710584	0.9935300652652894	-0.006469934734710582	0.006516652630289787	0.012893146258959915	-0.006469929419828542	-0.006469940455724889	-0.006469929013696278	0.002224376336887086
0.012939869469421168	0.025879738938842337	-0.01293986946942117	-0.01293986946942117	-0.012939869469421163	0.012939869469421163	0.02587973893884233	-0.012939869469421168	-0.012939869469421168	0.9870601305305784	0.013033305260579576	0.025786292517919838	-0.012939858839657084	-0.01293988091144978	-0.012939858027392557	0.004448752673774174
-0.00214634117753189	-0.00429268235506378	0.0021463411775318906	0.00214634117753189	0.00214634117753189	-0.00214634117753189	-0.004292682355063781	0.0021463411775318906	0.0021463411775318906	0.0021463411775318906	0.9583291296860761	0.03522015578110137	0.002158032177758775	0.0021459701574030182	0.0021467121976607648	-0.043064617533895136
-0.007915335757956018	-0.015830671515912036	0.00791533575795602	0.007915335757956018	0.007915335757956016	-0.007915335757956016	-0.015830671515912036	0.00791533575795602	0.00791533575795602	0.007915335757956016	0.08794261516460107	0.8883095429112456	0.00791717040824082	0.00791461733797846	0.007916054177933588	-0.0844862901417979
0.004313289702909077	0.008626579405818156	-0.004313289702909079	-0.004313289702909078	-0.004313289702909078	0.004313289702909077	0.008626579405818156	-0.004313289702909079	-0.0043132897029090796	-0.004313289702909078	0.004368084122195639	0.00859388734482048	0.9956646079388021	-0.004313293704769372	-0.004313285701048786	0.001462269678905497
0.006469986149551724	0.012939972299103446	-0.006469986149551724	-0.006469986149551725	-0.006469986149551722	0.006469986149551721	0.012939972299103444	-0.006469986149551723	-0.006469986149551725	-0.006469986149551722	0.006517547681594833	0.012892405249662727	-0.006469980632154121	0.9935224087838961	-0.006462381082999029	0.002217664556187277
0.012939869298750515	0.02587973859750103	-0.012939869298750517	-0.012939869298750517	-0.012939869298750512	0.01293986929875051	0.025879738597501027	-0.012939869298750517	-0.012939869298750519	-0.012939869298750515	0.013034992095800623	0.025784604765668184	-0.012939858263967766	-0.012924682260835948	0.9870449436633352	0.004435288045721482
-0.0064086705084852634	-0.012817341016970525	0.006408670508485264	0.006408670508485265	0.006408670508485262	-0.00640867050848526	-0.012817341016970523	0.006408670508485263	0.006408670508485264	0.00640867050848526	-0.2433766534346305	0.22421312730536708	0.00634618511229299	0.006421637132568672	0.006395703884401854	0.7438212209222944