0.9981024301416412	-0.0037951397167177506	0.0018975698583588749	0.0018975698583588755	0.001897569858358875	-0.0018975698583588755	-0.0037951397167177506	0.0018975698583588749	0.0018975698583588757	0.0018975698583588755	-0.0019106998298086117	-0.003782007739775123	0.0018975678528659868	0.001897571211377961	0.0018975685053397907	-0.0006765327331960303
-0.0075902794334355	0.9848194411331297	0.007590279433435499	0.0075902794334355	0.0075902794334355	-0.007590279433435502	-0.015180558866871002	0.007590279433435499	0.007590279433435503	0.007590279433435502	-0.007642799319234448	-0.015128030959100494	0.007590271411463945	0.007590284845511844	0.007590274021359162	-0.002706130932784121
0.00379513971671775	0.0075902794334355	0.996204860283282	-0.0037951397167177493	-0.0037951397167177497	0.003795139716717751	0.0075902794334355	-0.0037951397167177497	-0.0037951397167177514	-0.003795139716717751	0.003821399659617224	0.007564015479550247	-0.003795135705731972	-0.0037951424227559206	-0.0037951370106795793	0.0013530654663920603
0.005692709575076627	0.011385419150153252	-0.005692709575076626	0.9943072904249232	-0.005692709575076627	0.0056927095750766285	0.011385419150153253	-0.005692709575076626	-0.005692709575076629	-0.0056927095750766285	0.0057320994894258384	0.01134602321932537	-0.005692703558597957	-0.00569271363413388	-0.005692705516019371	0.002029598199588091
0.011385419150153257	0.022770838300306514	-0.011385419150153257	-0.011385419150153257	0.9886145808498468	0.011385419150153259	0.02277083830030651	-0.011385419150153253	-0.01138541915015326	-0.01138541915015326	0.011464198978851679	0.022692046438650748	-0.011385407117195922	-0.011385427268267766	-0.011385411032038743	0.004059196399176182
-0.0018975698583588744	-0.003795139716717749	0.001897569858358874	0.0018975698583588744	0.0018975698583588749	0.9981024301416412	-0.0037951397167177506	0.0018975698583588749	0.001897569858358876	0.0018975698583588755	-0.0019106998298086125	-0.003782007739775124	0.001897567852865986	0.0018975712113779603	0.00189756850533979	-0.0006765327331960305
-0.007590279433435502	-0.015180558866871006	0.0075902794334355	0.007590279433435502	0.007590279433435502	-0.007590279433435502	0.9848194411331291	0.007590279433435499	0.007590279433435504	0.007590279433435502	-0.00764279931923445	-0.015128030959100496	0.007590271411463945	0.007590284845511842	0.007590274021359161	-0.002706130932784122
0.0037951397167177514	0.007590279433435503	-0.00379513971671775	-0.003795139716717751	-0.003795139716717751	0.0037951397167177514	0.007590279433435501	0.9962048602832817	-0.003795139716717752	-0.0037951397167177514	0.003821399659617225	0.007564015479550247	-0.003795135705731972	-0.0037951424227559206	-0.0037951370106795806	0.0013530654663920605
0.005692709575076628	0.011385419150153253	-0.005692709575076627	-0.005692709575076627	-0.005692709575076628	0.0056927095750766285	0.011385419150153255	-0.005692709575076627	0.9943072904249235	-0.0056927095750766285	0.005732099489425839	0.011346023219325376	-0.005692703558597959	-0.005692713634133882	-0.0056927055160193715	0.0020295981995880914
0.01138541915015325	0.0227708383003065	-0.01138541915015325	-0.01138541915015325	-0.011385419150153252	0.011385419150153253	0.022770838300306503	-0.01138541915015325	-0.011385419150153257	0.988614580849847	0.011464198978851675	0.022692046438650745	-0.011385407117195915	-0.01138542726826776	-0.011385411032038736	0.004059196399176183
-0.0018900498895472243	-0.0037800997790944485	0.0018900498895472238	0.0018900498895472245	0.0018900498895472251	-0.0018900498895472247	-0.003780099779094449	0.001890049889547225	0.0018900498895472258	0.0018900498895472254	0.9617527140631376	0.03256626360423187	0.0019009225535362797	0.0018897522857209597	0.0018903474933734895	-0.039519778128346644
-0.007027921226214189	-0.014055842452428378	0.0070279212262141875	0.00702792122621419	0.007027921226214192	-0.007027921226214189	-0.014055842452428378	0.00702792122621419	0.0070279212262141936	0.007027921226214191	0.08061318249955118	0.8983012816787089	0.007029693369311829	0.007027343735989606	0.007028498716438773	-0.07764152854264345
0.0037951396097903873	0.007590279219580773	-0.003795139609790385	-0.003795139609790386	-0.003795139609790386	0.003795139609790386	0.007590279219580771	-0.0037951396097903865	-0.0037951396097903886	-0.0037951396097903878	0.003843316365827927	0.007562590806760189	0.9961843720469925	-0.0037951424674632192	-0.003795136752117556	0.0013339693736313396
0.005692749170966171	0.01138549834193234	-0.00569274917096617	-0.00569274917096617	-0.00569274917096617	0.00569274917096617	0.011385498341932337	-0.005692749170966168	-0.005692749170966171	-0.0056927491709661705	0.00573282397470355	0.01134541735516542	-0.005692742987936632	0.9943005583228365	-0.005686056664768661	0.0020236316581946903
0.011385419036920884	0.022770838073841764	-0.01138541903692088	-0.01138541903692088	-0.011385419036920884	0.011385419036920882	0.02277083807384176	-0.011385419036920879	-0.011385419036920886	-0.011385419036920882	0.011465568431734836	0.022690676312992583	-0.011385406670885646	-0.011372050425537305	0.9886012123516958	0.004047231056531809
-0.005648032586925987	-0.011296065173851972	0.005648032586925984	0.005648032586925986	0.005648032586925987	-0.005648032586925987	-0.011296065173851972	0.005648032586925986	0.005648032586925988	0.005648032586925988	-0.22362944227225418	0.20674305816535857	0.005590318933043479	0.005659619623398792	0.00563644555045318	0.7648971006001885