0.9986218006695657	-0.002756398660868861	0.0013781993304344308	0.0013781993304344308	0.0013781993304344306	-0.0013781993304344308	-0.002756398660868861	0.0013781993304344312	0.0013781993304344303	0.001378199330434431	-0.0013858659167616584	-0.0027487304870260736	0.0013781977429188719	0.0013781999008046966	0.001378198760064165	-0.0005294017559712119
-0.005512797321737724	0.9889744053565243	0.005512797321737721	0.005512797321737721	0.0055127973217377205	-0.005512797321737721	-0.011025594643475441	0.005512797321737723	0.00551279732173772	0.005512797321737721	-0.005543463667046632	-0.010994921948104293	0.005512790971675487	0.0055127996032187845	0.005512795040256657	-0.0021176070238848477
0.002756398660868861	0.005512797321737722	0.9972436013391309	-0.0027563986608688616	-0.002756398660868861	0.002756398660868862	0.005512797321737721	-0.002756398660868862	-0.0027563986608688607	-0.002756398660868862	0.0027717318335233167	0.00549746097405215	-0.002756395485837743	-0.0027563998016093944	-0.0027563975201283296	0.001058803511942424
0.0041345979913032915	0.008269195982606581	-0.004134597991303291	0.9958654020086969	-0.004134597991303291	0.0041345979913032915	0.008269195982606583	-0.004134597991303293	-0.00413459799130329	-0.0041345979913032915	0.0041575977502849755	0.008246191461078231	-0.004134593228756617	-0.004134599702414092	-0.004134596280192496	0.001588205267913636
0.008269195982606581	0.016538391965213155	-0.008269195982606578	-0.008269195982606578	0.9917308040173931	0.00826919598260658	0.016538391965213155	-0.008269195982606581	-0.008269195982606578	-0.008269195982606581	0.008315195500569946	0.016492382922156445	-0.00826918645751323	-0.008269199404828178	-0.008269192560384987	0.0031764105358272716
-0.0013781993304344306	-0.002756398660868861	0.0013781993304344303	0.0013781993304344306	0.0013781993304344301	0.9986218006695655	-0.0027563986608688607	0.001378199330434431	0.0013781993304344303	0.001378199330434431	-0.0013858659167616575	-0.002748730487026074	0.0013781977429188719	0.0013781999008046968	0.0013781987600641648	-0.0005294017559712119
-0.005512797321737724	-0.011025594643475446	0.005512797321737723	0.005512797321737724	0.005512797321737723	-0.005512797321737723	0.9889744053565243	0.005512797321737723	0.005512797321737721	0.005512797321737723	-0.0055434636670466325	-0.010994921948104293	0.005512790971675486	0.005512799603218788	0.0055127950402566565	-0.0021176070238848477
0.0027563986608688624	0.005512797321737725	-0.002756398660868862	-0.0027563986608688624	-0.0027563986608688616	0.002756398660868862	0.005512797321737724	0.9972436013391314	-0.0027563986608688616	-0.002756398660868863	0.002771731833523317	0.005497460974052151	-0.0027563954858377446	-0.0027563998016093944	-0.0027563975201283296	0.0010588035119424243
0.004134597991303292	0.008269195982606583	-0.0041345979913032915	-0.0041345979913032915	-0.0041345979913032915	0.004134597991303292	0.008269195982606585	-0.004134597991303292	0.9958654020086962	-0.004134597991303292	0.004157597750284975	0.008246191461078228	-0.004134593228756617	-0.00413459970241409	-0.004134596280192494	0.001588205267913636
0.008269195982606585	0.016538391965213166	-0.008269195982606583	-0.008269195982606583	-0.008269195982606583	0.008269195982606585	0.01653839196521317	-0.008269195982606585	-0.008269195982606581	0.9917308040173937	0.008315195500569951	0.016492382922156452	-0.008269186457513235	-0.008269199404828178	-0.008269192560384987	0.0031764105358272716
-0.0013748092545575025	-0.0027496185091150046	0.0013748092545575023	0.0013748092545575025	0.001374809254557502	-0.0013748092545575023	-0.0027496185091150046	0.001374809254557502	0.0013748092545575023	0.0013748092545575023	0.9692263475382373	0.026640354107387715	0.0013836798452599843	0.0013746391885346358	0.00137497932058037	-0.031687567128646205
-0.005200543929671118	-0.010401087859342234	0.005200543929671117	0.005200543929671118	0.005200543929671116	-0.005200543929671117	-0.010401087859342234	0.005200543929671118	0.005200543929671116	0.005200543929671116	0.06415362202259636	0.92024332655957	0.005201963558491144	0.005200212155980108	0.005200875703362127	-0.06251808985984497
0.0027563986054918934	0.005512797210983786	-0.002756398605491893	-0.002756398605491893	-0.002756398605491892	0.002756398605491893	0.005512797210983786	-0.002756398605491893	-0.002756398605491892	-0.002756398605491893	0.002789530127868064	0.005496383615759268	0.9972268834673568	-0.002756399834215083	-0.002756397376768704	0.0010431788883376637
0.004134618662028407	0.008269237324056813	-0.0041346186620284065	-0.004134618662028406	-0.004134618662028405	0.004134618662028406	0.008269237324056811	-0.0041346186620284065	-0.004134618662028405	-0.004134618662028406	0.0041580244700946305	0.008245826651838978	-0.0041346137978767955	0.9958605193497638	-0.004129756673820282	0.0015837728897284361
0.008269195942835888	0.01653839188567177	-0.008269195942835884	-0.008269195942835884	-0.008269195942835884	0.008269195942835886	0.016538391885671768	-0.008269195942835886	-0.008269195942835884	-0.008269195942835884	0.00831600745926731	0.01649157064095619	-0.008269186214551727	-0.00825947889933855	0.9917210870136663	0.003167528225290245
-0.00411450557262673	-0.00822901114525346	0.00411450557262673	0.00411450557262673	0.004114505572626728	-0.00411450557262673	-0.00822901114525346	0.004114505572626731	0.00411450557262673	0.00411450557262673	-0.18038471772821962	0.1680883008383699	0.0040674057445962775	0.004123203925545024	0.004105807219708432	0.8114524973615274