0.9976003664820362	-0.004799267035926467	0.0023996335179632335	0.0023996335179632335	0.0023996335179632335	-0.0023996335179632335	-0.004799267035926467	0.002399633517963233	0.0023996335179632335	0.0023996335179632335	-0.002417140979328233	-0.004781758402544468	0.002399632345946235	0.002399636055403316	0.0023996309805231503	-0.0007972568378741611
-0.009598534071852934	0.9808029318562942	0.009598534071852936	0.009598534071852937	0.009598534071852937	-0.009598534071852937	-0.019197068143705875	0.009598534071852937	0.009598534071852939	0.009598534071852943	-0.009668563917312937	-0.01912703361017788	0.009598529383784938	0.009598544221613265	0.009598523922092603	-0.003189027351496644
0.004799267035926467	0.009598534071852934	0.9952007329640735	-0.004799267035926467	-0.004799267035926467	0.004799267035926467	0.009598534071852934	-0.004799267035926467	-0.004799267035926467	-0.0047992670359264696	0.004834281958656466	0.009563516805088938	-0.004799264691892467	-0.004799272110806633	-0.004799261961046301	0.0015945136757483222
0.007198900553889703	0.01439780110777941	-0.007198900553889704	0.9928010994461106	-0.007198900553889705	0.007198900553889705	0.014397801107779409	-0.007198900553889705	-0.007198900553889704	-0.007198900553889708	0.007251422937984701	0.014345275207633408	-0.007198897037838704	-0.00719890816620995	-0.007198892941569455	0.0023917705136224836
0.014397801107779403	0.028795602215558814	-0.014397801107779407	-0.014397801107779407	0.9856021988922203	0.014397801107779403	0.028795602215558807	-0.014397801107779405	-0.014397801107779405	-0.01439780110777941	0.014502845875969402	0.02869055041526681	-0.0143977940756774	-0.014397816332419894	-0.014397785883138902	0.0047835410272449655
-0.0023996335179632335	-0.004799267035926468	0.0023996335179632335	0.002399633517963234	0.002399633517963234	0.9976003664820369	-0.004799267035926467	0.0023996335179632335	0.0023996335179632335	0.0023996335179632343	-0.0024171409793282334	-0.004781758402544469	0.002399632345946234	0.002399636055403317	0.0023996309805231503	-0.0007972568378741614
-0.009598534071852934	-0.019197068143705868	0.009598534071852934	0.009598534071852934	0.009598534071852934	-0.009598534071852934	0.9808029318562942	0.009598534071852934	0.009598534071852936	0.009598534071852937	-0.009668563917312934	-0.019127033610177875	0.00959852938378494	0.009598544221613268	0.009598523922092603	-0.0031890273514966444
0.004799267035926467	0.009598534071852936	-0.004799267035926467	-0.004799267035926467	-0.004799267035926468	0.004799267035926467	0.009598534071852934	0.9952007329640735	-0.004799267035926467	-0.004799267035926468	0.004834281958656467	0.009563516805088941	-0.004799264691892468	-0.004799272110806632	-0.0047992619610463015	0.0015945136757483224
0.007198900553889703	0.014397801107779409	-0.007198900553889704	-0.007198900553889705	-0.0071989005538897035	0.007198900553889703	0.014397801107779405	-0.007198900553889704	0.9928010994461105	-0.007198900553889706	0.007251422937984701	0.01434527520763341	-0.007198897037838703	-0.00719890816620995	-0.007198892941569453	0.0023917705136224827
0.014397801107779407	0.02879560221555882	-0.01439780110777941	-0.01439780110777941	-0.014397801107779409	0.014397801107779407	0.028795602215558814	-0.01439780110777941	-0.014397801107779409	0.9856021988922209	0.014502845875969402	0.028690550415266823	-0.014397794075677406	-0.014397816332419896	-0.014397785883138904	0.004783541027244967
-0.0023862381401888954	-0.004772476280377792	0.0023862381401888954	0.0023862381401888962	0.0023862381401888962	-0.002386238140188896	-0.0047724762803777925	0.002386238140188896	0.0023862381401888962	0.0023862381401888967	0.9552418365356211	0.03758708531765753	0.0023986018663440605	0.0023857928154501725	0.002386683464927618	-0.04623175020479456
-0.008733216821144358	-0.017466433642288715	0.008733216821144358	0.008733216821144361	0.00873321682114436	-0.00873321682114436	-0.017466433642288722	0.008733216821144361	0.008733216821144361	0.008733216821144363	0.09441018947007472	0.8793883380393935	0.008735038848242909	0.008732356019472146	0.008734077622816567	-0.0906054083484576
0.004799266921718394	0.00959853384343679	-0.004799266921718393	-0.004799266921718395	-0.004799266921718394	0.004799266921718394	0.009598533843436787	-0.004799266921718393	-0.004799266921718394	-0.004799266921718394	0.004859395590829127	0.00956189281251369	0.9951772454400938	-0.004799272220887085	-0.004799261622549699	0.0015724821680803938
0.007198964522374549	0.0143979290447491	-0.00719896452237455	-0.007198964522374551	-0.00719896452237455	0.00719896452237455	0.0143979290447491	-0.007198964522374552	-0.00719896452237455	-0.007198964522374553	0.007252491284400105	0.014344398528289533	-0.00719896076794054	0.9927925749516646	-0.007190503996413784	0.0023843714186612746
0.014397800867774441	0.02879560173554889	-0.014397800867774447	-0.014397800867774447	-0.014397800867774445	0.014397800867774445	0.02879560173554889	-0.014397800867774448	-0.014397800867774445	-0.014397800867774448	0.014504854085631692	0.02868854100881021	-0.014397793358893024	-0.014380910524627623	0.9855853087890784	0.004768692678581292
-0.007119205597274546	-0.014238411194549095	0.0071192055972745475	0.0071192055972745475	0.0071192055972745475	-0.0071192055972745475	-0.014238411194549093	0.007119205597274548	0.007119205597274547	0.007119205597274548	-0.26115723002469976	0.23986636820140894	0.00705245062874159	0.007133431587321894	0.0071049796072271965	0.7249843850805539