0.9993212065654188	-0.0013575868691628975	0.0006787934345814488	0.0006787934345814488	0.0006787934345814486	-0.0006787934345814485	-0.001357586869162897	0.0006787934345814485	0.0006787934345814488	0.0006787934345814484	-0.0006804139781373984	-0.0013559659203198672	0.0006787930292943683	0.0006787935151107275	0.0006787933540521701	-0.0002921176799725963
-0.0027151737383257954	0.9945696525233488	0.0027151737383257954	0.0027151737383257954	0.0027151737383257946	-0.002715173738325794	-0.005430347476651588	0.002715173738325794	0.0027151737383257954	0.0027151737383257937	-0.0027216559125495935	-0.005423863681279468	0.002715172117177473	0.0027151740604429105	0.0027151734162086795	-0.0011684707198903856
0.0013575868691628982	0.0027151737383257967	0.9986424131308371	-0.0013575868691628982	-0.001357586869162898	0.0013575868691628977	0.002715173738325795	-0.0013575868691628975	-0.001357586869162898	-0.0013575868691628975	0.0013608279562747965	0.002711931840639734	-0.001357586058588737	-0.0013575870302214561	-0.00135758670810434	0.000584235359945193
0.0020363803037443447	0.0040727606074886895	-0.0020363803037443447	0.9979636196962557	-0.002036380303744346	0.0020363803037443456	0.004072760607488691	-0.002036380303744346	-0.0020363803037443456	-0.0020363803037443456	0.0020412419344121953	0.004067897760959599	-0.002036379087883104	-0.0020363805453321826	-0.0020363800621565095	0.0008763530399177892
0.004072760607488692	0.008145521214977384	-0.004072760607488692	-0.004072760607488693	0.9959272393925112	0.004072760607488692	0.008145521214977384	-0.004072760607488693	-0.004072760607488693	-0.004072760607488693	0.004082483868824392	0.0081357955219192	-0.004072758175766208	-0.004072761090664365	-0.00407276012431302	0.0017527060798355786
-0.0006787934345814485	-0.001357586869162897	0.0006787934345814485	0.0006787934345814488	0.0006787934345814485	0.9993212065654187	-0.0013575868691628969	0.0006787934345814484	0.0006787934345814488	0.0006787934345814483	-0.0006804139781373983	-0.0013559659203198667	0.0006787930292943681	0.0006787935151107281	0.00067879335405217	-0.00029211767997259624
-0.0027151737383257946	-0.005430347476651589	0.0027151737383257946	0.002715173738325795	0.0027151737383257946	-0.0027151737383257946	0.9945696525233483	0.002715173738325794	0.002715173738325795	0.0027151737383257937	-0.0027216559125495922	-0.005423863681279467	0.0027151721171774727	0.0027151740604429114	0.00271517341620868	-0.0011684707198903852
0.001357586869162898	0.0027151737383257963	-0.001357586869162898	-0.0013575868691628982	-0.001357586869162898	0.001357586869162898	0.0027151737383257954	0.9986424131308371	-0.001357586869162898	-0.0013575868691628975	0.0013608279562747963	0.002711931840639735	-0.0013575860585887368	-0.0013575870302214564	-0.0013575867081043404	0.000584235359945193
0.0020363803037443456	0.004072760607488691	-0.0020363803037443456	-0.0020363803037443456	-0.0020363803037443456	0.0020363803037443456	0.004072760607488691	-0.002036380303744346	0.9979636196962558	-0.002036380303744346	0.0020412419344121953	0.004067897760959599	-0.0020363790878831036	-0.002036380545332183	-0.002036380062156509	0.0008763530399177892
0.004072760607488693	0.008145521214977386	-0.004072760607488693	-0.004072760607488694	-0.004072760607488694	0.004072760607488694	0.008145521214977388	-0.004072760607488695	-0.004072760607488694	0.9959272393925112	0.004082483868824391	0.008135795521919202	-0.004072758175766208	-0.004072761090664365	-0.00407276012431302	0.0017527060798355786
-0.0006782577683182975	-0.0013565155366365947	0.0006782577683182973	0.0006782577683182973	0.0006782577683182973	-0.0006782577683182973	-0.001356515536636594	0.0006782577683182973	0.0006782577683182973	0.0006782577683182973	0.9816985827824124	0.01626144123034444	0.0006834604506066473	0.0006782106812706877	0.000678304855365907	-0.01857647137441189
-0.00263201134561589	-0.00526402269123178	0.0026320113456158897	0.0026320113456158906	0.00263201134561589	-0.00263201134561589	-0.005264022691231779	0.00263201134561589	0.00263201134561589	0.0026320113456158897	0.03657603429761774	0.9555273372490679	0.002632605762082671	0.002631918546987676	0.0026321041442441046	-0.037027055044188954
0.0013575868627536704	0.0027151737255073404	-0.00135758686275367	-0.0013575868627536702	-0.00135758686275367	0.0013575868627536698	0.002715173725507339	-0.0013575868627536698	-0.00135758686275367	-0.0013575868627536695	0.0013712392187398008	0.002711497623011567	0.9986324368837565	-0.00135758704885183	-0.0013575866766555088	0.0005747023691865641
0.002036385249173256	0.0040727704983465115	-0.0020363852491732557	-0.0020363852491732553	-0.0020363852491732557	0.0020363852491732557	0.0040727704983465115	-0.002036385249173256	-0.002036385249173256	-0.002036385249173256	0.002041369307717403	0.004067785191909589	-0.002036384001280482	0.9979612194019749	-0.0020339899003208994	0.0008740855022136627
0.004072760604089836	0.008145521208179672	-0.004072760604089835	-0.004072760604089835	-0.004072760604089835	0.004072760604089835	0.00814552120817967	-0.004072760604089835	-0.004072760604089835	-0.004072760604089835	0.004082728709784572	0.008135550606702182	-0.0040727581083070865	-0.004067970894828745	0.9959224496866492	0.001748166517742722
-0.002033233497193536	-0.004066466994387071	0.0020332334971935357	0.002033233497193535	0.002033233497193536	-0.002033233497193536	-0.004066466994387072	0.002033233497193536	0.002033233497193536	0.0020332334971935365	-0.10770774165882774	0.10163668697815993	0.0020045876862807423	0.002037740924790783	0.002028726069596288	0.8894124218820351