0.9988478069831738	-0.002304386033653065	0.0011521930168265325	0.0011521930168265325	0.001152193016826533	-0.0011521930168265325	-0.0023043860336530654	0.0011521930168265325	0.0011521930168265323	0.0011521930168265325	-0.0011575708272837724	-0.0022990070197442007	0.0011521918133749083	0.0011521933666472817	0.001152192667005785	-0.0004580262556791629
-0.004608772067306129	0.9907824558653877	0.00460877206730613	0.004608772067306129	0.00460877206730613	-0.004608772067306129	-0.00921754413461226	0.00460877206730613	0.004608772067306129	0.004608772067306129	-0.004630283309135091	-0.009196028078976801	0.004608767253499633	0.004608773466589124	0.004608770668023138	-0.0018321050227166518
0.0023043860336530646	0.004608772067306129	0.9976956139663469	-0.002304386033653064	-0.002304386033653065	0.002304386033653064	0.004608772067306129	-0.0023043860336530646	-0.0023043860336530637	-0.002304386033653064	0.0023151416545675444	0.004598014039488402	-0.002304383626749818	-0.0023043867332945625	-0.0023043853340115696	0.0009160525113583255
0.003456579050479597	0.006913158100959194	-0.0034565790504795975	0.99654342094952	-0.0034565790504795984	0.003456579050479597	0.006913158100959195	-0.0034565790504795984	-0.003456579050479596	-0.0034565790504795975	0.0034727124818513164	0.0068970210592326	-0.0034565754401247252	-0.003456580099941841	-0.0034565780010173543	0.0013740787670374881
0.006913158100959198	0.013826316201918395	-0.0069131581009591984	-0.006913158100959197	0.9930868418990411	0.006913158100959197	0.013826316201918395	-0.0069131581009591984	-0.006913158100959195	-0.006913158100959198	0.0069454249637026354	0.013794042118465202	-0.006913150880249452	-0.006913160199883684	-0.0069131560020347085	0.0027481575340749767
-0.0011521930168265323	-0.002304386033653065	0.0011521930168265323	0.0011521930168265323	0.0011521930168265323	0.9988478069831735	-0.0023043860336530654	0.0011521930168265327	0.0011521930168265323	0.0011521930168265325	-0.0011575708272837722	-0.0022990070197442007	0.0011521918133749083	0.0011521933666472813	0.0011521926670057846	-0.00045802625567916273
-0.00460877206730613	-0.009217544134612262	0.00460877206730613	0.00460877206730613	0.00460877206730613	-0.004608772067306131	0.9907824558653882	0.00460877206730613	0.004608772067306128	0.00460877206730613	-0.004630283309135091	-0.009196028078976806	0.004608767253499634	0.004608773466589125	0.004608770668023137	-0.0018321050227166516
0.0023043860336530646	0.00460877206730613	-0.0023043860336530646	-0.0023043860336530646	-0.0023043860336530646	0.0023043860336530646	0.00460877206730613	0.9976956139663469	-0.0023043860336530646	-0.0023043860336530646	0.002315141654567545	0.004598014039488402	-0.0023043836267498175	-0.002304386733294562	-0.002304385334011569	0.0009160525113583255
0.0034565790504795975	0.006913158100959195	-0.003456579050479598	-0.003456579050479597	-0.003456579050479598	0.0034565790504795975	0.006913158100959196	-0.003456579050479598	0.9965434209495196	-0.003456579050479597	0.003472712481851316	0.006897021059232599	-0.003456575440124725	-0.0034565800999418407	-0.0034565780010173534	0.0013740787670374881
0.006913158100959196	0.013826316201918392	-0.006913158100959197	-0.006913158100959195	-0.006913158100959196	0.006913158100959196	0.013826316201918392	-0.006913158100959197	-0.006913158100959194	0.9930868418990407	0.006945424963702635	0.0137940421184652	-0.006913150880249451	-0.006913160199883683	-0.006913156002034708	0.002748157534074977
-0.0011500431611007973	-0.0023000863222015946	0.0011500431611007973	0.0011500431611007973	0.0011500431611007973	-0.0011500431611007973	-0.0023000863222015946	0.0011500431611007973	0.0011500431611007969	0.001150043161100797	0.9728572847612438	0.02368476173225056	0.001157867184303679	0.001149919544548975	0.0011501667776526192	-0.02785906827927891
-0.004384624471082639	-0.008769248942165277	0.004384624471082638	0.004384624471082638	0.004384624471082638	-0.004384624471082638	-0.008769248942165278	0.004384624471082638	0.004384624471082638	0.004384624471082638	0.0560485153025842	0.9307964277668325	0.004385807988418062	0.004384382622506519	0.00438486631965876	-0.05510929368700529
0.002304385999554625	0.004608771999109251	-0.002304385999554625	-0.002304385999554625	-0.002304385999554625	0.0023043859995546248	0.004608771999109251	-0.002304385999554625	-0.0023043859995546248	-0.002304385999554625	0.0023308210547664686	0.004597129924723477	0.9976808210196195	-0.002304386763655132	-0.0023043852354541192	0.0009021623037301511
0.003456593432919208	0.006913186865838415	-0.003456593432919208	-0.0034565934329192066	-0.003456593432919208	0.003456593432919208	0.006913186865838416	-0.0034565934329192087	-0.003456593432919207	-0.003456593432919208	0.0034730286956831144	0.0068967479161620255	-0.003456589746006729	0.9965393414831814	-0.0034525283490192153	0.0013703321355674858
0.00691315807920555	0.013826316158411098	-0.00691315807920555	-0.006913158079205549	-0.006913158079205549	0.006913158079205549	0.013826316158411098	-0.00691315807920555	-0.0069131580792055475	-0.006913158079205549	0.006946028544307625	0.013793438319496944	-0.006913150705393475	-0.006905032171622784	0.993078716013212	0.0027406518164588274
-0.003443858811862132	-0.006887717623724264	0.003443858811862132	0.003443858811862132	0.003443858811862132	-0.003443858811862132	-0.006887717623724264	0.003443858811862132	0.003443858811862131	0.003443858811862131	-0.15929544155560116	0.1490056910417974	0.003402032890079427	0.0034512440659385116	0.0034364735577857527	0.83421099902546