0.9977255160115321	-0.004548967976935801	0.0022744839884679003	0.0022744839884679016	0.0022744839884679007	-0.002274483988467901	-0.0045489679769358	0.0022744839884679003	0.0022744839884679007	0.0022744839884679003	-0.0022910441879129225	-0.004532406246104623	0.0022744824570817444	0.002274486187280021	0.0022744817896557805	-0.0007691371773767434
-0.009097935953871605	0.9818041280922566	0.009097935953871603	0.009097935953871608	0.009097935953871605	-0.009097935953871606	-0.018195871907743202	0.009097935953871605	0.009097935953871606	0.009097935953871605	-0.009164176751651692	-0.0181296249844185	0.009097929828326978	0.009097944749120082	0.009097927158623122	-0.003076548709506973
0.0045489679769358	0.009097935953871601	0.9954510320230635	-0.004548967976935803	-0.0045489679769358015	0.004548967976935802	0.0090979359538716	-0.0045489679769358015	-0.0045489679769358015	-0.0045489679769358	0.004582088375825843	0.00906481249220925	-0.004548964914163489	-0.004548972374560043	-0.004548963579311562	0.001538274354753487
0.0068234519654037035	0.013646903930807409	-0.006823451965403704	0.9931765480345965	-0.006823451965403703	0.0068234519654037035	0.013646903930807409	-0.0068234519654037035	-0.0068234519654037035	-0.006823451965403704	0.00687313256373877	0.013597218738313878	-0.0068234473712452375	-0.0068234585618400624	-0.006823445368967348	0.0023074115321302293
0.013646903930807409	0.027293807861614817	-0.013646903930807409	-0.01364690393080741	0.9863530960691926	0.01364690393080741	0.027293807861614824	-0.013646903930807412	-0.013646903930807414	-0.013646903930807414	0.013746265127477541	0.027194437476627763	-0.013646894742490473	-0.01364691712368013	-0.013646890737934694	0.004614823064260459
-0.0022744839884679007	-0.004548967976935802	0.0022744839884679016	0.0022744839884679016	0.002274483988467901	0.9977255160115321	-0.004548967976935803	0.002274483988467902	0.002274483988467902	0.002274483988467901	-0.002291044187912923	-0.004532406246104626	0.0022744824570817444	0.0022744861872800214	0.0022744817896557814	-0.0007691371773767436
-0.009097935953871605	-0.01819587190774321	0.009097935953871606	0.009097935953871608	0.009097935953871605	-0.009097935953871605	0.9818041280922568	0.009097935953871606	0.009097935953871606	0.009097935953871605	-0.00916417675165169	-0.018129624984418495	0.00909792982832698	0.009097944749120086	0.009097927158623129	-0.003076548709506974
0.004548967976935801	0.009097935953871603	-0.004548967976935802	-0.004548967976935802	-0.0045489679769358015	0.0045489679769358015	0.009097935953871603	0.995451032023064	-0.004548967976935802	-0.0045489679769358015	0.004582088375825845	0.009064812492209251	-0.004548964914163489	-0.004548972374560041	-0.004548963579311562	0.0015382743547534866
0.0068234519654037035	0.013646903930807409	-0.006823451965403704	-0.006823451965403704	-0.006823451965403704	0.006823451965403704	0.013646903930807409	-0.006823451965403704	0.9931765480345963	-0.006823451965403705	0.006873132563738769	0.01359721873831388	-0.006823447371245233	-0.006823458561840064	-0.0068234453689673446	0.0023074115321302293
0.013646903930807409	0.02729380786161482	-0.01364690393080741	-0.01364690393080741	-0.01364690393080741	0.01364690393080741	0.02729380786161482	-0.01364690393080741	-0.013646903930807409	0.9863530960691929	0.013746265127477538	0.02719443747662776	-0.01364689474249047	-0.013646917123680132	-0.013646890737934693	0.00461482306426046
-0.0022627413140641818	-0.0045254826281283635	0.002262741314064182	0.002262741314064182	0.002262741314064182	-0.002262741314064182	-0.0045254826281283635	0.0022627413140641818	0.0022627413140641818	0.0022627413140641818	0.9568189247250934	0.03638082317595364	0.0022747694708240623	0.0022623349003106064	0.002263147727817756	-0.04461746496652509
-0.008313717093707769	-0.016627434187415545	0.008313717093707774	0.008313717093707772	0.008313717093707769	-0.008313717093707772	-0.016627434187415545	0.008313717093707774	0.008313717093707772	0.008313717093707769	0.09112333027524804	0.883933681322675	0.008315554214661616	0.008312930825380656	0.008314503362034879	-0.08748605306885592
0.0045489678568411025	0.009097935713682207	-0.004548967856841103	-0.004548967856841103	-0.0045489678568411025	0.0045489678568411025	0.009097935713682205	-0.0045489678568411025	-0.0045489678568411025	-0.004548967856841102	0.00460646568688974	0.009063226405151463	0.9954282436216406	-0.004548972459696168	-0.004548963253986038	0.0015169480400477335
0.006823509289365557	0.013647018578731115	-0.006823509289365557	-0.006823509289365558	-0.006823509289365558	0.006823509289365558	0.013647018578731115	-0.006823509289365558	-0.006823509289365556	-0.006823509289365557	0.006874110036437408	0.013596413017851434	-0.006823504475557721	0.9931684707243058	-0.006815489303037071	0.002300365032866243
0.013646903728530542	0.027293807457061087	-0.013646903728530543	-0.013646903728530543	-0.013646903728530543	0.013646903728530543	0.027293807457061087	-0.013646903728530542	-0.013646903728530542	-0.013646903728530542	0.01374810493470581	0.02719259662327225	-0.013646894100916964	-0.013630890375620092	0.9863370829185588	0.004600684687604873
-0.006753610544332115	-0.013507221088664234	0.006753610544332118	0.006753610544332119	0.006753610544332118	-0.006753610544332118	-0.013507221088664235	0.006753610544332118	0.006753610544332118	0.006753610544332118	-0.25207724295017797	0.23188098843649818	0.006689033425015465	0.006767191995669281	0.006740029092994952	0.734586465537192