0.9991152705045618	-0.0017694589908763823	0.0008847294954381907	0.0008847294954381911	0.0008847294954381909	-0.0008847294954381909	-0.001769458990876382	0.0008847294954381908	0.0008847294954381911	0.0008847294954381908	-0.000887756610957266	-0.0017664311493570672	0.0008847287694379508	0.0008847296642592608	0.0008847293266171213	-0.00036724189140196426
-0.0035389179817527637	0.9929221640364947	0.003538917981752763	0.0035389179817527645	0.0035389179817527637	-0.0035389179817527637	-0.007077835963505528	0.0035389179817527637	0.0035389179817527645	0.0035389179817527632	-0.003551026443829065	-0.007065724597428269	0.0035389150777518025	0.003538918657037043	0.0035389173064684855	-0.0014689675656078564
0.0017694589908763814	0.0035389179817527637	0.9982305410091233	-0.0017694589908763818	-0.0017694589908763814	0.0017694589908763816	0.0035389179817527632	-0.0017694589908763814	-0.001769458990876382	-0.0017694589908763814	0.0017755132219145322	0.0035328622987141345	-0.0017694575388759008	-0.0017694593285185211	-0.0017694586532342419	0.0007344837828039284
0.0026541884863145733	0.005308376972629148	-0.0026541884863145724	0.9973458115136855	-0.002654188486314573	0.0026541884863145724	0.005308376972629146	-0.0026541884863145724	-0.002654188486314573	-0.0026541884863145724	0.0026632698328717982	0.005299293448071199	-0.002654186308313852	-0.0026541889927777828	-0.0026541879798513625	0.0011017256742058936
0.0053083769726291466	0.010616753945258297	-0.005308376972629145	-0.005308376972629147	0.9946916230273709	0.005308376972629146	0.010616753945258293	-0.0053083769726291466	-0.005308376972629147	-0.005308376972629146	0.005326539665743598	0.010598586896142402	-0.005308372616627704	-0.005308377985555565	-0.005308375959702728	0.0022034513484117876
-0.0008847294954381909	-0.0017694589908763823	0.0008847294954381909	0.0008847294954381911	0.0008847294954381911	0.9991152705045618	-0.0017694589908763825	0.0008847294954381911	0.0008847294954381913	0.0008847294954381911	-0.0008877566109572661	-0.0017664311493570668	0.0008847287694379507	0.0008847296642592606	0.0008847293266171209	-0.0003672418914019642
-0.0035389179817527645	-0.007077835963505531	0.0035389179817527645	0.0035389179817527654	0.0035389179817527654	-0.0035389179817527654	0.9929221640364947	0.0035389179817527645	0.0035389179817527663	0.003538917981752765	-0.003551026443829066	-0.00706572459742827	0.0035389150777518034	0.0035389186570370435	0.0035389173064684846	-0.0014689675656078573
0.001769458990876382	0.003538917981752765	-0.001769458990876382	-0.0017694589908763825	-0.0017694589908763825	0.0017694589908763825	0.0035389179817527654	0.9982305410091238	-0.001769458990876383	-0.0017694589908763825	0.0017755132219145324	0.003532862298714134	-0.0017694575388759015	-0.0017694593285185218	-0.001769458653234242	0.0007344837828039289
0.002654188486314572	0.005308376972629146	-0.002654188486314571	-0.0026541884863145724	-0.0026541884863145724	0.0026541884863145715	0.005308376972629145	-0.002654188486314572	0.9973458115136858	-0.002654188486314572	0.002663269832871798	0.005299293448071199	-0.0026541863083138517	-0.002654188992777782	-0.002654187979851363	0.0011017256742058934
0.005308376972629145	0.010616753945258293	-0.005308376972629143	-0.005308376972629146	-0.005308376972629146	0.005308376972629144	0.010616753945258291	-0.005308376972629145	-0.005308376972629146	0.9946916230273708	0.0053265396657435965	0.010598586896142398	-0.0053083726166277025	-0.005308377985555564	-0.005308375959702726	0.002203451348411787
-0.0008836464318900472	-0.0017672928637800947	0.0008836464318900471	0.0008836464318900475	0.0008836464318900474	-0.0008836464318900474	-0.001767292863780095	0.0008836464318900474	0.0008836464318900476	0.0008836464318900472	0.9776009129249283	0.019741725918883405	0.0008900682924081452	0.0008835697654774816	0.0008837230983026132	-0.02286445174993027
-0.003401950487725019	-0.006803900975450038	0.0034019504877250183	0.003401950487725019	0.003401950487725019	-0.0034019504877250196	-0.006803900975450039	0.0034019504877250196	0.0034019504877250196	0.0034019504877250187	0.04551484330976822	0.9442784460605305	0.003402809654251013	0.00340179990968192	0.0034021010657681173	-0.045406151958309035
0.0017694589755564843	0.0035389179511129683	-0.0017694589755564837	-0.0017694589755564841	-0.001769458975556484	0.001769458975556484	0.0035389179511129687	-0.001769458975556484	-0.0017694589755564841	-0.0017694589755564837	0.001788370299719561	0.003532229404880204	0.9982183182465129	-0.0017694593535984829	-0.0017694585975144865	0.0007229083613222012
0.002654196921779734	0.005308393843559468	-0.0026541969217797334	-0.002654196921779734	-0.002654196921779734	0.0026541969217797334	0.005308393843559469	-0.002654196921779734	-0.0026541969217797343	-0.002654196921779733	0.002663471661320507	0.005299116876122227	-0.0026541946938832706	0.9973426812896559	-0.0026510751332152367	0.0010988068818939111
0.005308376963903789	0.010616753927807582	-0.0053083769639037885	-0.005308376963903791	-0.00530837696390379	0.0053083769639037885	0.01061675392780758	-0.005308376963903789	-0.005308376963903791	-0.0053083769639037885	0.005326926415948783	0.010598200019975964	-0.005308372508117174	-0.0053021354498090775	0.9946853815220014	0.0021976062732677174
-0.002647800132463408	-0.005295600264926817	0.002647800132463408	0.0026478001324634084	0.002647800132463408	-0.002647800132463408	-0.005295600264926817	0.002647800132463408	0.0026478001324634084	0.0026478001324634075	-0.1316583889766753	0.12374980164763597	0.00261298706411253	0.002653582152634445	0.0026420181122923715	0.863908342564201