0.9987935750607951	-0.002412849878409793	0.0012064249392048968	0.0012064249392048966	0.0012064249392048961	-0.001206424939204897	-0.0024128498784097927	0.001206424939204897	0.0012064249392048966	0.001206424939204897	-0.001212333244076558	-0.0024069402733218354	0.001206423638988601	0.0012064253359699993	0.0012064245424397934	-0.0004755810968668243
-0.004825699756819586	0.9903486004863612	0.004825699756819585	0.004825699756819585	0.004825699756819583	-0.0048256997568195854	-0.009651399513639167	0.004825699756819586	0.004825699756819585	0.004825699756819586	-0.0048493329763062325	-0.009627761093287336	0.0048256945559544	0.004825701343879999	0.004825698169759171	-0.0019023243874672973
0.002412849878409794	0.004825699756819587	0.9975871501215902	-0.002412849878409793	-0.0024128498784097923	0.0024128498784097936	0.004825699756819585	-0.002412849878409793	-0.0024128498784097927	-0.0024128498784097936	0.0024246664881531163	0.00481388054664367	-0.002412847277977201	-0.0024128506719399982	-0.0024128490848795863	0.0009511621937336487
0.003619274817614691	0.007238549635229381	-0.0036192748176146904	0.9963807251823856	-0.00361927481761469	0.0036192748176146917	0.007238549635229382	-0.0036192748176146917	-0.00361927481761469	-0.003619274817614691	0.0036369997322296768	0.0072208208199655045	-0.0036192709169658	-0.00361927600791	-0.00361927362731938	0.001426743290600473
0.007238549635229379	0.014477099270458756	-0.007238549635229378	-0.00723854963522938	0.9927614503647704	0.007238549635229382	0.01447709927045876	-0.007238549635229381	-0.007238549635229378	-0.007238549635229381	0.007273999464459352	0.014441641639931007	-0.007238541833931601	-0.007238552015819998	-0.0072385472546387586	0.0028534865812009456
-0.0012064249392048972	-0.002412849878409794	0.001206424939204897	0.0012064249392048972	0.0012064249392048968	0.9987935750607951	-0.0024128498784097927	0.0012064249392048968	0.0012064249392048964	0.0012064249392048966	-0.0012123332440765581	-0.002406940273321834	0.0012064236389886008	0.0012064253359699998	0.0012064245424397932	-0.0004755810968668242
-0.004825699756819585	-0.009651399513639167	0.004825699756819584	0.004825699756819585	0.004825699756819583	-0.004825699756819584	0.9903486004863606	0.004825699756819586	0.004825699756819584	0.004825699756819585	-0.0048493329763062325	-0.009627761093287335	0.004825694555954401	0.004825701343879998	0.004825698169759171	-0.0019023243874672971
0.0024128498784097953	0.00482569975681959	-0.002412849878409795	-0.0024128498784097953	-0.0024128498784097945	0.002412849878409795	0.004825699756819589	0.9975871501215904	-0.002412849878409794	-0.002412849878409794	0.0024246664881531176	0.004813880546643671	-0.002412847277977202	-0.0024128506719400004	-0.002412849084879587	0.0009511621937336491
0.003619274817614691	0.007238549635229381	-0.0036192748176146904	-0.0036192748176146912	-0.0036192748176146904	0.003619274817614691	0.007238549635229381	-0.003619274817614691	0.9963807251823852	-0.0036192748176146904	0.0036369997322296755	0.007220820819965504	-0.0036192709169658	-0.0036192760079099993	-0.0036192736273193793	0.0014267432906004728
0.007238549635229384	0.014477099270458767	-0.007238549635229383	-0.007238549635229385	-0.007238549635229383	0.007238549635229384	0.014477099270458767	-0.007238549635229384	-0.0072385496352293825	0.9927614503647708	0.007273999464459351	0.014441641639931013	-0.007238541833931604	-0.0072385520158199995	-0.0072385472546387586	0.002853486581200947
-0.0012040066180654377	-0.0024080132361308754	0.0012040066180654377	0.0012040066180654381	0.0012040066180654375	-0.0012040066180654377	-0.002408013236130875	0.0012040066180654383	0.0012040066180654375	0.0012040066180654372	0.9719586602524999	0.024421233886293314	0.0012120926250758495	0.0012038723970861202	0.0012041408390447558	-0.02880681840287908
-0.004581591733280097	-0.009163183466560192	0.004581591733280097	0.004581591733280097	0.004581591733280096	-0.004581591733280097	-0.009163183466560192	0.0045815917332800975	0.004581591733280096	0.004581591733280096	0.058054705039982626	0.9281992758032118	0.004582835690245303	0.004581329326800549	0.004581854139759646	-0.056945197854907564
0.002412849839582772	0.004825699679165543	-0.002412849839582772	-0.002412849839582772	-0.0024128498395827713	0.0024128498395827713	0.004825699679165542	-0.0024128498395827717	-0.0024128498395827713	-0.002412849839582771	0.002440875021872786	0.004812948111498179	0.9975718765457949	-0.002412850702963717	-0.002412848976201824	0.0009368396969071783
0.0036192906027935306	0.007238581205587061	-0.0036192906027935306	-0.003619290602793531	-0.00361929060279353	0.003619290602793531	0.007238581205587062	-0.0036192906027935315	-0.00361929060279353	-0.0036192906027935306	0.0036373413539609804	0.007220526471398215	-0.0036192866197721336	0.996376453074162	-0.003615034279748896	0.0014228310204984008
0.007238549609798175	0.01447709921959635	-0.007238549609798176	-0.007238549609798175	-0.007238549609798174	0.007238549609798174	0.014477099219596348	-0.007238549609798175	-0.007238549609798174	-0.007238549609798174	0.007274651043141914	0.0144409898202242	-0.00723854164376976	-0.007230041793123612	0.9927529425735268	0.002845648437071053
-0.003604959484587401	-0.007209918969174802	0.003604959484587401	0.003604959484587402	0.0036049594845874	-0.003604959484587401	-0.007209918969174802	0.003604959484587401	0.0036049594845874	0.003604959484587401	-0.16452004201741283	0.1537483023070514	0.003561820741186539	0.0036126631616018885	0.00359725580757291	0.8285767655471306