0.99838663282616	-0.003226734347680872	0.0016133671738404363	0.0016133671738404359	0.0016133671738404363	-0.0016133671738404359	-0.003226734347680873	0.0016133671738404363	0.0016133671738404363	0.0016133671738404367	-0.0016235363261516231	-0.003216563307092194	0.0016133652855629453	0.0016133680478865634	0.0016133662997943098	-0.0005988622818088104
-0.006453468695361745	0.9870930626092763	0.006453468695361744	0.006453468695361742	0.006453468695361743	-0.006453468695361741	-0.01290693739072349	0.006453468695361743	0.006453468695361743	0.006453468695361744	-0.006494145304606489	-0.012866253228368778	0.006453461142251782	0.006453472191546254	0.0064534651991772374	-0.0023954491272352406
0.0032267343476808726	0.006453468695361745	0.9967732656523194	-0.0032267343476808717	-0.0032267343476808726	0.0032267343476808713	0.006453468695361747	-0.0032267343476808726	-0.0032267343476808726	-0.003226734347680873	0.0032470726523032467	0.006433126614184391	-0.0032267305711258915	-0.0032267360957731277	-0.003226732599588619	0.0011977245636176205
0.004840101521521311	0.009680203043042622	-0.004840101521521311	0.9951598984784785	-0.004840101521521312	0.004840101521521309	0.009680203043042623	-0.00484010152152131	-0.00484010152152131	-0.004840101521521312	0.004870608978454868	0.009649689921276586	-0.004840095856688836	-0.004840104143659688	-0.00484009889938293	0.0017965868454264313
0.009680203043042618	0.019360406086085236	-0.009680203043042618	-0.009680203043042616	0.9903197969569577	0.009680203043042616	0.019360406086085243	-0.009680203043042618	-0.009680203043042616	-0.00968020304304262	0.009741217956909739	0.01929937984255317	-0.00968019171337767	-0.00968020828731938	-0.009680197798765859	0.003593173690852863
-0.0016133671738404359	-0.0032267343476808717	0.001613367173840436	0.0016133671738404352	0.0016133671738404359	0.998386632826159	-0.0032267343476808713	0.0016133671738404352	0.0016133671738404352	0.0016133671738404354	-0.0016235363261516225	-0.003216563307092194	0.001613365285562944	0.0016133680478865626	0.0016133662997943094	-0.0005988622818088101
-0.006453468695361747	-0.012906937390723494	0.006453468695361748	0.006453468695361744	0.006453468695361747	-0.006453468695361744	0.9870930626092771	0.006453468695361745	0.006453468695361744	0.006453468695361746	-0.006494145304606493	-0.012866253228368783	0.006453461142251782	0.006453472191546254	0.006453465199177239	-0.0023954491272352415
0.0032267343476808717	0.006453468695361743	-0.003226734347680872	-0.0032267343476808704	-0.0032267343476808713	0.0032267343476808704	0.0064534686953617425	0.996773265652319	-0.0032267343476808713	-0.003226734347680872	0.0032470726523032463	0.00643312661418439	-0.0032267305711258898	-0.0032267360957731264	-0.003226732599588619	0.00119772456361762
0.004840101521521311	0.009680203043042622	-0.004840101521521311	-0.004840101521521309	-0.004840101521521311	0.004840101521521309	0.009680203043042623	-0.004840101521521311	0.9951598984784791	-0.004840101521521313	0.004870608978454871	0.009649689921276584	-0.004840095856688837	-0.004840104143659691	-0.004840098899382932	0.0017965868454264317
0.009680203043042623	0.019360406086085247	-0.009680203043042623	-0.00968020304304262	-0.009680203043042623	0.00968020304304262	0.019360406086085247	-0.009680203043042623	-0.00968020304304262	0.9903197969569578	0.00974121795690974	0.019299379842553168	-0.009680191713377672	-0.009680208287319381	-0.00968019779876586	0.0035931736908528617
-0.0016083361302782092	-0.0032166722605564187	0.0016083361302782094	0.0016083361302782087	0.0016083361302782092	-0.001608336130278209	-0.0032166722605564187	0.001608336130278209	0.0016083361302782092	0.0016083361302782094	0.9657188084874331	0.029446341450716382	0.001618177801294262	0.0016081117282783957	0.0016085605322780226	-0.03537592850214438
-0.006036055690551154	-0.01207211138110231	0.0060360556905511556	0.006036055690551151	0.006036055690551154	-0.006036055690551152	-0.012072111381102308	0.006036055690551154	0.006036055690551153	0.006036055690551154	0.07193948042685731	0.9099507374506703	0.00603767074137021	0.006035619057664724	0.006036492323437586	-0.06964244841131723
0.0032267342676419552	0.006453468535283911	-0.003226734267641956	-0.0032267342676419544	-0.0032267342676419557	0.003226734267641955	0.006453468535283912	-0.0032267342676419557	-0.0032267342676419552	-0.003226734267641956	0.003266853829271944	0.006431874075323491	0.9967547406306887	-0.0032267361309755347	-0.0032267324043083767	0.001180454941841779
0.004840129981770793	0.009680259963541585	-0.0048401299817707934	-0.004840129981770791	-0.004840129981770793	0.004840129981770791	0.009680259963541587	-0.004840129981770793	-0.004840129981770792	-0.004840129981770793	0.0048711631486409186	0.009649221002038856	-0.004840124187138191	0.995154179027491	-0.004834438991032179	0.0017914529391682558
0.009680202976145672	0.019360405952291347	-0.009680202976145674	-0.009680202976145672	-0.00968020297614567	0.009680202976145668	0.019360405952291347	-0.00968020297614567	-0.009680202976145668	-0.00968020297614567	0.009742269161166195	0.019298328178029647	-0.009680191386904504	-0.00966883160346546	0.9903084256511742	0.0035828821688015686
-0.004810245407550136	-0.009620490815100274	0.0048102454075501355	0.004810245407550135	0.0048102454075501355	-0.004810245407550135	-0.00962049081510027	0.004810245407550134	0.004810245407550135	0.004810245407550135	-0.20070614686241472	0.18632752981660286	0.0047581262307116266	0.004820272982503129	0.004800217832597141	0.7895290720100164