0.9985458377291991	-0.0029083245416026537	0.0014541622708013268	0.001454162270801327	0.001454162270801327	-0.001454162270801327	-0.0029083245416026532	0.0014541622708013268	0.001454162270801327	0.0014541622708013268	-0.0014626316494734035	-0.0028998534634903884	0.0014541605713611363	0.001454162930617784	0.0014541616109848706	-0.0005523627358254554
-0.005816649083205308	0.9883667018335892	0.005816649083205308	0.005816649083205307	0.005816649083205309	-0.005816649083205308	-0.011633298166410613	0.005816649083205308	0.005816649083205307	0.0058166490832053065	-0.005850526597893612	-0.011599413853961548	0.005816642285444542	0.005816651722471134	0.005816646443939483	-0.0022094509433018216
0.002908324541602655	0.005816649083205309	0.9970916754583974	-0.0029083245416026537	-0.0029083245416026554	0.0029083245416026545	0.005816649083205307	-0.002908324541602655	-0.0029083245416026545	-0.002908324541602654	0.002925263298946808	0.005799706926980776	-0.002908321142722272	-0.0029083258612355675	-0.0029083232219697416	0.001104725471650911
0.004362486812403981	0.008724973624807958	-0.0043624868124039805	0.9956375131875957	-0.004362486812403981	0.004362486812403981	0.00872497362480796	-0.004362486812403981	-0.0043624868124039805	-0.004362486812403979	0.004387894948420212	0.008699560390471166	-0.004362481714083409	-0.004362488791853353	-0.004362484832954613	0.0016570882074763667
0.008724973624807963	0.01744994724961592	-0.008724973624807961	-0.008724973624807961	0.9912750263751923	0.00872497362480796	0.01744994724961591	-0.008724973624807963	-0.00872497362480796	-0.008724973624807956	0.00877578989684042	0.017399120780942322	-0.008724963428166813	-0.0087249775837067	-0.00872496966590922	0.003314176414952733
-0.0014541622708013268	-0.0029083245416026532	0.0014541622708013268	0.0014541622708013268	0.0014541622708013266	0.9985458377291989	-0.0029083245416026532	0.0014541622708013268	0.0014541622708013266	0.0014541622708013264	-0.0014626316494734037	-0.002899853463490387	0.0014541605713611363	0.0014541629306177835	0.0014541616109848704	-0.0005523627358254555
-0.005816649083205306	-0.01163329816641061	0.005816649083205306	0.005816649083205306	0.005816649083205305	-0.005816649083205306	0.9883667018335885	0.005816649083205306	0.005816649083205306	0.005816649083205304	-0.005850526597893614	-0.011599413853961547	0.0058166422854445425	0.005816651722471133	0.0058166464439394815	-0.0022094509433018207
0.002908324541602655	0.005816649083205309	-0.0029083245416026545	-0.002908324541602655	-0.0029083245416026545	0.002908324541602655	0.005816649083205307	0.9970916754583978	-0.002908324541602654	-0.0029083245416026537	0.0029252632989468083	0.005799706926980775	-0.0029083211427222725	-0.0029083258612355683	-0.002908323221969742	0.0011047254716509112
0.0043624868124039805	0.008724973624807958	-0.00436248681240398	-0.004362486812403979	-0.004362486812403979	0.004362486812403979	0.008724973624807952	-0.00436248681240398	0.9956375131875959	-0.004362486812403977	0.00438789494842021	0.008699560390471168	-0.004362481714083408	-0.004362488791853352	-0.004362484832954611	0.001657088207476366
0.008724973624807964	0.017449947249615922	-0.008724973624807963	-0.008724973624807963	-0.008724973624807961	0.008724973624807961	0.01744994724961591	-0.008724973624807961	-0.008724973624807958	0.9912750263751913	0.00877578989684042	0.017399120780942325	-0.008724963428166813	-0.008724977583706703	-0.008724969665909224	0.003314176414952732
-0.0014502821457743568	-0.0029005642915487136	0.0014502821457743568	0.001450282145774357	0.0014502821457743568	-0.001450282145774357	-0.0029005642915487123	0.0014502821457743568	0.001450282145774357	0.001450282145774357	0.9680668252406438	0.027573131564041096	0.0014594789037666118	0.0014500951744853385	0.001450469117063375	-0.03290858551481054
-0.005471910943734586	-0.01094382188746917	0.005471910943734585	0.005471910943734585	0.005471910943734584	-0.005471910943734584	-0.010943821887469164	0.005471910943734584	0.0054719109437345835	0.005471910943734583	0.06673559901979292	0.916847179341697	0.005473399751040864	0.005471546512067589	0.005472275375401581	-0.06487757115691822
0.0029083244783646516	0.0058166489567293	-0.0029083244783646503	-0.0029083244783646507	-0.0029083244783646507	0.0029083244783646503	0.005816648956729299	-0.002908324478364651	-0.0029083244783646507	-0.0029083244783646507	0.002943725353364106	0.005798569879834097	0.9970743537235307	-0.0029083258944875958	-0.002908323062241703	0.0010885537934370514
0.004362509859445434	0.008725019718890864	-0.004362509859445434	-0.004362509859445433	-0.004362509859445432	0.004362509859445433	0.008725019718890862	-0.004362509859445434	-0.004362509859445432	-0.004362509859445432	0.004388361477552586	0.008699162891978513	-0.004362504650640228	0.9956323603466558	-0.004357380065546862	0.0016524279328752852
0.00872497357728021	0.017449947154560417	-0.008724973577280212	-0.00872497357728021	-0.00872497357728021	0.00872497357728021	0.017449947154560413	-0.008724973577280212	-0.00872497357728021	-0.008724973577280208	0.008776676698692486	0.017398233615558686	-0.008724963159690761	-0.008714722005508544	0.9912647748509485	0.0033048364165626488
-0.004339479504681211	-0.008678959009362417	0.004339479504681209	0.0043394795046812085	0.004339479504681209	-0.0043394795046812085	-0.008678959009362417	0.00433947950468121	0.004339479504681209	0.004339479504681209	-0.18710795183289197	0.17413828041359006	0.004290712409939404	0.0043486112219025715	0.004330347787459853	0.8041947332697432