0.9984155838425204	-0.003168832314958267	0.0015844161574791332	0.0015844161574791332	0.0015844161574791334	-0.0015844161574791336	-0.0031688323149582664	0.001584416157479133	0.0015844161574791336	0.0015844161574791334	-0.0015942761003172675	-0.0031589705127818154	0.001584414298140817	0.0015844169897946065	0.0015844153251636595	-0.0005905680220832489
-0.006337664629916534	0.9873246707401669	0.006337664629916532	0.006337664629916533	0.006337664629916534	-0.0063376646299165345	-0.012675329259833067	0.006337664629916533	0.0063376646299165345	0.0063376646299165345	-0.006377104401269071	-0.012635882051127261	0.006337657192563269	0.006337667959178427	0.006337661300654638	-0.002362272088332996
0.003168832314958267	0.006337664629916534	0.9968311676850418	-0.003168832314958267	-0.0031688323149582673	0.0031688323149582677	0.006337664629916534	-0.003168832314958266	-0.0031688323149582673	-0.003168832314958267	0.0031885522006345345	0.00631794102556363	-0.0031688285962816346	-0.0031688339795892125	-0.003168830650327319	0.001181136044166498
0.0047532484724374015	0.009506496944874801	-0.0047532484724374	0.9952467515275623	-0.004753248472437401	0.0047532484724374	0.009506496944874798	-0.004753248472437399	-0.0047532484724374	-0.0047532484724374	0.004782828300951803	0.009476911538345453	-0.004753242894422454	-0.0047532509693838185	-0.004753245975490981	0.0017717040662497475
0.009506496944874805	0.01901299388974961	-0.009506496944874803	-0.009506496944874801	0.9904935030551253	0.009506496944874805	0.019012993889749606	-0.009506496944874803	-0.009506496944874803	-0.009506496944874803	0.00956565660190361	0.01895382307669091	-0.00950648578884491	-0.00950650193876764	-0.009506491950981964	0.0035434081324994962
-0.0015844161574791334	-0.003168832314958267	0.001584416157479133	0.0015844161574791334	0.0015844161574791338	0.9984155838425209	-0.0031688323149582664	0.0015844161574791332	0.0015844161574791336	0.0015844161574791332	-0.0015942761003172672	-0.0031589705127818154	0.0015844142981408169	0.0015844169897946065	0.0015844153251636597	-0.0005905680220832489
-0.006337664629916534	-0.012675329259833067	0.006337664629916534	0.006337664629916534	0.006337664629916535	-0.006337664629916534	0.9873246707401668	0.006337664629916533	0.006337664629916535	0.006337664629916534	-0.006377104401269068	-0.012635882051127263	0.006337657192563267	0.006337667959178426	0.006337661300654637	-0.002362272088332996
0.0031688323149582664	0.006337664629916533	-0.003168832314958266	-0.003168832314958266	-0.0031688323149582673	0.003168832314958266	0.006337664629916533	0.9968311676850418	-0.0031688323149582677	-0.0031688323149582673	0.0031885522006345345	0.006317941025563631	-0.003168828596281634	-0.003168833979589213	-0.0031688306503273194	0.0011811360441664979
0.004753248472437402	0.009506496944874803	-0.004753248472437401	-0.004753248472437399	-0.0047532484724374015	0.0047532484724374	0.009506496944874801	-0.004753248472437399	0.9952467515275627	-0.0047532484724374	0.004782828300951801	0.009476911538345454	-0.004753242894422452	-0.0047532509693838185	-0.004753245975490981	0.0017717040662497475
0.009506496944874805	0.019012993889749606	-0.009506496944874801	-0.009506496944874798	-0.009506496944874803	0.0095064969448748	0.019012993889749603	-0.009506496944874798	-0.0095064969448748	0.9904935030551253	0.009565656601903607	0.018953823076690905	-0.009506485788844905	-0.00950650193876764	-0.009506491950981964	0.0035434081324994954
-0.0015796070813130273	-0.0031592141626260546	0.0015796070813130269	0.0015796070813130269	0.0015796070813130273	-0.0015796070813130273	-0.003159214162626055	0.0015796070813130273	0.0015796070813130273	0.0015796070813130275	0.966138185482856	0.029113265108270878	0.0015893352462468906	0.0015793896829991308	0.001579824479626923	-0.03493586389332246
-0.005933926498627268	-0.011867852997254536	0.005933926498627267	0.005933926498627267	0.005933926498627269	-0.005933926498627269	-0.011867852997254538	0.005933926498627269	0.005933926498627269	0.005933926498627269	0.07101303680132759	0.9111835896471465	0.005935520554271326	0.005933503365005087	0.005934349632249452	-0.06879281742091686
0.0031688322379623698	0.006337664475924739	-0.0031688322379623685	-0.003168832237962369	-0.0031688322379623698	0.003168832237962369	0.006337664475924739	-0.003168832237962369	-0.0031688322379623698	-0.0031688322379623698	0.0032081004607745207	0.0063167084915307795	0.9968128555236192	-0.003168834014334317	-0.003168830461590422	0.0011640615784544788
0.004753275904528133	0.009506551809056268	-0.004753275904528134	-0.004753275904528133	-0.004753275904528135	0.004753275904528134	0.009506551809056268	-0.004753275904528133	-0.004753275904528134	-0.004753275904528134	0.004783366114642586	0.009476455894708694	-0.00475327020029501	0.9952411351488312	-0.004747686957887594	0.0017666558942156787
0.009506496881828573	0.019012993763657154	-0.009506496881828575	-0.009506496881828572	-0.009506496881828579	0.009506496881828572	0.019012993763657147	-0.009506496881828572	-0.009506496881828572	-0.009506496881828573	0.009566677159688567	0.0189528020773545	-0.009506485473385921	-0.009495329092415235	0.9904823353287578	0.0035332888823988405
-0.004724713505559028	-0.009449427011118058	0.004724713505559028	0.004724713505559027	0.00472471350555903	-0.004724713505559027	-0.009449427011118054	0.004724713505559027	0.004724713505559028	0.004724713505559029	-0.1982789391319312	0.184156321385527	0.004673190735286114	0.004734579394469779	0.004714847616648273	0.7921447748995137