0.9986832850322487	-0.002633429935502384	0.0013167149677511915	0.0013167149677511918	0.001316714967751192	-0.001316714967751192	-0.0026334299355023835	0.0013167149677511915	0.0013167149677511915	0.001316714967751192	-0.001323741053663631	-0.002626402360416842	0.0013167134785780894	0.0013167154715117294	0.001316714463990653	-0.0005104435730874476
-0.00526685987100477	0.9894662802579902	0.005266859871004767	0.00526685987100477	0.00526685987100477	-0.005266859871004769	-0.010533719742009536	0.005266859871004767	0.005266859871004768	0.00526685987100477	-0.005294964214654521	-0.010505609441667367	0.0052668539143123595	0.00526686188604692	0.005266857855962614	-0.0020417742923497907
0.002633429935502385	0.00526685987100477	0.9973665700644972	-0.0026334299355023844	-0.002633429935502384	0.0026334299355023844	0.005266859871004768	-0.0026334299355023844	-0.002633429935502384	-0.002633429935502385	0.0026474821073272613	0.005252804720833683	-0.0026334269571561793	-0.0026334309430234596	-0.0026334289279813065	0.0010208871461748952
0.00395014490325358	0.007900289806507158	-0.003950144903253579	0.9960498550967463	-0.003950144903253575	0.003950144903253577	0.007900289806507154	-0.003950144903253578	-0.003950144903253578	-0.003950144903253577	0.003971223160990893	0.00787920708125053	-0.003950140435734269	-0.0039501464145351925	-0.003950143391971963	0.0015313307192623424
0.007900289806507152	0.0158005796130143	-0.00790028980650715	-0.007900289806507152	0.9920997101934925	0.00790028980650715	0.015800579613014305	-0.007900289806507152	-0.007900289806507152	-0.007900289806507152	0.007942446321981784	0.01575841416250105	-0.007900280871468534	-0.007900292829070383	-0.007900286783943918	0.0030626614385246844
-0.0013167149677511918	-0.0026334299355023835	0.001316714967751192	0.0013167149677511922	0.001316714967751192	0.9986832850322485	-0.0026334299355023827	0.0013167149677511913	0.0013167149677511913	0.0013167149677511915	-0.0013237410536636306	-0.0026264023604168412	0.0013167134785780899	0.0013167154715117294	0.0013167144639906533	-0.0005104435730874475
-0.005266859871004768	-0.010533719742009536	0.005266859871004769	0.00526685987100477	0.005266859871004769	-0.005266859871004767	0.9894662802579903	0.005266859871004768	0.005266859871004769	0.00526685987100477	-0.005294964214654523	-0.010505609441667367	0.0052668539143123595	0.00526686188604692	0.005266857855962615	-0.0020417742923497907
0.002633429935502384	0.005266859871004768	-0.0026334299355023844	-0.002633429935502385	-0.0026334299355023844	0.0026334299355023835	0.005266859871004768	0.9973665700644975	-0.0026334299355023844	-0.002633429935502385	0.0026474821073272617	0.005252804720833683	-0.0026334269571561793	-0.0026334309430234596	-0.002633428927981308	0.0010208871461748954
0.003950144903253576	0.00790028980650715	-0.003950144903253574	-0.003950144903253576	-0.003950144903253575	0.003950144903253577	0.007900289806507154	-0.003950144903253577	0.9960498550967463	-0.003950144903253576	0.003971223160990893	0.007879207081250526	-0.0039501404357342685	-0.003950146414535192	-0.003950143391971961	0.0015313307192623424
0.00790028980650715	0.015800579613014298	-0.007900289806507149	-0.00790028980650715	-0.00790028980650715	0.007900289806507152	0.015800579613014305	-0.007900289806507152	-0.007900289806507152	0.992099710193493	0.007942446321981786	0.01575841416250105	-0.007900280871468539	-0.007900292829070385	-0.007900286783943923	0.0030626614385246857
-0.0013136942157378597	-0.002627388431475719	0.0013136942157378597	0.001313694215737859	0.0013136942157378595	-0.001313694215737859	-0.002627388431475719	0.0013136942157378592	0.0013136942157378595	0.0013136942157378597	0.9701857628571037	0.025864557065953347	0.0013222916454677712	0.0013135373659692072	0.0013138510655065104	-0.030676416477126815
-0.004979850348268507	-0.009959700696537014	0.004979850348268507	0.004979850348268508	0.004979850348268507	-0.004979850348268505	-0.009959700696537014	0.004979850348268505	0.004979850348268507	0.004979850348268508	0.06201346461608266	0.923045624653939	0.0049812100334409165	0.0049795441302493615	0.0049801565662876465	-0.06056310452111122
0.002633429886284384	0.005266859772568768	-0.002633429886284384	-0.002633429886284384	-0.002633429886284384	0.002633429886284383	0.005266859772568767	-0.0026334298862843836	-0.0026334298862843836	-0.002633429886284384	0.002664725917605008	0.00525177771682718	0.9973503561381364	-0.002633430975118407	-0.0026334287974503607	0.0010057176494498758
0.003950163747714281	0.00790032749542856	-0.00395016374771428	-0.003950163747714282	-0.003950163747714281	0.003950163747714282	0.007900327495428561	-0.003950163747714282	-0.003950163747714282	-0.0039501637477142824	0.003971618627444577	0.007878868053595984	-0.003950159185611993	0.9960451910418305	-0.003945518537258914	0.00152708373339289
0.007900289772361112	0.01580057954472222	-0.00790028977236111	-0.007900289772361112	-0.00790028977236111	0.00790028977236111	0.015800579544722217	-0.00790028977236111	-0.00790028977236111	-0.007900289772361112	0.007943199443700063	0.015757660749196108	-0.007900280648173951	-0.007891005477517584	0.9920904259327952	0.00305415138029173
-0.003932248655316998	-0.007864497310633996	0.003932248655316998	0.003932248655317	0.003932248655316999	-0.003932248655316999	-0.007864497310633997	0.003932248655317	0.0039322486553170005	0.003932248655317	-0.17481760400983318	0.16306657220454762	0.0038865344946514844	0.00394059335782791	0.003923903952806087	0.8174629660466848