0.9980662090398718	-0.0038675819202559805	0.0019337909601279903	0.0019337909601279907	0.00193379096012799	-0.0019337909601279903	-0.0038675819202559796	0.0019337909601279892	0.0019337909601279894	0.0019337909601279892	-0.0019472812501734917	-0.003854089635475318	0.0019337889653928293	0.0019337923836217868	0.0019337895366341928	-0.0006859461991348883
-0.007735163840511964	0.9845296723189756	0.007735163840511959	0.007735163840511963	0.00773516384051196	-0.00773516384051196	-0.01547032768102392	0.0077351638405119575	0.00773516384051196	0.0077351638405119575	-0.007789125000693965	-0.015416358541901272	0.007735155861571319	0.007735169534487149	0.00773515814653677	-0.002743784796539553
0.0038675819202559788	0.007735163840511959	0.9961324180797443	-0.003867581920255982	-0.0038675819202559805	0.003867581920255981	0.007735163840511961	-0.0038675819202559788	-0.00386758192025598	-0.0038675819202559788	0.003894562500346986	0.007708179270950637	-0.0038675779307856604	-0.003867584767243574	-0.0038675790732683856	0.001371892398269776
0.005801372880383969	0.01160274576076794	-0.0058013728803839705	0.9941986271196164	-0.005801372880383969	0.005801372880383968	0.011602745760767936	-0.005801372880383969	-0.005801372880383967	-0.005801372880383967	0.005841843750520473	0.011562268906425952	-0.005801366896178491	-0.0058013771508653635	-0.0058013686099025775	0.002057838597404666
0.01160274576076794	0.023205491521535882	-0.011602745760767945	-0.011602745760767941	0.9883972542392322	0.011602745760767945	0.023205491521535886	-0.011602745760767945	-0.01160274576076794	-0.011602745760767941	0.01168368750104095	0.02312453781285191	-0.011602733792356988	-0.01160275430173073	-0.011602737219805159	0.004115677194809331
-0.0019337909601279898	-0.0038675819202559805	0.0019337909601279898	0.0019337909601279898	0.0019337909601279903	0.9980662090398722	-0.0038675819202559814	0.00193379096012799	0.0019337909601279903	0.0019337909601279896	-0.0019472812501734925	-0.003854089635475318	0.001933788965392831	0.0019337923836217875	0.0019337895366341922	-0.0006859461991348882
-0.007735163840511958	-0.01547032768102392	0.007735163840511959	0.007735163840511959	0.007735163840511961	-0.007735163840511959	0.9845296723189759	0.0077351638405119575	0.007735163840511959	0.007735163840511956	-0.007789125000693968	-0.015416358541901272	0.007735155861571321	0.007735169534487147	0.007735158146536767	-0.002743784796539553
0.003867581920255981	0.007735163840511963	-0.003867581920255981	-0.003867581920255981	-0.003867581920255982	0.003867581920255981	0.007735163840511962	0.9961324180797442	-0.0038675819202559796	-0.0038675819202559783	0.003894562500346984	0.0077081792709506386	-0.003867577930785661	-0.0038675847672435754	-0.003867579073268385	0.0013718923982697765
0.005801372880383968	0.011602745760767938	-0.00580137288038397	-0.005801372880383968	-0.005801372880383968	0.005801372880383968	0.011602745760767936	-0.00580137288038397	0.994198627119616	-0.005801372880383968	0.005841843750520472	0.011562268906425952	-0.005801366896178491	-0.005801377150865362	-0.0058013686099025775	0.0020578385974046646
0.011602745760767941	0.023205491521535886	-0.011602745760767945	-0.011602745760767941	-0.011602745760767941	0.011602745760767941	0.023205491521535882	-0.011602745760767945	-0.01160274576076794	0.988397254239232	0.01168368750104095	0.023124537812851908	-0.011602733792356983	-0.011602754301730727	-0.011602737219805155	0.004115677194809332
-0.0019259121703220094	-0.0038518243406440197	0.0019259121703220096	0.0019259121703220096	0.0019259121703220096	-0.0019259121703220092	-0.0038518243406440193	0.0019259121703220088	0.0019259121703220083	0.0019259121703220088	0.9612643926061425	0.03294687714561787	0.0019369059075955335	0.0019256046753316444	0.0019262196653123725	-0.04002738371398994
-0.007152946899709893	-0.014305893799419789	0.007152946899709891	0.007152946899709891	0.007152946899709891	-0.007152946899709889	-0.014305893799419782	0.007152946899709891	0.007152946899709891	0.007152946899709891	0.0816683273630542	0.896871046357868	0.007154732479658142	0.007152350405038164	0.007153543394381616	-0.07862145230658832
0.0038675818106034578	0.00773516362120692	-0.003867581810603459	-0.003867581810603458	-0.003867581810603458	0.0038675818106034586	0.007735163621206918	-0.003867581810603459	-0.0038675818106034573	-0.0038675818106034573	0.003916732958804629	0.007706735832729004	0.9961116948296733	-0.003867584814119712	-0.0038675788070872017	0.0013525736684582498
0.005801414032404575	0.011602828064809154	-0.005801414032404578	-0.005801414032404576	-0.005801414032404576	0.005801414032404577	0.011602828064809154	-0.0058014140324045785	-0.005801414032404577	-0.005801414032404575	0.005842591205531755	0.01156164473603793	-0.005801407876760532	0.9941917658515297	-0.005794593916338305	0.0020517670854653725
0.011602745640433903	0.02320549128086781	-0.011602745640433907	-0.011602745640433903	-0.011602745640433905	0.011602745640433905	0.02320549128086781	-0.011602745640433908	-0.011602745640433903	-0.011602745640433901	0.011685099765982549	0.0231231248440541	-0.011602733329168842	-0.011589122661162516	0.9883836313802943	0.0041035007366917306
-0.005754558370907422	-0.011509116741814844	0.005754558370907424	0.005754558370907422	0.005754558370907422	-0.005754558370907422	-0.011509116741814845	0.005754558370907424	0.005754558370907422	0.005754558370907423	-0.22644821175937363	0.2092429338409018	0.0056961611766570795	0.0057663406392874225	0.005742776102527424	0.7618794751392856