0.9989237220844293	-0.002152555831142482	0.0010762779155712406	0.0010762779155712406	0.0010762779155712406	-0.0010762779155712406	-0.002152555831142482	0.0010762779155712404	0.0010762779155712406	0.0010762779155712406	-0.0010809395759708096	-0.002147893104612846	0.0010762768494411718	0.0010762782056953405	0.0010762776254471405	-0.00043298295375831353
-0.004305111662284964	0.9913897766754306	0.004305111662284961	0.0043051116622849625	0.0043051116622849625	-0.004305111662284962	-0.008610223324569927	0.004305111662284961	0.0043051116622849625	0.004305111662284963	-0.004323758303883239	-0.00859157241845138	0.004305107397764688	0.00430511282278136	0.00430511050178856	-0.0017319318150332544
0.0021525558311424817	0.004305111662284963	0.9978474441688576	-0.0021525558311424812	-0.002152555831142481	0.0021525558311424804	0.0043051116622849625	-0.0021525558311424804	-0.0021525558311424812	-0.0021525558311424812	0.0021618791519416197	0.00429578620922569	-0.0021525536988823445	-0.0021525564113906797	-0.0021525552508942815	0.000865965907516627
0.0032288337467137225	0.006457667493427446	-0.0032288337467137225	0.9967711662532864	-0.0032288337467137225	0.0032288337467137216	0.006457667493427445	-0.0032288337467137216	-0.0032288337467137216	-0.0032288337467137216	0.0032428187279124293	0.006443679313838537	-0.003228830548323519	-0.003228834617086021	-0.003228832876341421	0.0012989488612749403
0.006457667493427446	0.012915334986854893	-0.006457667493427446	-0.006457667493427445	0.9935423325065729	0.006457667493427445	0.012915334986854897	-0.006457667493427445	-0.006457667493427446	-0.006457667493427445	0.006485637455824861	0.012887358627677075	-0.006457661096647038	-0.0064576692341720456	-0.006457665752682846	0.0025978977225498815
-0.0010762779155712406	-0.0021525558311424812	0.0010762779155712404	0.0010762779155712406	0.0010762779155712406	0.9989237220844287	-0.0021525558311424825	0.0010762779155712404	0.0010762779155712408	0.0010762779155712406	-0.0010809395759708107	-0.002147893104612845	0.0010762768494411727	0.00107627820569534	0.0010762776254471407	-0.00043298295375831364
-0.004305111662284962	-0.008610223324569923	0.004305111662284961	0.004305111662284962	0.004305111662284962	-0.004305111662284962	0.9913897766754304	0.004305111662284961	0.004305111662284962	0.004305111662284962	-0.00432375830388324	-0.008591572418451382	0.004305107397764689	0.004305112822781361	0.004305110501788562	-0.0017319318150332548
0.0021525558311424804	0.004305111662284961	-0.00215255583114248	-0.0021525558311424804	-0.0021525558311424804	0.0021525558311424804	0.004305111662284962	0.9978474441688572	-0.0021525558311424812	-0.0021525558311424812	0.0021618791519416205	0.00429578620922569	-0.0021525536988823454	-0.0021525564113906797	-0.0021525552508942806	0.0008659659075166272
0.003228833746713722	0.006457667493427444	-0.003228833746713722	-0.0032288337467137216	-0.003228833746713722	0.003228833746713722	0.006457667493427444	-0.003228833746713722	0.9967711662532863	-0.0032288337467137216	0.003242818727912429	0.006443679313838535	-0.0032288305483235188	-0.003228834617086021	-0.003228832876341422	0.0012989488612749403
0.006457667493427444	0.012915334986854892	-0.006457667493427444	-0.006457667493427443	-0.006457667493427444	0.006457667493427444	0.01291533498685489	-0.006457667493427444	-0.006457667493427444	0.9935423325065726	0.0064856374558248595	0.012887358627677079	-0.006457661096647039	-0.006457669234172044	-0.0064576657526828445	0.0025978977225498815
-0.0010744737627519751	-0.0021489475255039494	0.0010744737627519747	0.001074473762751975	0.001074473762751975	-0.001074473762751975	-0.00214894752550395	0.0010744737627519747	0.001074473762751975	0.0010744737627519747	0.9741480811965223	0.022621052386995785	0.0010819188909782693	0.0010743643930316992	0.001074583132472251	-0.026498128116067655
-0.004107629558273083	-0.008215259116546166	0.004107629558273081	0.004107629558273083	0.004107629558273083	-0.004107629558273083	-0.008215259116546168	0.004107629558273082	0.004107629558273083	0.004107629558273082	0.05317024809738079	0.9345057677769232	0.004108725009150146	0.004107415358922681	0.0041078437576234856	-0.05247036712951465
0.002152555803174691	0.004305111606349381	-0.0021525558031746904	-0.002152555803174691	-0.0021525558031746904	0.002152555803174691	0.0043051116063493825	-0.0021525558031746904	-0.002152555803174691	-0.002152555803174691	0.0021767944713715556	0.004294971488692068	0.9978333456462853	-0.002152556440615638	-0.002152555165733745	0.0008527001397911176
0.0032288462775047046	0.00645769255500941	-0.0032288462775047046	-0.0032288462775047037	-0.003228846277504704	0.003228846277504704	0.006457692555009409	-0.0032288462775047033	-0.0032288462775047037	-0.003228846277504704	0.0032431005934049984	0.006443434972080703	-0.003228843010476292	0.9967673563553984	-0.0032250489104078423	0.001295435305532816
0.00645766747619623	0.01291533495239246	-0.0064576674761962286	-0.006457667476196228	-0.006457667476196229	0.0064576674761962286	0.01291533495239246	-0.006457667476196228	-0.006457667476196228	-0.006457667476196229	0.006486176058568617	0.012886819835974105	-0.006457660942150256	-0.006450076278076769	0.993534741325684	0.002590859685064797
-0.003218166717572448	-0.0064363334351448965	0.003218166717572448	0.0032181667175724474	0.003218166717572448	-0.003218166717572448	-0.006436333435144898	0.0032181667175724474	0.0032181667175724474	0.0032181667175724474	-0.1517846857092801	0.14217011695139956	0.0031782353227357194	0.003225102564638033	0.003211230870506861	0.8423020709423457