0.9979611442154694	-0.004077711569061331	0.0020388557845306653	0.0020388557845306653	0.002038855784530665	-0.002038855784530665	-0.00407771156906133	0.002038855784530665	0.0020388557845306653	0.002038855784530665	-0.002053359119969141	-0.00406320630887823	0.0020388538597860407	0.0020388574251126324	0.0020388541439486985	-0.0007126331984122009
-0.008155423138122658	0.9836891537237551	0.008155423138122661	0.008155423138122661	0.00815542313812266	-0.00815542313812266	-0.01631084627624532	0.008155423138122658	0.00815542313812266	0.00815542313812266	-0.008213436479876563	-0.01625282523551291	0.008155415439144158	0.008155429700450533	0.008155416575794789	-0.002850532793648804
0.0040777115690613305	0.008155423138122661	0.9959222884309388	-0.004077711569061329	-0.004077711569061328	0.004077711569061329	0.00815542313812266	-0.004077711569061329	-0.00407771156906133	-0.00407771156906133	0.0041067182399382824	0.008126412617756453	-0.004077707719572079	-0.004077714850225266	-0.004077708287897395	0.0014252663968244018
0.0061165673535919975	0.012233134707183993	-0.006116567353591997	0.9938834326464082	-0.006116567353591995	0.006116567353591995	0.012233134707183992	-0.006116567353591996	-0.006116567353591996	-0.006116567353591997	0.006160077359907425	0.01218961892663469	-0.006116561579358122	-0.006116572275337898	-0.006116562431846093	0.002137899595236603
0.012233134707183988	0.024466269414367973	-0.012233134707183986	-0.012233134707183988	0.9877668652928155	0.012233134707183986	0.024466269414367973	-0.012233134707183986	-0.012233134707183986	-0.012233134707183985	0.012320154719814846	0.02437923785326937	-0.012233123158716244	-0.012233144550675795	-0.01223312486369218	0.004275799190473204
-0.0020388557845306657	-0.004077711569061331	0.0020388557845306653	0.0020388557845306657	0.0020388557845306657	0.9979611442154694	-0.004077711569061331	0.0020388557845306653	0.0020388557845306657	0.002038855784530665	-0.0020533591199691417	-0.004063206308878228	0.0020388538597860394	0.0020388574251126333	0.0020388541439486972	-0.0007126331984122009
-0.008155423138122663	-0.016310846276245326	0.008155423138122661	0.008155423138122663	0.008155423138122661	-0.008155423138122663	0.9836891537237548	0.008155423138122658	0.00815542313812266	0.008155423138122661	-0.008213436479876568	-0.01625282523551291	0.008155415439144156	0.008155429700450537	0.008155416575794792	-0.002850532793648803
0.00407771156906133	0.00815542313812266	-0.004077711569061329	-0.00407771156906133	-0.00407771156906133	0.00407771156906133	0.008155423138122658	0.9959222884309387	-0.00407771156906133	-0.00407771156906133	0.004106718239938283	0.008126412617756455	-0.00407770771957208	-0.004077714850225267	-0.0040777082878973945	0.0014252663968244014
0.006116567353591997	0.012233134707183992	-0.006116567353591996	-0.006116567353591997	-0.006116567353591996	0.006116567353591997	0.012233134707183993	-0.006116567353591996	0.9938834326464083	-0.006116567353591997	0.006160077359907425	0.012189618926634687	-0.0061165615793581235	-0.006116572275337901	-0.006116562431846093	0.002137899595236603
0.01223313470718399	0.024466269414367976	-0.012233134707183988	-0.01223313470718399	-0.01223313470718399	0.01223313470718399	0.02446626941436798	-0.012233134707183988	-0.012233134707183992	0.9877668652928157	0.012320154719814846	0.024379237853269366	-0.012233123158716242	-0.012233144550675795	-0.012233124863692182	0.004275799190473207
-0.0020298809402911322	-0.0040597618805822645	0.0020298809402911322	0.0020298809402911327	0.0020298809402911327	-0.0020298809402911322	-0.004059761880582264	0.0020298809402911322	0.0020298809402911327	0.0020298809402911327	0.9598665060608637	0.034032518632925605	0.002041213425628916	0.002029544061954619	0.0020302178186276452	-0.04147689214723087
-0.007513841582640719	-0.015027683165281441	0.007513841582640721	0.007513841582640722	0.007513841582640722	-0.007513841582640722	-0.015027683165281441	0.007513841582640721	0.007513841582640722	0.007513841582640721	0.08467127904207303	0.892785380269773	0.007515657522872559	0.007513188665586052	0.0075144944996953875	-0.08142005797529864
0.004077711452934521	0.008155422905869042	-0.004077711452934521	-0.004077711452934522	-0.004077711452934522	0.004077711452934522	0.008155422905869044	-0.004077711452934521	-0.004077711452934522	-0.004077711452934522	0.004129603025180116	0.008124918745009656	0.99590090113568	-0.00407771490513734	-0.004077708000731701	0.0014053128049861525
0.006116613196024158	0.012233226392048314	-0.006116613196024156	-0.006116613196024158	-0.006116613196024158	0.006116613196024158	0.012233226392048316	-0.006116613196024158	-0.0061166131960241595	-0.006116613196024158	0.006160893053868383	0.012188940574095803	-0.006116607235915867	0.9938761965812797	-0.006109422973327311	0.0021315250383802248
0.012233134564583584	0.02446626912916717	-0.012233134564583583	-0.012233134564583588	-0.012233134564583586	0.012233134564583588	0.024466269129167172	-0.012233134564583586	-0.012233134564583588	-0.012233134564583586	0.012321694036889923	0.0243776977366636	-0.01223312264438634	-0.012218773995560683	0.9877525048663935	0.004263013130605306
-0.006063222530539965	-0.01212644506107993	0.006063222530539966	0.006063222530539968	0.006063222530539966	-0.006063222530539967	-0.012126445061079934	0.006063222530539966	0.006063222530539968	0.006063222530539967	-0.23451329297847795	0.21638397369123297	0.006002874226164919	0.006075566738623503	0.0060508783224564305	0.7532618219468338