0.998377585192844	-0.0032448296143117866	0.0016224148071558942	0.0016224148071558944	0.0016224148071558933	-0.0016224148071558935	-0.003244829614311787	0.0016224148071558946	0.0016224148071558942	0.0016224148071558935	-0.0016326804843318505	-0.0032345620403653385	0.0016224129103854007	0.0016224156945020545	0.0016224139198097337	-0.0006014397480187975
-0.006489659228623577	0.9870206815427528	0.006489659228623577	0.006489659228623577	0.006489659228623573	-0.006489659228623574	-0.01297931845724715	0.0064896592286235785	0.006489659228623576	0.006489659228623575	-0.0065307219373274	-0.012938248161461352	0.006489651641541603	0.006489662778008218	0.0064896556792389355	-0.0024057589920751894
0.00324482961431179	0.0064896592286235785	0.9967551703856883	-0.0032448296143117897	-0.0032448296143117875	0.003244829614311788	0.006489659228623578	-0.003244829614311791	-0.0032448296143117892	-0.0032448296143117884	0.0032653609686637015	0.006469124080730679	-0.0032448258207708022	-0.003244831389004109	-0.0032448278396194686	0.0012028794960375956
0.004867244421467683	0.009734488842935365	-0.004867244421467685	0.9951327555785326	-0.004867244421467681	0.004867244421467682	0.009734488842935365	-0.0048672444214676825	-0.004867244421467683	-0.004867244421467681	0.00489804145299555	0.009703686121096016	-0.004867238731156202	-0.004867247083506162	-0.004867241759429205	0.0018043192440563931
0.009734488842935363	0.019468977685870727	-0.009734488842935365	-0.009734488842935363	0.990265511157064	0.009734488842935362	0.01946897768587073	-0.009734488842935365	-0.009734488842935367	-0.009734488842935362	0.0097960829059911	0.019407372242192033	-0.009734477462312402	-0.009734494167012322	-0.00973448351885841	0.0036086384881127854
-0.0016224148071558935	-0.003244829614311786	0.001622414807155894	0.0016224148071558937	0.001622414807155893	0.9983775851928436	-0.0032448296143117858	0.001622414807155894	0.0016224148071558933	0.0016224148071558929	-0.0016326804843318492	-0.0032345620403653377	0.0016224129103854007	0.0016224156945020538	0.0016224139198097337	-0.0006014397480187973
-0.006489659228623573	-0.012979318457247145	0.006489659228623575	0.006489659228623574	0.006489659228623572	-0.006489659228623573	0.9870206815427528	0.0064896592286235785	0.006489659228623577	0.006489659228623573	-0.0065307219373273995	-0.012938248161461354	0.006489651641541604	0.006489662778008218	0.006489655679238935	-0.0024057589920751894
0.0032448296143117892	0.006489659228623577	-0.00324482961431179	-0.0032448296143117897	-0.003244829614311789	0.0032448296143117892	0.0064896592286235785	0.9967551703856886	-0.00324482961431179	-0.0032448296143117892	0.0032653609686637006	0.0064691240807306805	-0.003244825820770803	-0.00324483138900411	-0.0032448278396194686	0.0012028794960375956
0.004867244421467683	0.009734488842935365	-0.004867244421467684	-0.004867244421467683	-0.004867244421467682	0.0048672444214676825	0.009734488842935365	-0.004867244421467685	0.9951327555785324	-0.004867244421467682	0.0048980414529955505	0.009703686121096016	-0.004867238731156203	-0.004867247083506162	-0.004867241759429203	0.0018043192440563931
0.009734488842935367	0.01946897768587073	-0.009734488842935369	-0.009734488842935367	-0.009734488842935363	0.009734488842935365	0.01946897768587073	-0.00973448884293537	-0.00973448884293537	0.9902655111570642	0.009796082905991101	0.019407372242192033	-0.009734477462312404	-0.009734494167012324	-0.00973448351885841	0.003608638488112786
-0.0016173132245477268	-0.0032346264490954535	0.0016173132245477272	0.0016173132245477268	0.0016173132245477265	-0.0016173132245477268	-0.0032346264490954535	0.0016173132245477276	0.0016173132245477276	0.0016173132245477263	0.9655883941964857	0.029549789321309902	0.001627190033108878	0.0016170866161417522	0.0016175398329537015	-0.035512712895481954
-0.006067930984336665	-0.012135861968673329	0.006067930984336667	0.006067930984336666	0.006067930984336664	-0.006067930984336665	-0.012135861968673329	0.006067930984336667	0.006067930984336667	0.006067930984336664	0.07222727017225086	0.9095673154462041	0.006069552412871784	0.0060674900996269725	0.006068371869046357	-0.06990652420400009
0.0032448295333266357	0.00648965906665327	-0.003244829533326636	-0.0032448295333266357	-0.0032448295333266344	0.003244829533326635	0.006489659066653271	-0.0032448295333266366	-0.003244829533326637	-0.0032448295333266353	0.003285214321502506	0.00646786538257041	0.9967365793625803	-0.0032448314243622694	-0.0032448276422910017	0.0011855492685399704
0.004867273207037392	0.009734546414074782	-0.004867273207037392	-0.004867273207037392	-0.00486727320703739	0.004867273207037391	0.009734546414074782	-0.004867273207037392	-0.004867273207037392	-0.00486727320703739	0.004898600772776746	0.00970321302709817	-0.004867267385800131	0.9951270039126682	-0.004861550326743304	0.0017991585799741697
0.009734488774803932	0.01946897754960786	-0.009734488774803932	-0.009734488774803932	-0.009734488774803927	0.00973448877480393	0.019468977549607858	-0.009734488774803934	-0.009734488774803932	-0.009734488774803927	0.009797143755565195	0.019406310926396247	-0.009734477132353573	-0.00972305378392803	0.99025407623432	0.0035982931967073156
-0.004836968435120058	-0.009673936870240112	0.0048369684351200586	0.0048369684351200586	0.004836968435120056	-0.004836968435120058	-0.009673936870240115	0.004836968435120059	0.00483696843512006	0.004836968435120056	-0.2014608051071735	0.18700220424495045	0.004784663991982859	0.004847046429636946	0.00482689044060317	0.7887160363869126