0.9995974936113032	-0.0008050127773934706	0.0004025063886967353	0.0004025063886967353	0.00040250638869673535	-0.00040250638869673535	-0.0008050127773934708	0.00040250638869673535	0.0004025063886967354	0.0004025063886967353	-0.0004029332859829339	-0.0008045857683461492	0.0004025062769356127	0.0004025064069274817	0.00040250637046598874	-0.0001828206861700541
-0.0016100255547869414	0.996779948890426	0.0016100255547869414	0.0016100255547869414	0.0016100255547869414	-0.0016100255547869416	-0.003220051109573883	0.0016100255547869412	0.0016100255547869412	0.0016100255547869405	-0.0016117331439317363	-0.003218343073384596	0.0016100251077424512	0.001610025627709926	0.0016100254818639547	-0.0007312827446802163
0.0008050127773934707	0.0016100255547869414	0.9991949872226062	-0.0008050127773934705	-0.0008050127773934706	0.0008050127773934706	0.0016100255547869416	-0.0008050127773934705	-0.0008050127773934706	-0.0008050127773934704	0.000805866571965868	0.001609171536692298	-0.0008050125538712257	-0.0008050128138549629	-0.0008050127409319773	0.000365641372340108
0.0012075191660902054	0.0024150383321804103	-0.0012075191660902056	0.9987924808339099	-0.0012075191660902052	0.001207519166090205	0.0024150383321804108	-0.0012075191660902054	-0.0012075191660902054	-0.0012075191660902052	0.0012087998579488027	0.002413757305038447	-0.0012075188308068392	-0.0012075192207824444	-0.0012075191113979668	0.000548462058510162
0.0024150383321804108	0.004830076664360821	-0.002415038332180411	-0.0024150383321804108	0.9975849616678194	0.0024150383321804103	0.0048300766643608216	-0.0024150383321804103	-0.0024150383321804108	-0.00241503833218041	0.002417599715897604	0.004827514610076894	-0.002415037661613678	-0.002415038441564888	-0.0024150382227959323	0.0010969241170203246
-0.00040250638869673524	-0.0008050127773934705	0.00040250638869673524	0.0004025063886967353	0.00040250638869673524	0.9995974936113032	-0.0008050127773934709	0.0004025063886967353	0.0004025063886967354	0.00040250638869673524	-0.00040293328598293407	-0.0008045857683461488	0.0004025062769356129	0.00040250640692748163	0.0004025063704659888	-0.00018282068617005406
-0.0016100255547869414	-0.0032200511095738828	0.0016100255547869414	0.0016100255547869418	0.0016100255547869414	-0.0016100255547869414	0.9967799488904263	0.0016100255547869416	0.0016100255547869416	0.0016100255547869412	-0.0016117331439317363	-0.003218343073384598	0.0016100251077424514	0.0016100256277099265	0.001610025481863955	-0.0007312827446802162
0.0008050127773934704	0.0016100255547869407	-0.0008050127773934704	-0.0008050127773934705	-0.0008050127773934704	0.0008050127773934705	0.001610025554786941	0.9991949872226062	-0.0008050127773934706	-0.0008050127773934705	0.0008058665719658682	0.0016091715366922982	-0.0008050125538712257	-0.0008050128138549632	-0.0008050127409319774	0.0003656413723401081
0.0012075191660902052	0.00241503833218041	-0.0012075191660902054	-0.0012075191660902052	-0.0012075191660902052	0.0012075191660902054	0.0024150383321804108	-0.0012075191660902056	0.99879248083391	-0.0012075191660902052	0.0012087998579488023	0.002413757305038447	-0.0012075188308068396	-0.0012075192207824442	-0.0012075191113979662	0.0005484620585101621
0.0024150383321804108	0.004830076664360821	-0.002415038332180411	-0.0024150383321804108	-0.0024150383321804108	0.002415038332180411	0.004830076664360822	-0.0024150383321804116	-0.002415038332180411	0.9975849616678192	0.002417599715897604	0.004827514610076892	-0.0024150376616136784	-0.0024150384415648884	-0.0024150382227959314	0.0010969241170203242
-0.00040237807557893585	-0.0008047561511578718	0.0004023780755789359	0.0004023780755789359	0.00040237807557893585	-0.00040237807557893585	-0.0008047561511578718	0.0004023780755789359	0.00040237807557893596	0.00040237807557893585	0.9880477499886576	0.010741777826184006	0.00040571603400011845	0.0004023604475167163	0.00040239570364115527	-0.01201379966987394
-0.0015793718770460556	-0.0031587437540921116	0.0015793718770460556	0.0015793718770460558	0.0015793718770460556	-0.0015793718770460556	-0.0031587437540921116	0.001579371877046056	0.0015793718770460562	0.0015793718770460556	0.023202179494998074	0.9720594439611061	0.0015796327898036642	0.0015793369534446186	0.0015794068006474908	-0.024090982307762868
0.0008050127763818431	0.0016100255527636863	-0.0008050127763818432	-0.0008050127763818432	-0.0008050127763818431	0.0008050127763818431	0.0016100255527636863	-0.0008050127763818432	-0.0008050127763818431	-0.000805012776381843	0.0008125437559358803	0.001608982710147977	0.9991884990866797	-0.0008050128223479688	-0.000805012730415717	0.00035934480663031077
0.0012075208955719652	0.00241504179114393	-0.0012075208955719654	-0.0012075208955719652	-0.001207520895571965	0.001207520895571965	0.00241504179114393	-0.001207520895571965	-0.001207520895571965	-0.0012075208955719646	0.001208849723270276	0.0024137126153096333	-0.0012075205474359801	0.9987910585465187	-0.0012061003376625484	0.0005470912799686199
0.0024150383316838145	0.004830076663367628	-0.0024150383316838145	-0.0024150383316838145	-0.0024150383316838145	0.0024150383316838145	0.004830076663367629	-0.002415038331683815	-0.002415038331683815	-0.0024150383316838145	0.0024176959852275836	0.004827418313552372	-0.002415037635412326	-0.00241219744251185	0.9975821207791443	0.001094180938202115
-0.0012067742780418021	-0.0024135485560836042	0.0012067742780418026	0.0012067742780418021	0.0012067742780418021	-0.0012067742780418021	-0.0024135485560836042	0.0012067742780418023	0.0012067742780418017	0.0012067742780418017	-0.07046592501258273	0.06686450459007995	0.001187871866419166	0.0012095094532975027	0.0012040391027861009	0.9284626790157725