0.9999133796534624	-0.00017324069307494966	0.00008662034653747482	0.00008662034653747483	0.00008662034653747483	-0.00008662034653747484	-0.0001732406930749497	0.00008662034653747484	0.00008662034653747484	0.00008662034653747488	-0.00008662597918964986	-0.00017323505888291646	0.00008662034499761664	0.0000866203467402242	0.00008662034633472558	-0.00004232632855985881
-0.00034648138614989916	0.9993070372277	0.0003464813861498993	0.00034648138614989943	0.0003464813861498994	-0.00034648138614989943	-0.0006929627722997987	0.0003464813861498993	0.00034648138614989943	0.00034648138614989954	-0.0003465039167585995	-0.0006929402355316655	0.00034648137999046655	0.0003464813869608967	0.0003464813853389023	-0.0001693053142394352
0.0001732406930749496	0.00034648138614989927	0.9998267593069252	-0.00017324069307494966	-0.0001732406930749497	0.0001732406930749497	0.0003464813861498994	-0.0001732406930749497	-0.00017324069307494971	-0.00017324069307494982	0.00017325195837929977	0.00034647011776583293	-0.00017324068999523327	-0.00017324069348044837	-0.00017324069266945116	0.00008465265711971762
0.00025986103961242446	0.0005197220792248489	-0.0002598610396124245	0.9997401389603879	-0.00025986103961242457	0.00025986103961242457	0.000519722079224849	-0.0002598610396124245	-0.00025986103961242457	-0.00025986103961242457	0.00025987793756894966	0.0005197051766487494	-0.00025986103499284983	-0.0002598610402206726	-0.00025986103900417664	0.0001269789856795764
0.000519722079224849	0.001039444158449698	-0.0005197220792248491	-0.0005197220792248491	0.999480277920775	0.0005197220792248491	0.001039444158449698	-0.0005197220792248489	-0.000519722079224849	-0.000519722079224849	0.0005197558751378991	0.0010394103532974988	-0.0005197220699856995	-0.0005197220804413452	-0.0005197220780083532	0.00025395797135915275
-0.0000866203465374748	-0.00017324069307494963	0.00008662034653747482	0.00008662034653747486	0.00008662034653747484	0.9999133796534624	-0.00017324069307494971	0.00008662034653747482	0.00008662034653747484	0.00008662034653747488	-0.00008662597918964989	-0.00017323505888291646	0.00008662034499761661	0.0000866203467402242	0.0000866203463347256	-0.00004232632855985881
-0.0003464813861498994	-0.0006929627722997989	0.00034648138614989943	0.00034648138614989954	0.0003464813861498995	-0.00034648138614989943	0.9993070372276999	0.0003464813861498993	0.0003464813861498993	0.00034648138614989954	-0.00034650391675859944	-0.0006929402355316656	0.00034648137999046644	0.0003464813869608967	0.0003464813853389023	-0.00016930531423943522
0.00017324069307494963	0.0003464813861498993	-0.0001732406930749497	-0.00017324069307494971	-0.0001732406930749497	0.00017324069307494966	0.0003464813861498994	0.9998267593069252	-0.0001732406930749497	-0.00017324069307494974	0.00017325195837929975	0.00034647011776583293	-0.00017324068999523322	-0.00017324069348044835	-0.00017324069266945122	0.00008465265711971764
0.00025986103961242457	0.0005197220792248491	-0.0002598610396124246	-0.0002598610396124246	-0.00025986103961242457	0.00025986103961242457	0.0005197220792248491	-0.00025986103961242457	0.9997401389603876	-0.00025986103961242457	0.0002598779375689496	0.0005197051766487494	-0.0002598610349928498	-0.0002598610402206726	-0.0002598610390041766	0.00012697898567957643
0.0005197220792248491	0.0010394441584496983	-0.0005197220792248493	-0.0005197220792248493	-0.0005197220792248491	0.0005197220792248491	0.0010394441584496983	-0.0005197220792248491	-0.0005197220792248491	0.9994802779207752	0.0005197558751378991	0.0010394103532974986	-0.0005197220699856995	-0.0005197220804413451	-0.0005197220780083532	0.00025395797135915286
-0.00008661868354092295	-0.0001732373670818459	0.00008661868354092295	0.00008661868354092298	0.00008661868354092298	-0.00008661868354092296	-0.00017323736708184595	0.00008661868354092298	0.00008661868354092299	0.00008661868354092299	0.9970664220311476	0.0026729266347243798	0.00008741396704618275	0.00008661779769526298	0.00008661956938658299	-0.0029057344858359055
-0.00034496854982475476	-0.0006899370996495095	0.00034496854982475476	0.00034496854982475487	0.00034496854982475487	-0.00034496854982475487	-0.0006899370996495097	0.00034496854982475487	0.00034496854982475487	0.0003449685498247549	0.005446144303359213	0.9935189342659742	0.0003449843310169909	0.00034496678243613367	0.00034497031721337644	-0.005877349672041064
0.00017324069307216277	0.00034648138614432555	-0.00017324069307216277	-0.0001732406930721628	-0.0001732406930721628	0.0001732406930721628	0.00034648138614432565	-0.00017324069307216283	-0.00017324069307216285	-0.00017324069307216288	0.00017484253618514005	0.0003464588111570389	0.9998251800388017	-0.00017324069396427292	-0.00017324069218005295	0.0000830847352948872
0.000259861119209402	0.000519722238418804	-0.000259861119209402	-0.00025986111920940207	-0.00025986111920940207	0.000259861119209402	0.000519722238418804	-0.000259861119209402	-0.000259861119209402	-0.000259861119209402	0.00025988061336737375	0.0005197027389294745	-0.0002598611138780442	0.9997398331214619	-0.00025955535988084644	0.00012667587372001317
0.0005197220792235483	0.0010394441584470966	-0.0005197220792235483	-0.0005197220792235484	-0.0005197220792235483	0.0005197220792235483	0.0010394441584470966	-0.0005197220792235483	-0.0005197220792235483	-0.0005197220792235483	0.0005197610675333036	0.0010394051594746277	-0.0005197220685608343	-0.0005191105633712337	0.9994796664049244	0.0002533516692292291
-0.00025985231067748914	-0.0005197046213549783	0.00025985231067748914	0.00025985231067748914	0.00025985231067748914	-0.00025985231067748914	-0.0005197046213549782	0.00025985231067748914	0.00025985231067748914	0.0002598523106774891	-0.017332123850656734	0.016557270861088155	0.00025514836821359223	0.00026045851206126885	0.0002592461092937094	0.9826919515370357