0.998542220115259	-0.002915559769483143	0.0014577798847415708	0.0014577798847415714	0.0014577798847415712	-0.0014577798847415716	-0.002915559769483143	0.001457779884741571	0.0014577798847415714	0.0014577798847415706	-0.0014662877229124631	-0.0029070502268476453	0.0014577781802769673	0.0014577805490190812	0.0014577792204640626	-0.0005534436209496445
-0.005831119538966287	0.9883377609220674	0.005831119538966281	0.005831119538966283	0.005831119538966282	-0.005831119538966285	-0.011662239077932568	0.005831119538966282	0.005831119538966284	0.005831119538966282	-0.005865150891649851	-0.011628200907390578	0.005831112721107867	0.005831122196076324	0.005831116881856248	-0.002213774483798577
0.0029155597694831437	0.005831119538966284	0.9970844402305163	-0.002915559769483143	-0.0029155597694831424	0.0029155597694831433	0.005831119538966287	-0.0029155597694831424	-0.0029155597694831433	-0.002915559769483142	0.002932575445824927	0.005814100453695289	-0.002915556360553934	-0.002915561098038162	-0.0029155584409281234	0.0011068872418992886
0.004373339654224713	0.008746679308449424	-0.004373339654224713	0.9956266603457754	-0.004373339654224716	0.004373339654224715	0.008746679308449426	-0.004373339654224714	-0.004373339654224715	-0.004373339654224712	0.00439886316873739	0.00872115068054294	-0.004373334540830902	-0.004373341647057246	-0.004373337661392189	0.0016603308628489327
0.008746679308449436	0.01749335861689887	-0.008746679308449436	-0.008746679308449436	0.9912533206915506	0.008746679308449433	0.01749335861689886	-0.008746679308449431	-0.008746679308449435	-0.008746679308449433	0.008797726337474776	0.017442301361085884	-0.008746669081661806	-0.008746683294114491	-0.008746675322784378	0.0033206617256978663
-0.0014577798847415714	-0.0029155597694831416	0.001457779884741571	0.0014577798847415712	0.0014577798847415712	0.9985422201152588	-0.0029155597694831433	0.0014577798847415712	0.0014577798847415714	0.0014577798847415708	-0.0014662877229124633	-0.0029070502268476444	0.0014577781802769668	0.0014577805490190812	0.0014577792204640621	-0.0005534436209496443
-0.005831119538966287	-0.011662239077932566	0.005831119538966284	0.005831119538966286	0.005831119538966285	-0.005831119538966287	0.9883377609220675	0.005831119538966283	0.005831119538966285	0.005831119538966283	-0.005865150891649854	-0.01162820090739058	0.005831112721107867	0.0058311221960763255	0.005831116881856249	-0.0022137744837985767
0.0029155597694831433	0.005831119538966285	-0.0029155597694831424	-0.002915559769483143	-0.002915559769483143	0.0029155597694831433	0.005831119538966285	0.9970844402305169	-0.002915559769483143	-0.0029155597694831416	0.0029325754458249262	0.005814100453695289	-0.0029155563605539336	-0.002915561098038162	-0.0029155584409281243	0.0011068872418992886
0.004373339654224713	0.008746679308449424	-0.004373339654224713	-0.004373339654224713	-0.004373339654224712	0.004373339654224713	0.008746679308449423	-0.004373339654224712	0.9956266603457755	-0.004373339654224712	0.004398863168737389	0.008721150680542938	-0.004373334540830901	-0.004373341647057244	-0.004373337661392187	0.0016603308628489327
0.00874667930844943	0.017493358616898855	-0.00874667930844943	-0.00874667930844943	-0.008746679308449428	0.008746679308449428	0.017493358616898852	-0.008746679308449428	-0.008746679308449428	0.99125332069155	0.008797726337474778	0.017442301361085877	-0.0087466690816618	-0.008746683294114486	-0.008746675322784375	0.0033206617256978646
-0.0014538754809028936	-0.002907750961805786	0.001453875480902893	0.0014538754809028933	0.0014538754809028931	-0.0014538754809028936	-0.002907750961805786	0.001453875480902893	0.0014538754809028933	0.0014538754809028927	0.9680122765981116	0.027616884972839584	0.0014630874672432437	0.0014536876888815672	0.0014540632729242186	-0.032965992442811634
-0.005484798840039058	-0.010969597680078113	0.005484798840039057	0.005484798840039057	0.005484798840039058	-0.005484798840039059	-0.010969597680078115	0.005484798840039057	0.005484798840039057	0.005484798840039055	0.06685690556926198	0.9166872059483159	0.005486290802343945	0.005484432823692956	0.005485164856385156	-0.06498847447741588
0.002915559705865799	0.005831119411731597	-0.0029155597058657984	-0.0029155597058657984	-0.0029155597058657984	0.0029155597058657993	0.005831119411731597	-0.002915559705865798	-0.002915559705865799	-0.0029155597058657975	0.0029510685400090226	0.005812960635872351	0.99706709023585	-0.002915561131323227	-0.0029155582804083705	0.0010906899081385112
0.004373362817752545	0.008746725635505088	-0.004373362817752544	-0.004373362817752545	-0.004373362817752545	0.004373362817752545	0.008746725635505088	-0.004373362817752544	-0.004373362817752545	-0.004373362817752543	0.004399331626375828	0.008720751602574954	-0.004373357593445695	0.9956214946350941	-0.004368220270599218	0.0016556597663009878
0.008746679260529194	0.017493358521058384	-0.008746679260529194	-0.008746679260529194	-0.00874667926052919	0.008746679260529192	0.01749335852105838	-0.00874667926052919	-0.008746679260529192	-0.008746679260529187	0.008798616762234635	0.01744141057076029	-0.008746668811936547	-0.00873640223625726	0.9912430437151993	0.0033112999909288357
-0.004350187910311369	-0.008700375820622738	0.004350187910311368	0.004350187910311369	0.004350187910311368	-0.004350187910311368	-0.008700375820622736	0.004350187910311368	0.004350187910311368	0.004350187910311366	-0.18742410677976318	0.1744223883812684	0.004301342577871969	0.0043593401689874895	0.004341035651635247	0.803853508968613