0.9990845547988125	-0.0018308904023751937	0.000915445201187597	0.0009154452011875968	0.0009154452011875966	-0.0009154452011875967	-0.0018308904023751937	0.0009154452011875973	0.000915445201187597	0.0009154452011875968	-0.0009187153889188897	-0.001827619435814364	0.0009154444223580594	0.0009154453867706477	0.0009154450156045461	-0.0003780395602293569
-0.003661780804750387	0.9926764383904991	0.0036617808047503895	0.0036617808047503886	0.003661780804750388	-0.003661780804750388	-0.007323561609500778	0.0036617808047503904	0.00366178080475039	0.003661780804750389	-0.0036748615556755587	-0.0073104777432574574	0.0036617776894322376	0.0036617815470825926	0.0036617800624181842	-0.001512158240917427
0.0018308904023751937	0.0036617808047503878	0.9981691095976248	-0.0018308904023751939	-0.0018308904023751937	0.0018308904023751937	0.003661780804750388	-0.001830890402375195	-0.0018308904023751945	-0.0018308904023751943	0.0018374307778377791	0.003655238871628728	-0.0018308888447161184	-0.001830890773541296	-0.0018308900312090915	0.0007560791204587135
0.002746335603562792	0.005492671207125583	-0.002746335603562792	0.9972536643964369	-0.0027463356035627917	0.002746335603562792	0.0054926712071255825	-0.0027463356035627917	-0.0027463356035627912	-0.0027463356035627912	0.0027561461667566685	0.005482858307443093	-0.002746333267074178	-0.0027463361603119445	-0.0027463350468136393	0.0011341186806880703
0.005492671207125584	0.010985342414251167	-0.005492671207125584	-0.005492671207125583	0.9945073287928737	0.005492671207125584	0.010985342414251165	-0.005492671207125584	-0.0054926712071255825	-0.005492671207125582	0.005512292333513337	0.010965716614886182	-0.005492666534148354	-0.005492672320623887	-0.0054926700936272785	0.0022682373613761406
-0.0009154452011875966	-0.0018308904023751934	0.0009154452011875969	0.0009154452011875969	0.0009154452011875968	0.9990845547988124	-0.0018308904023751943	0.0009154452011875976	0.0009154452011875974	0.0009154452011875972	-0.0009187153889188898	-0.001827619435814364	0.0009154444223580594	0.0009154453867706479	0.0009154450156045462	-0.00037803956022935693
-0.003661780804750387	-0.007323561609500775	0.003661780804750388	0.003661780804750388	0.0036617808047503873	-0.003661780804750388	0.9926764383904991	0.00366178080475039	0.003661780804750389	0.0036617808047503886	-0.0036748615556755583	-0.007310477743257454	0.003661777689432237	0.003661781547082592	0.0036617800624181842	-0.0015121582409174275
0.0018308904023751937	0.0036617808047503878	-0.0018308904023751943	-0.0018308904023751943	-0.001830890402375194	0.0018308904023751943	0.0036617808047503886	0.9981691095976251	-0.001830890402375195	-0.0018308904023751945	0.0018374307778377794	0.0036552388716287283	-0.0018308888447161192	-0.0018308907735412959	-0.0018308900312090925	0.000756079120458714
0.0027463356035627925	0.005492671207125584	-0.0027463356035627925	-0.002746335603562792	-0.0027463356035627912	0.002746335603562792	0.0054926712071255825	-0.0027463356035627925	0.9972536643964375	-0.0027463356035627912	0.002756146166756669	0.005482858307443092	-0.0027463332670741767	-0.002746336160311945	-0.00274633504681364	0.0011341186806880705
0.005492671207125584	0.010985342414251167	-0.005492671207125584	-0.005492671207125583	-0.0054926712071255825	0.005492671207125583	0.010985342414251165	-0.005492671207125584	-0.005492671207125583	0.994507328792874	0.005512292333513338	0.010965716614886184	-0.005492666534148354	-0.005492672320623889	-0.0054926700936272785	0.0022682373613761415
-0.0009142607077935345	-0.001828521415587069	0.0009142607077935347	0.0009142607077935347	0.0009142607077935345	-0.0009142607077935346	-0.0018285214155870692	0.0009142607077935349	0.0009142607077935348	0.0009142607077935346	0.9770263470873689	0.020224278035821677	0.000920853461222412	0.0009141791212666263	0.0009143422943204434	-0.023468116894835314
-0.003515774219792733	-0.007031548439585468	0.003515774219792735	0.003515774219792735	0.003515774219792734	-0.003515774219792735	-0.00703154843958547	0.003515774219792736	0.0035157742197927363	0.0035157742197927354	0.046782606881908946	0.9426691723611075	0.0035166723173979883	0.0035156140547090383	0.003515934384876431	-0.046581812315500896
0.001830890385311199	0.003661780770622398	-0.0018308903853111993	-0.0018308903853111993	-0.0018308903853111987	0.0018308903853111991	0.0036617807706223983	-0.0018308903853111998	-0.0018308903853112	-0.0018308903853111998	0.0018506311651097333	0.0036545763703203925	0.9981565732351921	-0.001830890799414905	-0.001830889971207494	0.0007442204277653587
0.0027463446403814032	0.0054926892807628065	-0.0027463446403814037	-0.0027463446403814032	-0.002746344640381403	0.002746344640381403	0.005492689280762805	-0.002746344640381403	-0.0027463446403814024	-0.0027463446403814024	0.0027563601639671127	0.0054826713679148684	-0.0027463422511191772	0.9972504252315927	-0.002743114512355537	0.001131103840805896
0.005492671197291918	0.010985342394583836	-0.005492671197291919	-0.005492671197291918	-0.005492671197291918	0.005492671197291918	0.010985342394583835	-0.005492671197291919	-0.005492671197291918	-0.005492671197291917	0.0055127022143573335	0.010965306599000935	-0.00549266641877443	-0.005486213207992019	0.9945008708134078	0.0022621996813231154
-0.002739345838196845	-0.005478691676393689	0.0027393458381968455	0.002739345838196845	0.002739345838196845	-0.002739345838196845	-0.005478691676393689	0.0027393458381968446	0.002739345838196844	0.002739345838196844	-0.13501104495292357	0.1268286772749189	0.00270367600161096	0.0027453148630017417	0.002733376813391947	0.860318512510763