0.9990628721543622	-0.0018742556912763307	0.0009371278456381655	0.0009371278456381653	0.0009371278456381656	-0.0009371278456381655	-0.0018742556912763305	0.0009371278456381653	0.0009371278456381652	0.0009371278456381655	-0.0009405743115373532	-0.001870808408717235	0.0009371270289782566	0.0009371280436531088	0.0009371276476232214	-0.0003856014948975703
-0.003748511382552662	0.9925029772348952	0.003748511382552662	0.003748511382552662	0.0037485113825526622	-0.003748511382552662	-0.007497022765105321	0.0037485113825526614	0.0037485113825526614	0.003748511382552662	-0.0037622972461494133	-0.007483233634868941	0.003748508115913027	0.0037485121746124363	0.0037485105904928873	-0.0015424059795902812
0.0018742556912763303	0.003748511382552661	0.9981257443087239	-0.001874255691276331	-0.0018742556912763311	0.001874255691276331	0.0037485113825526605	-0.0018742556912763307	-0.0018742556912763305	-0.0018742556912763307	0.0018811486230747062	0.0037416168174344705	-0.0018742540579565134	-0.0018742560873062184	-0.0018742552952464432	0.0007712029897951407
0.002811383536914496	0.005622767073828993	-0.002811383536914497	0.9971886164630855	-0.0028113835369144974	0.002811383536914497	0.005622767073828992	-0.002811383536914497	-0.002811383536914496	-0.0028113835369144966	0.002821722934612059	0.005612425226151703	-0.002811381086934768	-0.0028113841309593273	-0.0028113829428696646	0.0011568044846927107
0.005622767073828997	0.011245534147657995	-0.005622767073828998	-0.005622767073828997	0.9943772329261714	0.005622767073828997	0.01124553414765799	-0.005622767073828996	-0.005622767073828995	-0.005622767073828996	0.00564344586922412	0.011224850452303411	-0.005622762173869539	-0.005622768261918656	-0.005622765885739331	0.002313608969385422
-0.0009371278456381653	-0.001874255691276331	0.0009371278456381655	0.0009371278456381655	0.0009371278456381656	0.9990628721543622	-0.0018742556912763305	0.0009371278456381655	0.0009371278456381653	0.0009371278456381655	-0.0009405743115373533	-0.0018708084087172352	0.0009371270289782567	0.0009371280436531091	0.0009371276476232219	-0.0003856014948975702
-0.003748511382552662	-0.007497022765105324	0.0037485113825526622	0.003748511382552662	0.0037485113825526627	-0.0037485113825526622	0.9925029772348947	0.003748511382552662	0.003748511382552662	0.0037485113825526622	-0.003762297246149414	-0.007483233634868942	0.0037485081159130264	0.0037485121746124368	0.003748510590492888	-0.001542405979590281
0.0018742556912763303	0.003748511382552661	-0.0018742556912763307	-0.0018742556912763305	-0.001874255691276331	0.0018742556912763307	0.003748511382552661	0.9981257443087236	-0.0018742556912763305	-0.0018742556912763307	0.0018811486230747064	0.003741616817434469	-0.0018742540579565127	-0.001874256087306218	-0.0018742552952464432	0.0007712029897951403
0.0028113835369144966	0.005622767073828994	-0.0028113835369144974	-0.0028113835369144966	-0.002811383536914497	0.0028113835369144966	0.005622767073828994	-0.0028113835369144966	0.9971886164630853	-0.0028113835369144966	0.002821722934612059	0.005612425226151703	-0.002811381086934769	-0.002811384130959327	-0.002811382942869664	0.0011568044846927104
0.005622767073828998	0.011245534147657998	-0.005622767073828999	-0.005622767073828998	-0.005622767073828999	0.005622767073828998	0.011245534147657998	-0.005622767073828998	-0.0056227670738289975	0.994377232926171	0.00564344586922412	0.011224850452303411	-0.005622762173869539	-0.0056227682619186545	-0.005622765885739331	0.0023136089693854235
-0.0009358685404253666	-0.001871737080850733	0.0009358685404253666	0.0009358685404253667	0.0009358685404253669	-0.0009358685404253667	-0.0018717370808507335	0.0009358685404253666	0.0009358685404253666	0.0009358685404253669	0.9766258481669058	0.02055983443490036	0.000942580317343651	0.0009357834045998984	0.0009359536762508344	-0.02388917548860281
-0.0035959693252897705	-0.00719193865057954	0.0035959693252897705	0.00359596932528977	0.0035959693252897705	-0.003595969325289771	-0.007191938650579541	0.00359596932528977	0.00359596932528977	0.0035959693252897705	0.04766797238151233	0.9415431942555196	0.0035968947123891596	0.0035958022479050077	0.003596136402674529	-0.047401318699478424
0.001874255672915028	0.0037485113458300564	-0.0018742556729150282	-0.001874255672915028	-0.0018742556729150282	0.001874255672915028	0.003748511345830056	-0.001874255672915028	-0.001874255672915028	-0.0018742556729150284	0.001894588207895313	0.003740933489285872	0.9981129896486483	-0.0018742561137105455	-0.0018742552321195085	0.0007591473092053659
0.0028113930109317366	0.005622786021863474	-0.002811393010931737	-0.0028113930109317366	-0.0028113930109317366	0.002811393010931736	0.005622786021863473	-0.002811393010931736	-0.0028113930109317357	-0.002811393010931736	0.00282194567897109	0.005612230849008701	-0.0028113905061163138	0.9971853003843366	-0.002808086406200875	0.001153722003251536
0.00562276706315752	0.011245534126315041	-0.005622767063157521	-0.005622767063157519	-0.00562276706315752	0.005622767063157519	0.011245534126315041	-0.00562276706315752	-0.005622767063157518	-0.00562276706315752	0.005643872366844025	0.011224423813005141	-0.00562276205353412	-0.005616156271497317	0.9943706221451826	0.0023074356368385043
-0.0028039500785247734	-0.005607900157049548	0.0028039500785247743	0.0028039500785247734	0.002803950078524774	-0.002803950078524773	-0.005607900157049547	0.002803950078524773	0.0028039500785247726	0.0028039500785247734	-0.13734716498733454	0.12897158060972713	0.0027676842205578067	0.0028100506470687537	0.0027978495099807914	0.8578146832280944