0.9977182626621691	-0.004563474675662126	0.002281737337831062	0.0022817373378310637	0.0022817373378310633	-0.002281737337831064	-0.004563474675662128	0.002281737337831062	0.002281737337831064	0.002281737337831063	-0.0022983553955847435	-0.0045468551043357525	0.0022817358242583703	0.0022817395554515086	0.0022817351202106206	-0.0007708028701003367
-0.009126949351324255	0.9817461012973512	0.009126949351324248	0.009126949351324255	0.009126949351324255	-0.009126949351324257	-0.018253898702648513	0.009126949351324251	0.009126949351324258	0.009126949351324253	-0.009193421582338974	-0.018187420417343014	0.009126943297033488	0.009126958221806031	0.009126940480842486	-0.003083211480401347
0.004563474675662126	0.009126949351324251	0.9954365253243369	-0.004563474675662126	-0.004563474675662124	0.004563474675662126	0.009126949351324251	-0.004563474675662122	-0.004563474675662127	-0.004563474675662124	0.004596710791169487	0.009093710208671502	-0.004563471648516739	-0.004563479110903013	-0.004563470240421237	0.0015416057402006728
0.006845212013493189	0.013690424026986376	-0.006845212013493186	0.9931547879865067	-0.006845212013493189	0.00684521201349319	0.013690424026986378	-0.006845212013493185	-0.00684521201349319	-0.006845212013493186	0.006895066186754234	0.013640565313007261	-0.006845207472775107	-0.006845218666354521	-0.006845205360631855	0.00231240861030101
0.013690424026986383	0.02738084805397276	-0.013690424026986378	-0.01369042402698638	0.9863095759730133	0.013690424026986383	0.027380848053972763	-0.013690424026986376	-0.013690424026986382	-0.013690424026986378	0.013790132373508469	0.02728113062601452	-0.013690414945550214	-0.013690437332709042	-0.01369041072126371	0.00462481722060202
-0.0022817373378310637	-0.0045634746756621275	0.002281737337831063	0.0022817373378310637	0.0022817373378310637	0.9977182626621691	-0.004563474675662126	0.0022817373378310616	0.0022817373378310637	0.002281737337831063	-0.0022983553955847435	-0.004546855104335753	0.0022817358242583695	0.002281739555451508	0.0022817351202106206	-0.0007708028701003367
-0.009126949351324257	-0.018253898702648513	0.009126949351324253	0.009126949351324257	0.009126949351324257	-0.009126949351324258	0.9817461012973517	0.00912694935132425	0.009126949351324255	0.00912694935132425	-0.009193421582338978	-0.018187420417343014	0.009126943297033483	0.009126958221806033	0.009126940480842482	-0.0030832114804013474
0.004563474675662127	0.009126949351324253	-0.004563474675662125	-0.004563474675662127	-0.004563474675662127	0.0045634746756621275	0.009126949351324253	0.995436525324337	-0.004563474675662127	-0.004563474675662125	0.004596710791169485	0.009093710208671503	-0.004563471648516737	-0.004563479110903014	-0.004563470240421238	0.0015416057402006728
0.006845212013493191	0.01369042402698638	-0.00684521201349319	-0.00684521201349319	-0.00684521201349319	0.006845212013493191	0.013690424026986383	-0.006845212013493189	0.9931547879865068	-0.00684521201349319	0.006895066186754234	0.013640565313007261	-0.006845207472775107	-0.006845218666354521	-0.006845205360631857	0.00231240861030101
0.013690424026986376	0.02738084805397275	-0.013690424026986375	-0.013690424026986375	-0.013690424026986375	0.013690424026986376	0.027380848053972756	-0.013690424026986373	-0.013690424026986378	0.9863095759730128	0.01379013237350846	0.02728113062601451	-0.013690414945550212	-0.013690437332709037	-0.013690410721263709	0.004624817220602019
-0.0022699024245447755	-0.004539804849089551	0.0022699024245447746	0.0022699024245447755	0.0022699024245447746	-0.0022699024245447755	-0.004539804849089551	0.002269902424544774	0.0022699024245447755	0.0022699024245447746	0.9567267996880523	0.036451444809916744	0.002281950652940809	0.0022694937924626906	0.0022703110566268613	-0.04471196926211865
-0.008338131394801692	-0.016676262789603383	0.00833813139480169	0.008338131394801692	0.00833813139480169	-0.008338131394801693	-0.016676262789603387	0.00833813139480169	0.008338131394801693	0.00833813139480169	0.09131630178807756	0.8836674672844169	0.008339968137902871	0.00833734087575394	0.008338921913849454	-0.08766864338996432
0.004563474555736299	0.009126949111472597	-0.004563474555736298	-0.004563474555736299	-0.004563474555736299	0.0045634745557362995	0.009126949111472599	-0.004563474555736299	-0.004563474555736299	-0.004563474555736298	0.004621131797050175	0.009092121722776245	0.9954136955916458	-0.004563479197295828	-0.004563469914176767	0.0015202381444998745
0.0068452697121578225	0.013690539424315645	-0.00684526971215782	-0.006845269712157822	-0.006845269712157822	0.006845269712157822	0.013690539424315643	-0.006845269712157818	-0.006845269712157822	-0.00684526971215782	0.006896048832140087	0.013639755542895335	-0.006845264950719777	0.9931466847654435	-0.006837224189759506	0.0023053415943440746
0.013690423822642989	0.02738084764528597	-0.013690423822642982	-0.013690423822642985	-0.013690423822642985	0.013690423822642987	0.027380847645285977	-0.013690423822642982	-0.013690423822642989	-0.013690423822642983	0.013791981773460242	0.02727928017159396	-0.013690414299768224	-0.01367435962473643	0.9862935119794503	0.004610637539103641
-0.006774820715125047	-0.013549641430250094	0.006774820715125043	0.006774820715125045	0.006774820715125045	-0.006774820715125047	-0.013549641430250094	0.006774820715125043	0.006774820715125047	0.006774820715125045	-0.2526078085627693	0.23234805092257244	0.006710116209946661	0.006788439757825061	0.006761201672425025	0.7340243940352493