0.9988297303215621	-0.002340539356875219	0.0011702696784376095	0.001170269678437609	0.0011702696784376093	-0.0011702696784376093	-0.002340539356875219	0.0011702696784376093	0.0011702696784376093	0.0011702696784376093	-0.0011758226996053654	-0.002334985099817087	0.001170268442547233	0.0011702700435011009	0.0011702693133741184	-0.0004639083570133793
-0.004681078713750436	0.9906378425724991	0.004681078713750437	0.004681078713750436	0.004681078713750436	-0.004681078713750436	-0.009362157427500874	0.004681078713750436	0.0046810787137504355	0.0046810787137504355	-0.004703290798421462	-0.009339940399268352	0.0046810737701889335	0.004681080174004403	0.004681077253496475	-0.0018556334280535173
0.0023405393568752195	0.004681078713750441	0.9976594606431249	-0.002340539356875218	-0.0023405393568752186	0.002340539356875219	0.004681078713750439	-0.0023405393568752186	-0.0023405393568752186	-0.002340539356875219	0.002351645399210731	0.0046699701996341745	-0.002340536885094466	-0.0023405400870022018	-0.002340538626748237	0.000927816714026759
0.0035108090353128288	0.007021618070625659	-0.0035108090353128296	0.9964891909646869	-0.0035108090353128288	0.0035108090353128296	0.0070216180706256575	-0.0035108090353128283	-0.003510809035312828	-0.003510809035312828	0.0035274680988160952	0.007004955299451263	-0.0035108053276417003	-0.0035108101305033027	-0.003510807940122354	0.0013917250710401377
0.007021618070625656	0.014043236141251315	-0.0070216180706256575	-0.0070216180706256575	0.9929783819293743	0.00702161807062566	0.014043236141251317	-0.0070216180706256575	-0.007021618070625657	-0.007021618070625657	0.00705493619763219	0.014009910598902529	-0.007021610655283399	-0.007021620261006605	-0.007021615880244708	0.0027834501420802753
-0.0011702696784376095	-0.00234053935687522	0.0011702696784376095	0.0011702696784376095	0.0011702696784376093	0.9988297303215626	-0.0023405393568752195	0.0011702696784376093	0.0011702696784376093	0.0011702696784376093	-0.0011758226996053652	-0.0023349850998170877	0.0011702684425472336	0.0011702700435011013	0.0011702693133741188	-0.00046390835701337944
-0.004681078713750437	-0.009362157427500878	0.004681078713750437	0.004681078713750437	0.004681078713750437	-0.004681078713750437	0.990637842572499	0.004681078713750436	0.004681078713750436	0.004681078713750436	-0.00470329079842146	-0.009339940399268344	0.004681073770188931	0.004681080174004403	0.004681077253496474	-0.0018556334280535164
0.002340539356875218	0.004681078713750438	-0.002340539356875218	-0.002340539356875218	-0.0023405393568752177	0.0023405393568752177	0.004681078713750437	0.9976594606431245	-0.002340539356875218	-0.0023405393568752177	0.00235164539921073	0.004669970199634174	-0.0023405368850944663	-0.002340540087002201	-0.0023405386267482363	0.0009278167140267584
0.0035108090353128283	0.0070216180706256575	-0.0035108090353128288	-0.0035108090353128288	-0.0035108090353128283	0.0035108090353128288	0.007021618070625658	-0.003510809035312829	0.9964891909646869	-0.003510809035312828	0.003527468098816095	0.007004955299451265	-0.0035108053276416995	-0.0035108101305033022	-0.003510807940122355	0.0013917250710401374
0.007021618070625656	0.014043236141251313	-0.007021618070625657	-0.007021618070625657	-0.007021618070625656	0.007021618070625657	0.014043236141251315	-0.0070216180706256575	-0.007021618070625656	0.9929783819293743	0.00705493619763219	0.014009910598902529	-0.007021610655283401	-0.007021620261006605	-0.007021615880244709	0.0027834501420802753
-0.0011680323456269848	-0.002336064691253971	0.001168032345626985	0.001168032345626985	0.0011680323456269848	-0.0011680323456269848	-0.0023360646912539704	0.0011680323456269848	0.0011680323456269846	0.0011680323456269848	0.972555664333819	0.02393232649089157	0.0011759444840352608	0.001167905233412364	0.001168159457841606	-0.0281771647450096
-0.004450361749189496	-0.008900723498378994	0.004450361749189496	0.004450361749189495	0.004450361749189494	-0.004450361749189494	-0.008900723498378992	0.004450361749189495	0.004450361749189494	0.004450361749189495	0.056721743058265564	0.9299259677894959	0.004451565653859676	0.004450113121849654	0.004450610376529337	-0.055725641254413885
0.0023405393212314516	0.004681078642462905	-0.0023405393212314516	-0.002340539321231451	-0.002340539321231451	0.002340539321231451	0.004681078642462903	-0.0023405393212314507	-0.0023405393212314507	-0.0023405393212314507	0.002367502686764438	0.004669069855243049	0.9976445061004555	-0.0023405401175963046	-0.002340538524866598	0.0009137811869360438
0.0035108238778969085	0.007021647755793818	-0.0035108238778969085	-0.0035108238778969085	-0.0035108238778969085	0.003510823877896908	0.007021647755793817	-0.0035108238778969077	-0.0035108238778969077	-0.0035108238778969077	0.003527792702042026	0.007004675145496012	-0.0035108200917442194	0.9964850472930324	-0.003506695048826388	0.001387923149835562
0.0070216180476888185	0.014043236095377642	-0.007021618047688821	-0.00702161804768882	-0.00702161804768882	0.007021618047688819	0.01404323609537764	-0.007021618047688819	-0.0070216180476888185	-0.007021618047688818	0.007055555632762618	0.01400929093801184	-0.007021610475396818	-0.0070133648346047345	0.9929701287392275	0.0027758334671983756
-0.0034975691031954195	-0.006995138206390839	0.0034975691031954195	0.003497569103195418	0.003497569103195418	-0.003497569103195418	-0.006995138206390836	0.003497569103195418	0.0034975691031954173	0.0034975691031954173	-0.16104944729883525	0.1505990071141571	0.003455301978287387	0.00350506073438638	0.0034900774720044545	0.8323199337952109