0.9988333457051525	-0.002333308589694861	0.00116665429484743	0.0011666542948474306	0.00116665429484743	-0.0011666542948474302	-0.0023333085896948607	0.00116665429484743	0.0011666542948474302	0.00116665429484743	-0.0011721721396318302	-0.002327789515495219	0.0011666530654321889	0.0011666546568301732	0.0011666539328646867	-0.00046273438754006223
-0.004666617179389724	0.9906667656412211	0.00466661717938972	0.004666617179389723	0.0046666171793897215	-0.004666617179389722	-0.009333234358779448	0.004666617179389723	0.004666617179389724	0.004666617179389723	-0.004688688558527321	-0.009311158061980877	0.004666612261728757	0.004666618627320696	0.004666615731458748	-0.0018509375501602496
0.0023333085896948594	0.00466661717938972	0.9976666914103047	-0.0023333085896948607	-0.00233330858969486	0.00233330858969486	0.0046666171793897215	-0.0023333085896948603	-0.0023333085896948603	-0.00233330858969486	0.0023443442792636603	0.004655579030990436	-0.0023333061308643786	-0.002333309313660347	-0.0023333078657293725	0.0009254687750801244
0.0034999628845422924	0.006999925769084586	-0.003499962884542292	0.9965000371154578	-0.0034999628845422915	0.003499962884542292	0.006999925769084585	-0.003499962884542292	-0.003499962884542293	-0.0034999628845422924	0.0035165164188954937	0.006983368546485658	-0.0034999591962965658	-0.0034999639704905235	-0.003499961798594061	0.0013882031626201877
0.006999925769084582	0.013999851538169166	-0.006999925769084581	-0.006999925769084585	0.9930000742309152	0.006999925769084581	0.013999851538169164	-0.0069999257690845805	-0.006999925769084583	-0.006999925769084581	0.007033032837790986	0.013966737092971308	-0.006999918392593129	-0.0069999279409810435	-0.00699992359718812	0.0027764063252403745
-0.0011666542948474297	-0.00233330858969486	0.00116665429484743	0.00116665429484743	0.0011666542948474297	0.9988333457051525	-0.0023333085896948603	0.0011666542948474297	0.0011666542948474302	0.00116665429484743	-0.0011721721396318297	-0.0023277895154952175	0.0011666530654321884	0.0011666546568301738	0.0011666539328646865	-0.0004627343875400623
-0.004666617179389721	-0.009333234358779443	0.0046666171793897215	0.0046666171793897215	0.004666617179389721	-0.0046666171793897215	0.9906667656412211	0.004666617179389722	0.004666617179389722	0.0046666171793897215	-0.00468868855852732	-0.009311158061980875	0.004666612261728754	0.004666618627320697	0.0046666157314587476	-0.0018509375501602494
0.0023333085896948594	0.00466661717938972	-0.00233330858969486	-0.00233330858969486	-0.0023333085896948594	0.00233330858969486	0.004666617179389721	0.9976666914103051	-0.0023333085896948603	-0.00233330858969486	0.0023443442792636594	0.004655579030990434	-0.002333306130864377	-0.0023333093136603473	-0.002333307865729373	0.0009254687750801245
0.0034999628845422915	0.006999925769084584	-0.003499962884542291	-0.003499962884542293	-0.0034999628845422907	0.0034999628845422907	0.006999925769084585	-0.0034999628845422902	0.9965000371154579	-0.0034999628845422915	0.0035165164188954933	0.0069833685464856556	-0.0034999591962965658	-0.0034999639704905226	-0.003499961798594061	0.0013882031626201875
0.006999925769084581	0.013999851538169163	-0.00699992576908458	-0.006999925769084583	-0.006999925769084579	0.006999925769084579	0.013999851538169166	-0.006999925769084578	-0.006999925769084583	0.9930000742309154	0.007033032837790984	0.01396673709297131	-0.00699991839259313	-0.006999927940981043	-0.00699992359718812	0.0027764063252403745
-0.001164434617784712	-0.0023288692355694245	0.0011644346177847123	0.0011644346177847123	0.0011644346177847123	-0.0011644346177847123	-0.002328869235569425	0.0011644346177847123	0.0011644346177847125	0.0011644346177847123	0.9726158193094645	0.023882982258365697	0.0011723291966008564	0.0011643082078506887	0.0011645610277187359	-0.028113722295698387
-0.0044372208330330926	-0.008874441666066185	0.0044372208330330926	0.004437220833033093	0.004437220833033092	-0.0044372208330330926	-0.008874441666066189	0.004437220833033092	0.004437220833033093	0.004437220833033092	0.056587460838668516	0.930099676816172	0.004438420679093457	0.004436973567388175	0.004437468098678013	-0.055602727407199265
0.0023333085543626834	0.004666617108725368	-0.002333308554362684	-0.0023333085543626847	-0.0023333085543626834	0.0023333085543626843	0.0046666171087253695	-0.002333308554362684	-0.0023333085543626843	-0.0023333085543626834	0.002360166111136672	0.004654681922933493	0.9976517690746555	-0.0023333093442087886	-0.002333307764516577	0.0009114622124256821
0.0034999776345031844	0.00699995526900637	-0.0034999776345031844	-0.003499977634503186	-0.0034999776345031844	0.0034999776345031844	0.006999955269006371	-0.003499977634503184	-0.003499977634503186	-0.0034999776345031844	0.003516839337819393	0.006983089799348824	-0.003499973868161846	0.9964959062855568	-0.0034958615545629583	0.0013844122931718841
0.006999925746387749	0.013999851492775502	-0.006999925746387748	-0.0069999257463877525	-0.006999925746387748	0.006999925746387749	0.013999851492775505	-0.006999925746387748	-0.0069999257463877525	-0.006999925746387749	0.007033649090367076	0.013966120616126778	-0.006999918213718352	-0.006991697994207656	0.9929918465014316	0.0027688118298540274
-0.0034868278480020215	-0.006973655696004045	0.0034868278480020215	0.0034868278480020233	0.0034868278480020215	-0.0034868278480020224	-0.0069736556960040465	0.0034868278480020215	0.0034868278480020224	0.0034868278480020224	-0.16069966071066014	0.15028135634339884	0.0034446486712572215	0.0034942982227581694	0.003479357473245877	0.8326970931053861