0.9976602284442634	-0.004679543111472913	0.002339771555736457	0.002339771555736456	0.002339771555736457	-0.002339771555736456	-0.004679543111472913	0.0023397715557364573	0.0023397715557364565	0.0023397715557364578	-0.0023568396314791206	-0.004662473677867336	0.0023397701978735497	0.0023397739274442163	0.002339769184028697	-0.0007839710059484189
-0.009359086222945826	0.9812818275541086	0.009359086222945828	0.009359086222945826	0.009359086222945828	-0.009359086222945824	-0.01871817244589165	0.00935908622294583	0.009359086222945824	0.00935908622294583	-0.009427358525916486	-0.018649894711469356	0.009359080791494197	0.00935909570977687	0.009359076736114793	-0.0031358840237936765
0.004679543111472914	0.009359086222945826	0.9953204568885272	-0.004679543111472913	-0.004679543111472914	0.004679543111472913	0.009359086222945828	-0.0046795431114729155	-0.004679543111472913	-0.0046795431114729155	0.004713679262958246	0.009324947355734676	-0.004679540395747099	-0.004679547854888433	-0.004679538368057396	0.0015679420118968378
0.007019314667209366	0.014038629334418734	-0.007019314667209368	0.9929806853327904	-0.007019314667209369	0.007019314667209366	0.014038629334418731	-0.00701931466720937	-0.007019314667209366	-0.00701931466720937	0.0070705188944373614	0.013987421033602013	-0.007019310593620641	-0.007019321782332645	-0.00701930755208609	0.0023519130178452563
0.014038629334418733	0.028077258668837472	-0.01403862933441874	-0.014038629334418736	0.9859613706655814	0.014038629334418734	0.028077258668837462	-0.014038629334418741	-0.014038629334418733	-0.014038629334418741	0.014141037788874726	0.027974842067204034	-0.014038621187241286	-0.014038643564665294	-0.014038615104172182	0.004703826035690514
-0.0023397715557364556	-0.00467954311147291	0.0023397715557364556	0.002339771555736455	0.0023397715557364556	0.9976602284442634	-0.004679543111472913	0.0023397715557364573	0.002339771555736456	0.0023397715557364573	-0.002356839631479121	-0.004662473677867335	0.0023397701978735484	0.0023397739274442163	0.002339769184028696	-0.0007839710059484187
-0.009359086222945826	-0.018718172445891648	0.009359086222945826	0.009359086222945824	0.009359086222945826	-0.009359086222945824	0.9812818275541083	0.00935908622294583	0.009359086222945824	0.00935908622294583	-0.009427358525916484	-0.018649894711469342	0.009359080791494195	0.009359095709776865	0.009359076736114788	-0.0031358840237936765
0.004679543111472915	0.009359086222945828	-0.004679543111472915	-0.004679543111472914	-0.004679543111472915	0.004679543111472914	0.009359086222945826	0.9953204568885275	-0.004679543111472912	-0.004679543111472915	0.004713679262958243	0.009324947355734673	-0.004679540395747098	-0.004679547854888432	-0.004679538368057393	0.0015679420118968382
0.0070193146672093655	0.014038629334418733	-0.007019314667209368	-0.007019314667209366	-0.007019314667209367	0.0070193146672093655	0.01403862933441873	-0.007019314667209369	0.9929806853327902	-0.007019314667209369	0.0070705188944373614	0.01398742103360201	-0.007019310593620641	-0.007019321782332648	-0.007019307552086087	0.002351913017845256
0.014038629334418738	0.02807725866883748	-0.014038629334418743	-0.01403862933441874	-0.014038629334418741	0.014038629334418738	0.028077258668837472	-0.014038629334418745	-0.014038629334418736	0.9859613706655814	0.01414103778887473	0.02797484206720403	-0.014038621187241291	-0.014038643564665299	-0.014038615104172179	0.004703826035690514
-0.0023271830209879276	-0.004654366041975856	0.002327183020987929	0.0023271830209879284	0.002327183020987929	-0.0023271830209879284	-0.004654366041975857	0.002327183020987929	0.002327183020987929	0.0023271830209879293	0.9559929648513206	0.03701328004402592	0.002339389062677469	0.0023267564760827645	0.002327609565893093	-0.04546384133887703
-0.008533022683698465	-0.01706604536739693	0.008533022683698467	0.008533022683698467	0.00853302268369847	-0.008533022683698469	-0.017066045367396934	0.008533022683698474	0.008533022683698469	0.008533022683698469	0.09284912462555994	0.8815499758088102	0.00853485419823272	0.008532197847440253	0.00853384751995668	-0.08912143593885605
0.004679542993638417	0.009359085987276835	-0.004679542993638419	-0.004679542993638418	-0.004679542993638419	0.004679542993638418	0.009359085987276836	-0.004679542993638422	-0.004679542993638419	-0.00467954299363842	0.004738445303652382	0.009323340580742212	0.9952973001028825	-0.00467954795215059	-0.00467953803512625	0.001546245984506334
0.00701937540989136	0.014038750819782722	-0.007019375409891362	-0.007019375409891361	-0.007019375409891361	0.007019375409891361	0.014038750819782722	-0.007019375409891362	-0.00701937540989136	-0.007019375409891363	0.007071543343131818	0.013986578583600678	-0.007019371106949788	0.9929723747683219	-0.007011125588104391	0.002344682206940702
0.014038629113015707	0.028077258226031417	-0.014038629113015712	-0.014038629113015707	-0.01403862911301571	0.014038629113015703	0.028077258226031406	-0.014038629113015712	-0.014038629113015707	-0.014038629113015715	0.014142964681439411	0.027972914051719203	-0.0140386205071272	-0.014022158177080567	0.9859448999510495	0.004689316567364011
-0.006944430432763853	-0.01388886086552771	0.006944430432763857	0.006944430432763857	0.0069444304327638574	-0.006944430432763854	-0.01388886086552771	0.0069444304327638574	0.006944430432763854	0.0069444304327638574	-0.2568333772131063	0.23606580435478494	0.006878711992793527	0.006958349198119451	0.006930511667408267	0.7295523262012699