0.9997022019161672	-0.0005955961676653641	0.00029779808383268206	0.00029779808383268217	0.000297798083832682	-0.00029779808383268217	-0.000595596167665364	0.00029779808383268195	0.00029779808383268206	0.000297798083832682	-0.0002979874601084444	-0.0005954067410554018	0.00029779803349848225	0.0002977980914736501	0.0002977980761917135	-0.0001383565612627491
-0.0011911923353307285	0.9976176153293388	0.0011911923353307285	0.0011911923353307289	0.0011911923353307285	-0.0011911923353307289	-0.002382384670661456	0.0011911923353307278	0.0011911923353307285	0.001191192335330728	-0.001191949840433778	-0.002381626964221607	0.0011911921339939288	0.0011911923658946002	0.0011911923047668535	-0.0005534262450509963
0.0005955961676653647	0.0011911923353307287	0.9994044038323346	-0.0005955961676653643	-0.0005955961676653641	0.0005955961676653644	0.0011911923353307282	-0.000595596167665364	-0.0005955961676653642	-0.0005955961676653642	0.0005959749202168887	0.001190813482110803	-0.0005955960669969643	-0.0005955961829472999	-0.0005955961523834268	0.000276713122525498
0.0008933942514980457	0.0017867885029960913	-0.0008933942514980457	0.9991066057485023	-0.0008933942514980455	0.0008933942514980459	0.001786788502996091	-0.0008933942514980457	-0.0008933942514980461	-0.000893394251498046	0.0008939623803253333	0.0017862202231662054	-0.0008933941004954466	-0.0008933942744209509	-0.0008933942285751407	0.00041506968378824744
0.0017867885029960902	0.00357357700599218	-0.0017867885029960902	-0.001786788502996091	0.9982132114970037	0.0017867885029960913	0.003573577005992181	-0.0017867885029960908	-0.0017867885029960913	-0.001786788502996091	0.001787924760650666	0.0035724404463324086	-0.0017867882009908926	-0.001786788548841901	-0.0017867884571502804	0.0008301393675764947
-0.00029779808383268233	-0.0005955961676653644	0.0002977980838326822	0.0002977980838326822	0.00029779808383268206	0.9997022019161677	-0.0005955961676653639	0.00029779808383268195	0.00029779808383268206	0.000297798083832682	-0.00029798746010844445	-0.0005954067410554018	0.0002977980334984821	0.00029779809147365016	0.0002977980761917136	-0.0001383565612627491
-0.0011911923353307289	-0.002382384670661457	0.0011911923353307285	0.0011911923353307285	0.0011911923353307278	-0.001191192335330728	0.9976176153293385	0.0011911923353307276	0.0011911923353307285	0.001191192335330728	-0.0011919498404337776	-0.0023816269642216066	0.0011911921339939284	0.0011911923658946002	0.0011911923047668539	-0.0005534262450509964
0.0005955961676653643	0.0011911923353307282	-0.0005955961676653641	-0.0005955961676653641	-0.0005955961676653639	0.000595596167665364	0.0011911923353307278	0.9994044038323344	-0.0005955961676653639	-0.0005955961676653639	0.0005959749202168887	0.0011908134821108029	-0.000595596066996964	-0.0005955961829473001	-0.0005955961523834268	0.00027671312252549815
0.0008933942514980455	0.0017867885029960908	-0.0008933942514980455	-0.0008933942514980459	-0.0008933942514980456	0.0008933942514980457	0.0017867885029960908	-0.0008933942514980455	0.9991066057485022	-0.0008933942514980457	0.0008939623803253331	0.0017862202231662043	-0.0008933941004954462	-0.000893394274420951	-0.0008933942285751405	0.0004150696837882474
0.0017867885029960908	0.0035735770059921812	-0.0017867885029960908	-0.0017867885029960917	-0.001786788502996091	0.0017867885029960915	0.0035735770059921812	-0.0017867885029960908	-0.0017867885029960915	0.998213211497004	0.0017879247606506661	0.0035724404463324095	-0.0017867882009908924	-0.0017867885488419017	-0.0017867884571502813	0.0008301393675764947
-0.00029774281132439063	-0.0005954856226487809	0.00029774281132439047	0.00029774281132439063	0.00029774281132439036	-0.0002977428113243904	-0.0005954856226487807	0.00029774281132439036	0.0002977428113243904	0.0002977428113243904	0.9907886847897599	0.008315536623692034	0.0003002929638989375	0.0002977329101027329	0.00029775271254604786	-0.009217833914215896
-0.001174077003229054	-0.002348154006458107	0.0011740770032290535	0.001174077003229054	0.0011740770032290535	-0.0011740770032290537	-0.0023481540064581065	0.001174077003229053	0.0011740770032290537	0.0011740770032290532	0.017644427539203447	0.9788331857263861	0.001174232727952309	0.0011740573443246585	0.0011740966621334485	-0.018533229364589333
0.000595596167333702	0.0011911923346674036	-0.0005955961673337019	-0.0005955961673337021	-0.0005955961673337018	0.000595596167333702	0.0011911923346674036	-0.0005955961673337017	-0.0005955961673337019	-0.0005955961673337018	0.0006010757530971706	0.0011907011509327964	0.9993994154306373	-0.0005955961879852185	-0.0005955961466821847	0.00027183831808521685
0.0008933951962510836	0.0017867903925021667	-0.0008933951962510835	-0.0008933951962510837	-0.0008933951962510836	0.0008933951962510837	0.0017867903925021667	-0.0008933951962510835	-0.0008933951962510837	-0.0008933951962510837	0.0008939909494049134	0.0017861944809083126	-0.0008933950378110592	0.9991055537356349	-0.0008923441281371956	0.0004140470615703492
0.001786788502837098	0.0035735770056741956	-0.001786788502837098	-0.0017867885028370984	-0.001786788502837098	0.0017867885028370982	0.003573577005674195	-0.0017867885028370978	-0.0017867885028370984	-0.0017867885028370987	0.0017879800085228348	0.0035723851831085756	-0.0017867881859572141	-0.0017846864626386762	0.9982111094569645	0.0008280932245614939
-0.0008930766240165185	-0.0017861532480330368	0.0008930766240165185	0.0008930766240165187	0.0008930766240165185	-0.0008930766240165188	-0.001786153248033037	0.0008930766240165187	0.0008930766240165188	0.0008930766240165188	-0.054344091209761275	0.051679491489453375	0.0008784464722748645	0.0008951192797067212	0.0008910339683263164	0.9451058769716087