0.9979665794892834	-0.004066841021434521	0.0020334205107172603	0.0020334205107172608	0.0020334205107172616	-0.0020334205107172603	-0.0040668410214345216	0.0020334205107172608	0.0020334205107172603	0.0020334205107172603	-0.0020478727183651227	-0.004052386883939928	0.002033418580870529	0.0020334221395996665	0.0020334188818348573	-0.0007112751591564466
-0.00813368204286904	0.9837326359142619	0.008133682042869038	0.00813368204286904	0.008133682042869043	-0.00813368204286904	-0.016267364085738086	0.008133682042869043	0.008133682042869041	0.008133682042869041	-0.008191490873460487	-0.016209547535759712	0.008133674323482115	0.00813368855839867	0.008133675527339426	-0.002845100636625785
0.004066841021434523	0.008133682042869047	0.9959331589785652	-0.004066841021434521	-0.0040668410214345216	0.004066841021434521	0.008133682042869045	-0.004066841021434522	-0.0040668410214345216	-0.0040668410214345216	0.004095745436730246	0.008104773767879856	-0.004066837161741058	-0.0040668442791993355	-0.004066837763669713	0.0014225503183128928
0.006100261532151785	0.01220052306430357	-0.0061002615321517845	0.9938997384678483	-0.006100261532151786	0.006100261532151784	0.01220052306430357	-0.006100261532151784	-0.006100261532151782	-0.0061002615321517845	0.006143618155095376	0.012157160651819786	-0.006100255742611589	-0.006100266418798999	-0.006100256645504572	0.002133825477469338
0.01220052306430357	0.024401046128607145	-0.01220052306430357	-0.012200523064303569	0.9877994769356969	0.012200523064303572	0.02440104612860715	-0.012200523064303572	-0.012200523064303567	-0.01220052306430357	0.01228723631019075	0.024314321303639575	-0.012200511485223178	-0.012200532837597994	-0.012200513291009142	0.004267650954938677
-0.0020334205107172603	-0.004066841021434521	0.0020334205107172603	0.0020334205107172603	0.0020334205107172608	0.9979665794892828	-0.004066841021434522	0.002033420510717261	0.002033420510717261	0.0020334205107172608	-0.0020478727183651235	-0.004052386883939927	0.002033418580870529	0.0020334221395996673	0.002033418881834857	-0.0007112751591564466
-0.008133682042869038	-0.016267364085738076	0.008133682042869038	0.008133682042869038	0.00813368204286904	-0.008133682042869038	0.9837326359142621	0.008133682042869041	0.008133682042869041	0.008133682042869041	-0.00819149087346049	-0.01620954753575971	0.008133674323482115	0.00813368855839867	0.008133675527339427	-0.0028451006366257857
0.004066841021434521	0.008133682042869041	-0.004066841021434521	-0.004066841021434521	-0.0040668410214345216	0.004066841021434521	0.008133682042869043	0.9959331589785656	-0.004066841021434521	-0.004066841021434521	0.004095745436730247	0.008104773767879854	-0.004066837161741057	-0.004066844279199336	-0.0040668377636697145	0.001422550318312893
0.006100261532151785	0.012200523064303572	-0.0061002615321517845	-0.006100261532151784	-0.006100261532151786	0.006100261532151784	0.01220052306430357	-0.0061002615321517845	0.993899738467848	-0.0061002615321517845	0.006143618155095375	0.01215716065181979	-0.006100255742611589	-0.006100266418798999	-0.006100256645504571	0.002133825477469339
0.012200523064303566	0.024401046128607135	-0.012200523064303566	-0.012200523064303564	-0.012200523064303567	0.012200523064303564	0.02440104612860713	-0.012200523064303564	-0.012200523064303564	0.9877994769356963	0.012287236310190741	0.02431432130363957	-0.012200511485223177	-0.012200532837597996	-0.012200513291009138	0.004267650954938678
-0.002024504408761998	-0.004049008817523996	0.002024504408761998	0.002024504408761998	0.002024504408761999	-0.002024504408761998	-0.004049008817523997	0.002024504408761999	0.0020245044087619994	0.002024504408761999	0.9599381791321622	0.03397699223482259	0.002035819815491702	0.002024169075489705	0.002024839742034295	-0.04140270503717435
-0.007495235742201761	-0.014990471484403523	0.007495235742201761	0.007495235742201761	0.007495235742201763	-0.007495235742201762	-0.014990471484403526	0.007495235742201762	0.007495235742201763	0.007495235742201761	0.08451795868506493	0.8929945194031779	0.0074970504273538085	0.007494585790823667	0.007495885693579861	-0.08127680800289584
0.004066840905583814	0.008133681811167628	-0.004066840905583813	-0.004066840905583813	-0.004066840905583813	0.004066840905583813	0.008133681811167628	-0.004066840905583814	-0.004066840905583813	-0.004066840905583812	0.004118594040312973	0.008103282359839226	0.9959118054110155	-0.004066844333625519	-0.00406683747754211	0.0014026291917012745
0.006100307125476366	0.012200614250952736	-0.006100307125476367	-0.0061003071254763655	-0.006100307125476368	0.006100307125476366	0.012200614250952736	-0.006100307125476366	-0.006100307125476366	-0.006100307125476366	0.006144430260058325	0.012156485141712386	-0.006100301150817976	0.9938925217966815	-0.006093136047634006	0.0021274665456892405
0.012200522922917564	0.024401045845835127	-0.012200522922917562	-0.01220052292291756	-0.012200522922917565	0.01220052292291756	0.024401045845835127	-0.012200522922917562	-0.01220052292291756	-0.012200522922917562	0.012288768949841971	0.024312787869613526	-0.012200510973620363	-0.012186200502232392	0.9877851546563972	0.004254896330716092
-0.006047266733955993	-0.012094533467911986	0.006047266733955992	0.006047266733955992	0.006047266733955993	-0.0060472667339559905	-0.012094533467911985	0.0060472667339559905	0.006047266733955991	0.006047266733955992	-0.23409991737920116	0.21601836563621582	0.005987018275073394	0.00605958202905285	0.006034951438859138	0.7537029044384486