0.9982418445777691	-0.0035163108444626083	0.0017581554222313044	0.0017581554222313044	0.0017581554222313041	-0.0017581554222313041	-0.003516310844462606	0.0017581554222313037	0.0017581554222313041	0.0017581554222313035	-0.001769856425682766	-0.0035046078517253602	0.0017581534329455183	0.0017581565242310738	0.0017581543202315328	-0.0006392787331972931
-0.007032621688925217	0.9859347566221495	0.0070326216889252165	0.007032621688925217	0.0070326216889252165	-0.007032621688925216	-0.014065243377850424	0.007032621688925214	0.007032621688925216	0.007032621688925214	-0.007079425702731065	-0.01401843140690145	0.007032613731782074	0.007032626096924298	0.007032617280926133	-0.0025571149327891724
0.0035163108444626087	0.007032621688925214	0.9964836891555376	-0.0035163108444626083	-0.003516310844462608	0.0035163108444626074	0.0070326216889252105	-0.0035163108444626065	-0.0035163108444626074	-0.0035163108444626065	0.0035397128513655314	0.007009215703450723	-0.003516306865891036	-0.0035163130484621484	-0.0035163086404630664	0.0012785574663945862
0.005274466266693907	0.01054893253338781	-0.005274466266693905	0.9947255337333065	-0.005274466266693907	0.005274466266693906	0.01054893253338781	-0.005274466266693906	-0.005274466266693909	-0.005274466266693905	0.005309569277048298	0.010513823555176088	-0.005274460298836559	-0.005274469572693223	-0.005274462960694598	0.0019178361995918786
0.010548932533387819	0.02109786506677563	-0.010548932533387815	-0.010548932533387815	0.9894510674666123	0.010548932533387814	0.02109786506677562	-0.010548932533387814	-0.010548932533387817	-0.010548932533387812	0.010619138554096588	0.021027647110352175	-0.01054892059767311	-0.010548939145386444	-0.010548925921389191	0.0038356723991837573
-0.0017581554222313046	-0.003516310844462608	0.001758155422231304	0.001758155422231304	0.0017581554222313037	0.9982418445777684	-0.003516310844462606	0.001758155422231304	0.0017581554222313044	0.0017581554222313037	-0.0017698564256827655	-0.003504607851725361	0.0017581534329455183	0.0017581565242310742	0.0017581543202315328	-0.0006392787331972929
-0.007032621688925217	-0.014065243377850431	0.007032621688925216	0.007032621688925215	0.007032621688925215	-0.0070326216889252165	0.985934756622149	0.007032621688925215	0.0070326216889252165	0.007032621688925215	-0.007079425702731062	-0.014018431406901446	0.007032613731782074	0.007032626096924298	0.00703261728092613	-0.0025571149327891724
0.0035163108444626096	0.0070326216889252165	-0.0035163108444626083	-0.0035163108444626083	-0.003516310844462608	0.003516310844462609	0.007032621688925214	0.9964836891555375	-0.0035163108444626083	-0.0035163108444626074	0.0035397128513655306	0.007009215703450722	-0.0035163068658910362	-0.0035163130484621484	-0.003516308640463065	0.0012785574663945858
0.005274466266693911	0.010548932533387817	-0.0052744662666939085	-0.005274466266693909	-0.005274466266693907	0.005274466266693909	0.010548932533387814	-0.005274466266693908	0.9947255337333063	-0.005274466266693907	0.005309569277048297	0.01051382355517609	-0.005274460298836558	-0.005274469572693224	-0.005274462960694599	0.0019178361995918778
0.010548932533387819	0.021097865066775627	-0.010548932533387814	-0.010548932533387815	-0.010548932533387812	0.010548932533387817	0.021097865066775624	-0.010548932533387814	-0.010548932533387819	0.9894510674666123	0.010619138554096587	0.021027647110352172	-0.010548920597673114	-0.010548939145386446	-0.010548925921389197	0.003835672399183756
-0.0017519276835543016	-0.003503855367108602	0.0017519276835543007	0.0017519276835543012	0.001751927683554301	-0.0017519276835543014	-0.0035038553671086006	0.0017519276835543007	0.0017519276835543016	0.001751927683554301	0.9636663649217482	0.03106746670558416	0.001762313005559178	0.0017516669810324114	0.0017521883860761903	-0.03752475677254348
-0.006543783590697983	-0.013087567181395959	0.006543783590697979	0.006543783590697981	0.006543783590697979	-0.00654378359069798	-0.013087567181395955	0.006543783590697978	0.00654378359069798	0.0065437835906979784	0.07644972542548943	0.9039172174128042	0.0065454899803101835	0.006543277057250758	0.0065442901241452005	-0.07379051802840744
0.0035163107497886955	0.007032621499577389	-0.003516310749788695	-0.003516310749788695	-0.003516310749788695	0.003516310749788696	0.0070326214995773875	-0.003516310749788694	-0.003516310749788695	-0.003516310749788694	0.003560615089609773	0.007007869943546024	0.9964641364664218	-0.00351631308711785	-0.003516308412459541	0.0012603384543217419
0.005274500162758483	0.01054900032551696	-0.005274500162758481	-0.005274500162758483	-0.005274500162758481	0.0052745001627584834	0.010549000325516962	-0.005274500162758482	-0.005274500162758484	-0.005274500162758483	0.005310208012690592	0.010513286359561334	-0.005274494046734962	0.9947192985683162	-0.005268298893832969	0.0019122760889221189
0.010548932444891572	0.021097864889783137	-0.010548932444891568	-0.010548932444891572	-0.010548932444891568	0.010548932444891575	0.02109786488978314	-0.010548932444891572	-0.010548932444891574	-0.010548932444891572	0.010620347963562293	0.02102643713909052	-0.010548920212869656	-0.010536543273139048	0.9894386783833561	0.0038245242611037056
-0.0052374855651489	-0.010474971130297798	0.005237485565148899	0.0052374855651489	0.005237485565148899	-0.005237485565148901	-0.010474971130297798	0.005237485565148899	0.0052374855651489	0.005237485565148899	-0.2125756895682565	0.19691825713310412	0.005182461304854549	0.005248313818339477	0.005226657311958323	0.776756377859338