0.9984535788412808	-0.0030928423174386077	0.0015464211587193038	0.0015464211587193043	0.0015464211587193036	-0.0015464211587193036	-0.0030928423174386072	0.0015464211587193034	0.001546421158719304	0.0015464211587193036	-0.0015558748899487124	-0.0030833867687313837	0.0015464193412414904	0.0015464219381619568	0.0015464203792766482	-0.0005795742361565388
-0.006185684634877217	0.9876286307302459	0.006185684634877216	0.006185684634877217	0.0061856846348772145	-0.006185684634877215	-0.012371369269754429	0.006185684634877214	0.006185684634877217	0.006185684634877216	-0.0062234995597948515	-0.012333547074925543	0.006185677364965962	0.006185687752647827	0.006185681517106593	-0.002318296944626156
0.003092842317438609	0.006185684634877216	0.9969071576825613	-0.0030928423174386094	-0.003092842317438608	0.0030928423174386085	0.006185684634877216	-0.003092842317438608	-0.0030928423174386094	-0.003092842317438609	0.003111749779897426	0.006166773537462771	-0.0030928386824829813	-0.003092843876323915	-0.003092840758553298	0.001159148472313078
0.004639263476157911	0.009278526952315819	-0.00463926347615791	0.9953607365238428	-0.004639263476157911	0.004639263476157911	0.00927852695231582	-0.00463926347615791	-0.004639263476157912	-0.004639263476157913	0.0046676246698461425	0.009250160306194155	-0.004639258023724472	-0.00463926581448587	-0.004639261137829947	0.001738722708469617
0.009278526952315819	0.01855705390463163	-0.009278526952315817	-0.00927852695231582	0.9907214730476841	0.009278526952315819	0.018557053904631634	-0.009278526952315815	-0.009278526952315819	-0.009278526952315819	0.009335249339692282	0.018500320612388304	-0.009278516047448943	-0.00927853162897174	-0.009278522275659892	0.003477445416939233
-0.001546421158719304	-0.0030928423174386077	0.0015464211587193038	0.001546421158719304	0.0015464211587193038	0.9984535788412805	-0.003092842317438607	0.0015464211587193034	0.0015464211587193038	0.0015464211587193036	-0.0015558748899487129	-0.0030833867687313846	0.0015464193412414902	0.0015464219381619568	0.001546420379276648	-0.000579574236156539
-0.006185684634877215	-0.012371369269754429	0.0061856846348772145	0.006185684634877216	0.0061856846348772145	-0.006185684634877214	0.9876286307302458	0.006185684634877213	0.006185684634877215	0.0061856846348772145	-0.006223499559794852	-0.01233354707492554	0.006185677364965963	0.006185687752647828	0.006185681517106594	-0.002318296944626156
0.0030928423174386077	0.006185684634877214	-0.0030928423174386072	-0.0030928423174386077	-0.0030928423174386072	0.003092842317438607	0.006185684634877214	0.9969071576825609	-0.003092842317438608	-0.0030928423174386072	0.003111749779897426	0.00616677353746277	-0.0030928386824829826	-0.0030928438763239145	-0.003092840758553297	0.0011591484723130778
0.00463926347615791	0.009278526952315817	-0.004639263476157909	-0.004639263476157911	-0.004639263476157909	0.004639263476157909	0.009278526952315822	-0.004639263476157909	0.9953607365238425	-0.004639263476157913	0.0046676246698461425	0.00925016030619415	-0.004639258023724472	-0.004639265814485872	-0.004639261137829947	0.0017387227084696174
0.00927852695231582	0.018557053904631634	-0.009278526952315819	-0.009278526952315822	-0.009278526952315819	0.009278526952315819	0.018557053904631644	-0.009278526952315819	-0.009278526952315822	0.9907214730476845	0.009335249339692282	0.0185003206123883	-0.009278516047448945	-0.00927853162897174	-0.009278522275659893	0.003477445416939235
-0.001541894778843794	-0.003083789557687587	0.0015418947788437935	0.0015418947788437937	0.001541894778843793	-0.0015418947788437933	-0.003083789557687587	0.0015418947788437933	0.0015418947788437937	0.0015418947788437933	0.9666935096605402	0.02867122930841057	0.0015514714733615988	0.0015416864405003077	0.0015421031171872779	-0.03435269464488815
-0.005799584516168443	-0.011599169032336884	0.005799584516168442	0.005799584516168444	0.005799584516168442	-0.005799584516168443	-0.011599169032336886	0.005799584516168442	0.005799584516168443	0.005799584516168442	0.06978408179689237	0.9128155994962738	0.0058011496744968605	0.005799178851990334	0.0057999901803465455	-0.06766677641305409
0.00309284224445897	0.006185684488917939	-0.0030928422444589697	-0.0030928422444589697	-0.003092842244458969	0.003092842244458969	0.006185684488917939	-0.0030928422444589684	-0.0030928422444589697	-0.0030928422444589693	0.003130987750895904	0.00616556793732995	0.9968891288006918	-0.0030928439105518245	-0.0030928405783661106	0.0011423330522326053
0.004639289588489992	0.009278579176979981	-0.004639289588489992	-0.004639289588489994	-0.004639289588489992	0.004639289588489991	0.009278579176979983	-0.004639289588489991	-0.004639289588489994	-0.004639289588489993	0.004668141299003107	0.009249721892469713	-0.0046392840144928406	0.9953552553920727	-0.004633834569052765	0.0017337873169234518
0.0092785268940971	0.018557053788194198	-0.009278526894097102	-0.009278526894097106	-0.009278526894097104	0.009278526894097104	0.01855705378819421	-0.009278526894097102	-0.009278526894097106	-0.009278526894097104	0.009336230180980364	0.018499339353339576	-0.009278515746125727	-0.009267626319261464	0.9907105725310663	0.00346755276301178
-0.0046124109329079895	-0.009224821865815979	0.00461241093290799	0.004612410932907991	0.004612410932907991	-0.00461241093290799	-0.00922482186581598	0.0046124109329079895	0.00461241093290799	0.00461241093290799	-0.19506389160913057	0.18127739031818724	0.004561679425127461	0.004622063808833779	0.004602758056982199	0.7956110705279316