0.9990700997923991	-0.0018598004152008453	0.0009299002076004226	0.0009299002076004225	0.0009299002076004229	-0.0009299002076004226	-0.001859800415200845	0.0009299002076004229	0.0009299002076004226	0.0009299002076004229	-0.0009332874910936718	-0.0018564123277032174	0.0009298994035960431	0.0009299004014156505	0.0009299000137851959	-0.00038308631555556436
-0.0037196008304016927	0.9925607983391964	0.0037196008304016914	0.003719600830401691	0.0037196008304016927	-0.0037196008304016923	-0.007439201660803383	0.003719600830401693	0.0037196008304016923	0.003719600830401693	-0.0037331499643746867	-0.007425649310812869	0.0037195976143841727	0.0037196016056626003	0.0037196000551407826	-0.001532345262222257
0.0018598004152008455	0.00371960083040169	0.9981401995847989	-0.001859800415200845	-0.001859800415200846	0.0018598004152008457	0.003719600830401691	-0.0018598004152008461	-0.0018598004152008455	-0.0018598004152008461	0.0018665749821873438	0.003712824655406434	-0.0018597988071920864	-0.0018598008028313008	-0.0018598000275703915	0.0007661726311111283
0.0027897006228012693	0.005579401245602536	-0.0027897006228012693	0.9972102993771982	-0.0027897006228012693	0.002789700622801269	0.005579401245602538	-0.00278970062280127	-0.002789700622801269	-0.0027897006228012693	0.0027998624732810153	0.005569236983109654	-0.002789698210788127	-0.002789701204246951	-0.0027897000413555873	0.0011492589466666927
0.00557940124560254	0.011158802491205076	-0.00557940124560254	-0.005579401245602539	0.9944205987543975	0.005579401245602539	0.011158802491205079	-0.005579401245602542	-0.0055794012456025395	-0.00557940124560254	0.0055997249465620305	0.011138473966219305	-0.005579396421576258	-0.005579402408493903	-0.005579400082711176	0.002298517893333385
-0.0009299002076004229	-0.0018598004152008453	0.0009299002076004227	0.0009299002076004227	0.0009299002076004229	0.9990700997923991	-0.0018598004152008453	0.0009299002076004231	0.0009299002076004229	0.0009299002076004231	-0.0009332874910936718	-0.001856412327703217	0.0009298994035960432	0.0009299004014156504	0.0009299000137851955	-0.00038308631555556414
-0.0037196008304016923	-0.007439201660803383	0.003719600830401692	0.003719600830401692	0.0037196008304016923	-0.003719600830401692	0.9925607983391963	0.0037196008304016923	0.0037196008304016914	0.003719600830401693	-0.0037331499643746867	-0.007425649310812866	0.0037195976143841723	0.0037196016056626016	0.003719600055140782	-0.0015323452622222572
0.0018598004152008464	0.003719600830401692	-0.0018598004152008461	-0.0018598004152008461	-0.0018598004152008464	0.001859800415200846	0.003719600830401692	0.9981401995847995	-0.001859800415200846	-0.0018598004152008464	0.0018665749821873434	0.003712824655406434	-0.0018597988071920857	-0.0018598008028313006	-0.0018598000275703913	0.0007661726311111283
0.0027897006228012697	0.005579401245602537	-0.0027897006228012697	-0.002789700622801269	-0.00278970062280127	0.0027897006228012697	0.005579401245602538	-0.0027897006228012697	0.9972102993771985	-0.0027897006228012693	0.0027998624732810157	0.005569236983109653	-0.002789698210788127	-0.0027897012042469513	-0.0027897000413555873	0.0011492589466666925
0.0055794012456025395	0.011158802491205074	-0.0055794012456025395	-0.005579401245602538	-0.00557940124560254	0.0055794012456025395	0.011158802491205076	-0.0055794012456025395	-0.0055794012456025395	0.9944205987543975	0.0055997249465620305	0.011138473966219304	-0.005579396421576255	-0.005579402408493902	-0.005579400082711175	0.0022985178933333855
-0.0009286661369717719	-0.0018573322739435434	0.0009286661369717719	0.0009286661369717718	0.000928666136971772	-0.0009286661369717719	-0.0018573322739435434	0.0009286661369717721	0.0009286661369717718	0.0009286661369717719	0.9767588900958077	0.02044843924455607	0.0009353383856928412	0.0009285821912106453	0.0009287500827328987	-0.023749279908452672
-0.0035692514563154315	-0.007138502912630861	0.003569251456315432	0.003569251456315431	0.003569251456315432	-0.0035692514563154315	-0.007138502912630861	0.003569251456315432	0.003569251456315431	0.0035692514563154315	0.04737371653588423	0.9419176127854761	0.0035701677660082243	0.0035690866962623784	0.003569416216368484	-0.04712908647824444
0.001859800397278058	0.0037196007945561153	-0.0018598003972780579	-0.0018598003972780579	-0.001859800397278058	0.001859800397278058	0.0037196007945561158	-0.0018598003972780585	-0.001859800397278058	-0.001859800397278058	0.0018799351200052845	0.0037121482618928657	0.998127517412658	-0.0018598008290614573	-0.001859799965494659	0.0007541823454707202
0.0027897099499153977	0.0055794198998307945	-0.0027897099499153985	-0.0027897099499153972	-0.002789709949915398	0.002789709949915398	0.005579419899830795	-0.0027897099499153985	-0.002789709949915398	-0.0027897099499153977	0.002800082287574304	0.005569045096013193	-0.0027897074837567024	0.9972070089377552	-0.0027864288375859963	0.0011461989981494116
0.0055794012352155375	0.011158802470431073	-0.005579401235215539	-0.0055794012352155375	-0.005579401235215538	0.005579401235215538	0.011158802470431075	-0.005579401235215539	-0.0055794012352155375	-0.0055794012352155375	0.005600145878914238	0.011138052894422263	-0.005579396302905429	-0.005572841377334723	0.9944140389069034	0.002292389750634843
-0.002782416835112334	-0.005564833670224667	0.0027824168351123345	0.0027824168351123332	0.002782416835112334	-0.0027824168351123337	-0.0055648336702246665	0.002782416835112334	0.002782416835112334	0.0027824168351123337	-0.13657120447295937	0.12826002194129715	0.002746348861437519	0.002788473597706101	0.0027763600725185665	0.8586465656433387