0.9982472751701936	-0.003505449659612617	0.0017527248298063087	0.0017527248298063085	0.0017527248298063085	-0.0017527248298063092	-0.0035054496596126175	0.0017527248298063087	0.0017527248298063092	0.0017527248298063085	-0.0017643690590576028	-0.0034938034434224643	0.0017527228428674503	0.0017527259226646002	0.0017527237369480185	-0.0006377946810640834
-0.007010899319225232	0.9859782013615493	0.007010899319225234	0.007010899319225233	0.007010899319225232	-0.007010899319225236	-0.014021798638450472	0.007010899319225234	0.007010899319225236	0.007010899319225233	-0.007057476236230408	-0.013975213773689857	0.007010891371469802	0.007010903690658399	0.007010894947792074	-0.002551178724256334
0.003505449659612618	0.007010899319225236	0.9964945503403875	-0.0035054496596126175	-0.0035054496596126166	0.003505449659612618	0.007010899319225236	-0.003505449659612618	-0.0035054496596126188	-0.003505449659612617	0.003528738118115204	0.00698760688684493	-0.0035054456857349	-0.0035054518453292013	-0.0035054474738960375	0.0012755893621281666
0.00525817448941893	0.010516348978837861	-0.0052581744894189325	0.9947418255105805	-0.005258174489418929	0.005258174489418931	0.010516348978837861	-0.005258174489418929	-0.00525817448941893	-0.005258174489418929	0.005293107177172809	0.010481410330267399	-0.005258168528602352	-0.005258177767993802	-0.005258171210844056	0.0019133840431922494
0.010516348978837858	0.02103269795767572	-0.010516348978837861	-0.010516348978837858	0.9894836510211619	0.01051634897883786	0.02103269795767572	-0.01051634897883786	-0.01051634897883786	-0.010516348978837856	0.010586214354345615	0.02096282066053479	-0.010516337057204698	-0.0105163555359876	-0.010516342421688106	0.0038267680863844997
-0.001752724829806309	-0.003505449659612618	0.0017527248298063096	0.0017527248298063092	0.0017527248298063087	0.9982472751701942	-0.0035054496596126188	0.0017527248298063094	0.0017527248298063098	0.001752724829806309	-0.0017643690590576021	-0.0034938034434224656	0.0017527228428674503	0.0017527259226646004	0.0017527237369480185	-0.0006377946810640833
-0.007010899319225236	-0.014021798638450472	0.0070108993192252375	0.007010899319225236	0.007010899319225235	-0.007010899319225236	0.9859782013615496	0.0070108993192252375	0.0070108993192252375	0.007010899319225235	-0.007057476236230408	-0.013975213773689855	0.007010891371469801	0.007010903690658401	0.007010894947792072	-0.002551178724256333
0.003505449659612617	0.007010899319225234	-0.003505449659612618	-0.0035054496596126175	-0.003505449659612617	0.003505449659612618	0.007010899319225236	0.9964945503403875	-0.0035054496596126188	-0.003505449659612617	0.0035287381181152043	0.0069876068868449295	-0.0035054456857349	-0.0035054518453292	-0.003505447473896037	0.0012755893621281668
0.005258174489418928	0.010516348978837858	-0.00525817448941893	-0.005258174489418928	-0.005258174489418928	0.00525817448941893	0.010516348978837858	-0.005258174489418929	0.9947418255105814	-0.005258174489418928	0.00529310717717281	0.010481410330267397	-0.005258168528602351	-0.0052581777679938015	-0.005258171210844057	0.0019133840431922499
0.010516348978837855	0.021032697957675713	-0.010516348978837858	-0.010516348978837855	-0.010516348978837855	0.010516348978837856	0.021032697957675713	-0.010516348978837856	-0.010516348978837855	0.9894836510211619	0.010586214354345619	0.020962820660534794	-0.0105163370572047	-0.0105163555359876	-0.010516342421688108	0.0038267680863844997
-0.001746544616686268	-0.003493089233372536	0.0017465446166862685	0.0017465446166862683	0.001746544616686268	-0.0017465446166862685	-0.003493089233372537	0.0017465446166862687	0.0017465446166862687	0.001746544616686268	0.9637420822408799	0.03100791827332457	0.0017569102524225986	0.0017462853134005778	0.001746803919971959	-0.037445640973327116
-0.006524831093488211	-0.013049662186976422	0.006524831093488214	0.00652483109348821	0.00652483109348821	-0.006524831093488211	-0.013049662186976422	0.006524831093488213	0.006524831093488213	0.006524831093488209	0.07628410945662875	0.9041396938804228	0.00652653447597192	0.006524327252486454	0.00652533493448997	-0.07363780392323255
0.0035054495654609583	0.007010899130921916	-0.0035054495654609588	-0.003505449565460958	-0.003505449565460957	0.003505449565460958	0.007010899130921916	-0.0035054495654609583	-0.0035054495654609588	-0.003505449565460958	0.0035495995840424408	0.006986264416472058	0.9964750351304074	-0.0035054518838115007	-0.0035054472471104173	0.0012574052102161924
0.005258208172731403	0.010516416345462807	-0.005258208172731404	-0.0052582081727314016	-0.0052582081727314016	0.0052582081727314016	0.010516416345462805	-0.005258208172731403	-0.0052582081727314016	-0.005258208172731401	0.005293742658227299	0.010480875751686484	-0.005258202064450978	0.9947356096955489	-0.005252026041011374	0.0019078398420072466
0.010516348891224714	0.021032697782449428	-0.010516348891224716	-0.010516348891224712	-0.010516348891224712	0.010516348891224714	0.021032697782449428	-0.010516348891224714	-0.01051634889122471	-0.01051634889122471	0.010587417682253252	0.020961616774885155	-0.01051633667468899	-0.01050399788333424	0.9894713001008849	0.003815651930699912
-0.00522147678800441	-0.01044295357600882	0.005221476788004411	0.005221476788004409	0.005221476788004409	-0.005221476788004411	-0.01044295357600882	0.00522147678800441	0.00522147678800441	0.005221476788004408	-0.21213807265460988	0.19652855977074807	0.005166559307853063	0.005232275245385897	0.005210678330622923	0.777226656523452