0.9992995322386685	-0.0014009355226629393	0.0007004677613314697	0.0007004677613314697	0.00070046776133147	-0.0007004677613314696	-0.001400935522662939	0.0007004677613314695	0.0007004677613314696	0.0007004677613314696	-0.0007022167206868385	-0.0013991861276695511	0.0007004673256934499	0.000700467849294035	0.0007004676733689046	-0.000300259198667763
-0.0028018710453258785	0.9943962579093483	0.002801871045325879	0.002801871045325879	0.0028018710453258803	-0.002801871045325879	-0.005603742090651758	0.0028018710453258785	0.0028018710453258794	0.0028018710453258794	-0.002808866882747355	-0.005596744510678207	0.002801869302773802	0.0028018713971761397	0.002801870693475619	-0.0012010367946710526
0.0014009355226629397	0.0028018710453258794	0.9985990644773372	-0.0014009355226629395	-0.00140093552266294	0.0014009355226629393	0.0028018710453258785	-0.0014009355226629393	-0.0014009355226629395	-0.00140093552266294	0.0014044334413736766	0.0027983722553391027	-0.0014009346513869005	-0.0014009356985880696	-0.0014009353467378091	0.0006005183973355262
0.0021014032839944087	0.004202806567988818	-0.0021014032839944082	0.997898596716006	-0.00210140328399441	0.002101403283994409	0.004202806567988818	-0.002101403283994409	-0.0021014032839944087	-0.0021014032839944087	0.0021066501620605155	0.004197558383008651	-0.0021014019770803512	-0.002101403547882103	-0.0021014030201067136	0.0009007775960032892
0.004202806567988817	0.008405613135977636	-0.0042028065679888165	-0.004202806567988818	0.9957971934320116	0.004202806567988817	0.008405613135977635	-0.004202806567988818	-0.004202806567988817	-0.004202806567988817	0.00421330032412103	0.008395116766017306	-0.004202803954160701	-0.004202807095764207	-0.004202806040213427	0.0018015551920065782
-0.0007004677613314694	-0.0014009355226629388	0.0007004677613314695	0.0007004677613314694	0.0007004677613314697	0.9992995322386685	-0.001400935522662939	0.0007004677613314696	0.0007004677613314696	0.0007004677613314697	-0.0007022167206868382	-0.001399186127669551	0.0007004673256934502	0.0007004678492940347	0.0007004676733689041	-0.000300259198667763
-0.0028018710453258785	-0.005603742090651757	0.002801871045325879	0.0028018710453258785	0.00280187104532588	-0.0028018710453258785	0.9943962579093482	0.002801871045325878	0.0028018710453258785	0.0028018710453258785	-0.0028088668827473537	-0.005596744510678206	0.0028018693027738015	0.002801871397176139	0.002801870693475617	-0.0012010367946710524
0.0014009355226629388	0.0028018710453258776	-0.001400935522662939	-0.0014009355226629388	-0.0014009355226629395	0.0014009355226629388	0.002801871045325878	0.9985990644773368	-0.0014009355226629388	-0.001400935522662939	0.0014044334413736762	0.0027983722553391022	-0.0014009346513868997	-0.0014009356985880694	-0.0014009353467378078	0.0006005183973355258
0.002101403283994409	0.004202806567988819	-0.0021014032839944087	-0.002101403283994409	-0.002101403283994409	0.002101403283994409	0.004202806567988817	-0.0021014032839944082	0.9978985967160057	-0.002101403283994409	0.002106650162060514	0.004197558383008654	-0.002101401977080351	-0.0021014035478821034	-0.002101403020106713	0.0009007775960032893
0.004202806567988818	0.008405613135977638	-0.004202806567988817	-0.004202806567988818	-0.004202806567988818	0.004202806567988818	0.008405613135977635	-0.0042028065679888165	-0.0042028065679888165	0.9957971934320108	0.004213300324121029	0.008395116766017304	-0.004202803954160701	-0.004202807095764208	-0.004202806040213428	0.001801555192006578
-0.0006998849685274545	-0.0013997699370549093	0.0006998849685274545	0.0006998849685274546	0.0006998849685274548	-0.0006998849685274546	-0.0013997699370549095	0.0006998849685274548	0.0006998849685274549	0.000699884968527455	0.9812451935818666	0.016649814182764778	0.0007052222983137025	0.0006998350580004279	0.0006999348790544818	-0.019049189918673878
-0.0027136151111654366	-0.005427230222330874	0.002713615111165437	0.002713615111165437	0.0027136151111654384	-0.0027136151111654375	-0.005427230222330876	0.0027136151111654375	0.002713615111165438	0.002713615111165439	0.0375548771073095	0.9543036553169533	0.0027142373534061815	0.0027135167852430286	0.002713713437087848	-0.03795338949405783
0.0014009355155357272	0.0028018710310714545	-0.0014009355155357272	-0.0014009355155357272	-0.0014009355155357277	0.0014009355155357272	0.0028018710310714545	-0.0014009355155357272	-0.0014009355155357275	-0.0014009355155357277	0.0014151145876096628	0.0027979173437141084	0.9985888390997475	-0.001400935717975311	-0.0014009353130961448	0.0005907575510251288
0.0021014085525308777	0.0042028171050617555	-0.0021014085525308773	-0.002101408552530877	-0.002101408552530877	0.002101408552530877	0.004202817105061755	-0.0021014085525308764	-0.0021014085525308764	-0.002101408552530876	0.0021067847566647088	0.004197439560228677	-0.002101407211831632	0.9978961196368306	-0.002098936741892434	0.0008984408837827325
0.004202806564182924	0.00840561312836585	-0.004202806564182924	-0.004202806564182923	-0.004202806564182923	0.0042028065641829225	0.008405613128365845	-0.004202806564182922	-0.004202806564182922	-0.00420280656418292	0.004213558959796368	0.008394858051357004	-0.0042028038827875295	-0.004197864021958369	0.9957922508935918	0.0017968769990444624
-0.002097977787825	-0.004195955575650001	0.002097977787825	0.0020979777878249997	0.002097977787825	-0.0020979777878249997	-0.00419595557565	0.0020979777878249992	0.0020979777878249992	0.0020979777878249992	-0.1103611885605375	0.10409658821554502	0.0020686447693425143	0.0021026211297261368	0.0020933344459238595	0.8866003691619457