0.9987465692820959	-0.0025068614358064027	0.0012534307179032011	0.0012534307179032011	0.0012534307179032013	-0.001253430717903201	-0.002506861435806402	0.0012534307179032011	0.0012534307179032011	0.0012534307179032011	-0.0012598097096505824	-0.0025004810617187114	0.0012534293355628934	0.0012534311583480677	0.0012534302774583324	-0.0004905754758182613
-0.005013722871612803	0.9899725542567748	0.005013722871612806	0.005013722871612806	0.005013722871612807	-0.0050137228716128045	-0.010027445743225609	0.005013722871612805	0.005013722871612805	0.0050137228716128045	-0.00503923883860233	-0.010001924246874846	0.005013717342251573	0.005013724633392274	0.005013721109833334	-0.0019623019032730463
0.002506861435806402	0.005013722871612805	0.9974931385641933	-0.002506861435806403	-0.0025068614358064035	0.0025068614358064027	0.005013722871612805	-0.002506861435806403	-0.002506861435806403	-0.0025068614358064027	0.002519619419301165	0.005000962123437423	-0.0025068586711257876	-0.002506862316696135	-0.002506860554916666	0.0009811509516365223
0.0037602921537096047	0.00752058430741921	-0.0037602921537096047	0.9962397078462903	-0.0037602921537096042	0.0037602921537096042	0.00752058430741921	-0.0037602921537096047	-0.0037602921537096047	-0.0037602921537096034	0.0037794291289517503	0.007501443185156138	-0.00376028800668868	-0.0037602934750442067	-0.003760290832375	0.0014717264274547847
0.0075205843074192084	0.015041168614838419	-0.007520584307419208	-0.0075205843074192084	0.992479415692581	0.0075205843074192084	0.015041168614838419	-0.0075205843074192084	-0.007520584307419209	-0.007520584307419207	0.007558858257903498	0.015002886370312276	-0.00752057601337736	-0.0075205869500884134	-0.00752058166475	0.00294345285490957
-0.0012534307179032011	-0.002506861435806403	0.0012534307179032016	0.0012534307179032016	0.0012534307179032016	0.9987465692820967	-0.0025068614358064022	0.0012534307179032013	0.0012534307179032013	0.001253430717903201	-0.0012598097096505833	-0.0025004810617187128	0.0012534293355628936	0.0012534311583480685	0.0012534302774583333	-0.0004905754758182616
-0.005013722871612803	-0.010027445743225609	0.0050137228716128045	0.0050137228716128045	0.0050137228716128045	-0.005013722871612803	0.9899725542567744	0.005013722871612806	0.005013722871612805	0.005013722871612805	-0.005039238838602332	-0.01000192424687485	0.005013717342251574	0.005013724633392273	0.0050137211098333365	-0.0019623019032730463
0.002506861435806401	0.0050137228716128045	-0.0025068614358064022	-0.0025068614358064022	-0.0025068614358064022	0.0025068614358064014	0.005013722871612804	0.9974931385641936	-0.002506861435806402	-0.002506861435806401	0.0025196194193011653	0.005000962123437423	-0.002506858671125786	-0.0025068623166961362	-0.002506860554916667	0.0009811509516365227
0.003760292153709604	0.007520584307419208	-0.0037602921537096034	-0.0037602921537096034	-0.003760292153709604	0.003760292153709604	0.007520584307419208	-0.003760292153709604	0.9962397078462907	-0.003760292153709603	0.0037794291289517494	0.007501443185156137	-0.0037602880066886796	-0.0037602934750442067	-0.0037602908323750004	0.0014717264274547847
0.007520584307419207	0.015041168614838415	-0.007520584307419207	-0.007520584307419207	-0.007520584307419208	0.007520584307419208	0.015041168614838415	-0.007520584307419208	-0.007520584307419207	0.9924794156925806	0.007558858257903498	0.015002886370312274	-0.007520576013377358	-0.0075205869500884134	-0.007520581664750001	0.002943452854909569
-0.0012507649749528087	-0.0025015299499056183	0.001250764974952809	0.001250764974952809	0.001250764974952809	-0.001250764974952809	-0.0025015299499056183	0.001250764974952809	0.0012507649749528092	0.0012507649749528087	0.9711944704076401	0.02504492725234594	0.0012590723901084273	0.001250621281520685	0.001250908668384933	-0.0296127895399281
-0.004751706432314811	-0.009503412864629626	0.004751706432314811	0.004751706432314812	0.004751706432314812	-0.00475170643231481	-0.009503412864629622	0.00475170643231481	0.004751706432314812	0.00475170643231481	0.05976131383492865	0.9259822723571981	0.004753000943243454	0.004751425677242866	0.00475198718738676	-0.058505413218157165
0.0025068613926679446	0.00501372278533589	-0.0025068613926679446	-0.002506861392667945	-0.002506861392667945	0.0025068613926679446	0.00501372278533589	-0.0025068613926679446	-0.0025068613926679455	-0.002506861392667944	0.0025362757379198153	0.004999988747246969	0.9974774583001693	-0.0025068623482133795	-0.00250686043712251	0.0009664624102737459
0.0037603092088254794	0.0075206184176509604	-0.0037603092088254802	-0.0037603092088254802	-0.0037603092088254802	0.0037603092088254802	0.0075206184176509604	-0.0037603092088254794	-0.00376030920882548	-0.003760309208825479	0.003779793347033625	0.007501130044907111	-0.0037603049742897772	0.9962352687185914	-0.0037558871362421377	0.0014676711556833233
0.0075205842784822965	0.015041168556964598	-0.0075205842784822965	-0.007520584278482297	-0.007520584278482297	0.0075205842784822965	0.015041168556964593	-0.007520584278482296	-0.0075205842784822965	-0.007520584278482294	0.0075595524780252875	0.015002191888365879	-0.007520575809426578	-0.007511745492175935	0.9924705769352109	0.0029353276730825825
-0.003744506355873653	-0.007489012711747306	0.003744506355873653	0.003744506355873653	0.0037445063558736525	-0.0037445063558736525	-0.007489012711747307	0.0037445063558736525	0.0037445063558736525	0.0037445063558736507	-0.16896033104950908	0.1577710632106694	0.0037002551270924654	0.003752484298459505	0.003736528413287798	0.8237855799590731