0.998556690388023	-0.002886619223952981	0.001443309611976491	0.0014433096119764906	0.0014433096119764908	-0.0014433096119764908	-0.0028866192239529807	0.0014433096119764906	0.0014433096119764901	0.0014433096119764906	-0.0014516637163168378	-0.002878263435422758	0.0014433079277866151	0.0014433102585208676	0.0014433089654321133	-0.0005491132950864173
-0.005773238447905964	0.9884535231041884	0.005773238447905966	0.005773238447905965	0.005773238447905965	-0.005773238447905965	-0.011546476895811926	0.005773238447905965	0.005773238447905963	0.005773238447905965	-0.00580665486526735	-0.011513053741691037	0.005773231711146459	0.005773241034083472	0.005773235861728452	-0.002196453180345668
0.002886619223952981	0.005773238447905961	0.9971133807760476	-0.0028866192239529807	-0.002886619223952981	0.002886619223952981	0.005773238447905961	-0.002886619223952981	-0.0028866192239529803	-0.0028866192239529816	0.002903327432633675	0.005756526870845517	-0.002886615855573229	-0.002886620517041735	-0.002886617930864227	0.0010982265901728343
0.004329928835929473	0.008659857671858945	-0.004329928835929473	0.9956700711640705	-0.004329928835929471	0.004329928835929471	0.00865985767185894	-0.004329928835929473	-0.004329928835929469	-0.004329928835929471	0.004354991148950514	0.008634790306268274	-0.004329923783359846	-0.004329930775562604	-0.00432992689629634	0.0016473398852592522
0.008659857671858942	0.01731971534371788	-0.008659857671858942	-0.00865985767185894	0.9913401423281413	0.008659857671858942	0.01731971534371788	-0.008659857671858943	-0.008659857671858938	-0.008659857671858938	0.008709982297901023	0.017269580612536552	-0.008659847566719689	-0.008659861551125208	-0.008659853792592681	0.003294679770518504
-0.0014433096119764908	-0.002886619223952981	0.0014433096119764906	0.0014433096119764906	0.0014433096119764908	0.9985566903880236	-0.002886619223952981	0.001443309611976491	0.0014433096119764906	0.001443309611976491	-0.0014516637163168374	-0.0028782634354227593	0.0014433079277866151	0.001443310258520868	0.0014433089654321135	-0.0005491132950864173
-0.005773238447905964	-0.011546476895811926	0.005773238447905963	0.005773238447905963	0.005773238447905964	-0.005773238447905963	0.9884535231041882	0.005773238447905964	0.005773238447905962	0.005773238447905964	-0.0058066548652673505	-0.011513053741691037	0.005773231711146461	0.005773241034083473	0.005773235861728454	-0.0021964531803456686
0.002886619223952981	0.005773238447905961	-0.002886619223952981	-0.0028866192239529807	-0.0028866192239529816	0.002886619223952981	0.005773238447905961	0.9971133807760476	-0.002886619223952981	-0.0028866192239529825	0.002903327432633676	0.005756526870845519	-0.0028866158555732302	-0.0028866205170417357	-0.0028866179308642275	0.001098226590172834
0.004329928835929469	0.008659857671858938	-0.004329928835929469	-0.004329928835929469	-0.004329928835929469	0.004329928835929469	0.008659857671858937	-0.00432992883592947	0.9956700711640702	-0.004329928835929468	0.004354991148950512	0.008634790306268274	-0.004329923783359844	-0.004329930775562603	-0.00432992689629634	0.0016473398852592514
0.008659857671858938	0.01731971534371788	-0.008659857671858938	-0.008659857671858938	-0.008659857671858938	0.008659857671858938	0.01731971534371787	-0.00865985767185894	-0.008659857671858935	0.9913401423281413	0.008709982297901025	0.017269580612536552	-0.008659847566719692	-0.008659861551125206	-0.008659853792592678	0.003294679770518503
-0.0014395018062681071	-0.002879003612536214	0.001439501806268107	0.0014395018062681067	0.001439501806268107	-0.0014395018062681065	-0.0028790036125362125	0.001439501806268107	0.001439501806268106	0.0014395018062681067	0.9682308251498836	0.027441518522115623	0.0014486527154647319	0.0014393172886628717	0.0014396863238733413	-0.032735971691074506
-0.00543322858042382	-0.01086645716084764	0.00543322858042382	0.00543322858042382	0.00543322858042382	-0.005433228580423819	-0.010866457160847637	0.00543322858042382	0.0054332285804238175	0.005433228580423818	0.06637079641417934	0.9173280385793395	0.005434707845633653	0.005432868886802113	0.005433588274045525	-0.0645440873458303
0.002886619161850794	0.005773238323701588	-0.002886619161850794	-0.002886619161850794	-0.0028866191618507945	0.0028866191618507945	0.005773238323701588	-0.002886619161850795	-0.0028866191618507936	-0.0028866191618507945	0.0029216960620216162	0.0057553981753381365	0.997096144086342	-0.002886620550196386	-0.0028866177735052036	0.0010821320882446923
0.004329951535330036	0.00865990307066007	-0.004329951535330037	-0.004329951535330035	-0.004329951535330035	0.004329951535330035	0.008659903070660068	-0.004329951535330037	-0.004329951535330034	-0.004329951535330036	0.004355451910395897	0.008634397533822146	-0.0043299463735579765	0.9956649569302041	-0.004324860000863751	0.0016427120928759137
0.008659857625495824	0.017319715250991647	-0.008659857625495825	-0.008659857625495824	-0.008659857625495824	0.008659857625495824	0.017319715250991644	-0.008659857625495827	-0.008659857625495824	-0.008659857625495824	0.008710858263032441	0.017268704289931616	-0.008659847301972412	-0.008649682411900618	0.9913299671609092	0.003285405012798189
-0.004307351748699727	-0.008614703497399456	0.004307351748699729	0.004307351748699726	0.004307351748699726	-0.004307351748699726	-0.00861470349739945	0.004307351748699728	0.004307351748699724	0.004307351748699725	-0.18615736377251396	0.17328384029427019	0.004258819980844346	0.004316421790135092	0.004298281707264359	0.8052207441488513