0.9995595782949296	-0.0008808434101408234	0.00044042170507041165	0.0004404217050704118	0.00044042170507041175	-0.0004404217050704117	-0.0008808434101408236	0.0004404217050704117	0.00044042170507041186	0.0004404217050704119	-0.00044096302433008813	-0.0008803019499744303	0.00044042156416369555	0.00044042172866937406	0.00044042168147144934	-0.00019847514106804663
-0.0017616868202816466	0.9964766263594366	0.0017616868202816466	0.0017616868202816472	0.001761686820281647	-0.0017616868202816468	-0.0035233736405632945	0.0017616868202816468	0.0017616868202816472	0.0017616868202816472	-0.001763852097320353	-0.003521207799897723	0.0017616862566547827	0.0017616869146774958	0.0017616867258857974	-0.0007939005642721863
0.0008808434101408233	0.0017616868202816466	0.9991191565898585	-0.0008808434101408234	-0.0008808434101408233	0.0008808434101408233	0.0017616868202816468	-0.0008808434101408233	-0.0008808434101408234	-0.0008808434101408234	0.0008819260486601763	0.0017606038999488608	-0.000880843128327391	-0.0008808434573387479	-0.0008808433629428985	0.00039695028213609316
0.0013212651152112347	0.00264253023042247	-0.0013212651152112345	0.9986787348847889	-0.0013212651152112352	0.001321265115211235	0.0026425302304224703	-0.0013212651152112345	-0.0013212651152112352	-0.001321265115211235	0.0013228890729902647	0.002640905849923291	-0.0013212646924910855	-0.0013212651860081226	-0.001321265044414348	0.0005954254232041395
0.002642530230422469	0.005285060460844939	-0.0026425302304224686	-0.002642530230422469	0.9973574697695772	0.00264253023042247	0.0052850604608449415	-0.0026425302304224694	-0.00264253023042247	-0.0026425302304224694	0.0026457781459805294	0.005281811699846581	-0.002642529384982172	-0.0026425303720162443	-0.002642530088828695	0.0011908508464082786
-0.0004404217050704116	-0.0008808434101408233	0.00044042170507041154	0.00044042170507041165	0.00044042170507041165	0.9995595782949295	-0.0008808434101408236	0.00044042170507041165	0.0004404217050704118	0.0004404217050704118	-0.00044096302433008813	-0.0008803019499744304	0.00044042156416369555	0.00044042172866937416	0.00044042168147144934	-0.00019847514106804653
-0.0017616868202816466	-0.003523373640563293	0.0017616868202816464	0.0017616868202816468	0.0017616868202816468	-0.0017616868202816466	0.9964766263594368	0.0017616868202816466	0.001761686820281647	0.001761686820281647	-0.001763852097320353	-0.0035212077998977224	0.0017616862566547818	0.0017616869146774964	0.0017616867258857976	-0.0007939005642721863
0.0008808434101408231	0.0017616868202816461	-0.000880843410140823	-0.0008808434101408232	-0.0008808434101408232	0.0008808434101408231	0.0017616868202816464	0.9991191565898588	-0.0008808434101408233	-0.0008808434101408232	0.0008819260486601761	0.0017606038999488606	-0.0008808431283273908	-0.0008808434573387479	-0.0008808433629428985	0.000396950282136093
0.0013212651152112358	0.002642530230422472	-0.0013212651152112356	-0.0013212651152112358	-0.0013212651152112354	0.0013212651152112352	0.002642530230422471	-0.0013212651152112352	0.9986787348847889	-0.001321265115211235	0.0013228890729902647	0.0026409058499232917	-0.0013212646924910861	-0.0013212651860081224	-0.0013212650444143481	0.0005954254232041394
0.0026425302304224707	0.005285060460844942	-0.0026425302304224703	-0.0026425302304224707	-0.00264253023042247	0.0026425302304224694	0.005285060460844941	-0.0026425302304224694	-0.0026425302304224703	0.9973574697695774	0.0026457781459805294	0.0052818116998465834	-0.002642529384982172	-0.0026425303720162448	-0.002642530088828697	0.0011908508464082788
-0.00044025704820753545	-0.0008805140964150709	0.00044025704820753535	0.00044025704820753545	0.00044025704820753545	-0.00044025704820753545	-0.000880514096415071	0.00044025704820753535	0.0004402570482075354	0.0004402570482075355	0.987105853386495	0.011569764063676085	0.0004438684534135408	0.0004402361325839442	0.00044027796383112693	-0.012980034254520906
-0.0017252383046265601	-0.0034504766092531202	0.0017252383046265601	0.0017252383046265603	0.0017252383046265603	-0.0017252383046265601	-0.003450476609253121	0.0017252383046265595	0.0017252383046265603	0.0017252383046265608	0.02514352278078316	0.9696804594378199	0.0017255411721438375	0.0017251968996668768	0.0017252797095862436	-0.0260049621207894
0.0008808434087377667	0.0017616868174755334	-0.0008808434087377665	-0.0008808434087377667	-0.0008808434087377666	0.0008808434087377665	0.0017616868174755334	-0.0008808434087377664	-0.0008808434087377665	-0.0008808434087377667	0.0008891505046783882	0.0017603844460273637	0.9991121518667695	-0.0008808434671901404	-0.0008808433502853923	0.00039016843672113667
0.0013212671874118058	0.002642534374823613	-0.0013212671874118056	-0.0013212671874118058	-0.0013212671874118058	0.0013212671874118056	0.002642534374823612	-0.0013212671874118058	-0.0013212671874118064	-0.001321267187411806	0.0013229478391926146	0.0026408532852290265	-0.001321266749598029	0.9986771784693261	-0.0013197128441501161	0.0005939297948036616
0.0026425302297272296	0.00528506045945446	-0.0026425302297272283	-0.0026425302297272296	-0.0026425302297272283	0.0026425302297272283	0.005285060459454459	-0.0026425302297272283	-0.0026425302297272296	-0.0026425302297272287	0.002645891530734888	0.005281698282819903	-0.0026425293541003326	-0.0026394218358040964	0.9973543613763497	0.0011878576559814337
-0.0013203068493359209	-0.002640613698671842	0.0013203068493359206	0.0013203068493359209	0.0013203068493359209	-0.0013203068493359206	-0.002640613698671842	0.0013203068493359209	0.0013203068493359209	0.0013203068493359206	-0.0760001398050721	0.07205958082774813	0.0012999452786521158	0.0013232898200128775	0.0013173238786589635	0.9227119450964338