0.9993302373231626	-0.0013395253536742445	0.0006697626768371222	0.0006697626768371222	0.0006697626768371221	-0.000669762676837122	-0.0013395253536742442	0.000669762676837122	0.0006697626768371221	0.000669762676837122	-0.0006713311566841556	-0.0013379564809083851	0.0006697622839182973	0.0006697627543900249	0.0006697625992842182	-0.00028870827942316835
-0.002679050707348488	0.9946418985853028	0.002679050707348489	0.002679050707348489	0.0026790507073484885	-0.002679050707348488	-0.005358101414696976	0.002679050707348488	0.0026790507073484885	0.002679050707348488	-0.002685324626736623	-0.00535182592363354	0.0026790491356731864	0.002679051017560099	0.002679050397136873	-0.0011548331176926734
0.0013395253536742438	0.002679050707348488	0.9986604746463259	-0.0013395253536742442	-0.001339525353674244	0.0013395253536742438	0.002679050707348488	-0.0013395253536742438	-0.0013395253536742442	-0.0013395253536742438	0.001342662313368311	0.0026759129618167702	-0.001339524567836594	-0.00133952550878005	-0.001339525198568437	0.0005774165588463369
0.0020092880305113657	0.004018576061022732	-0.002009288030511366	0.9979907119694886	-0.0020092880305113653	0.0020092880305113657	0.00401857606102273	-0.0020092880305113657	-0.002009288030511366	-0.0020092880305113653	0.002013993470052467	0.004013869442725155	-0.002009286851754891	-0.002009288263170075	-0.002009287797852656	0.0008661248382695053
0.004018576061022731	0.008037152122045463	-0.004018576061022731	-0.004018576061022732	0.9959814239389772	0.004018576061022731	0.008037152122045461	-0.004018576061022731	-0.004018576061022732	-0.004018576061022731	0.004027986940104935	0.008027738885450312	-0.004018573703509781	-0.004018576526340152	-0.004018575595705312	0.0017322496765390105
-0.0006697626768371218	-0.0013395253536742438	0.0006697626768371219	0.0006697626768371219	0.0006697626768371219	0.9993302373231627	-0.0013395253536742442	0.000669762676837122	0.0006697626768371222	0.000669762676837122	-0.0006713311566841555	-0.0013379564809083853	0.000669762283918297	0.000669762754390025	0.0006697625992842185	-0.0002887082794231684
-0.0026790507073484876	-0.005358101414696976	0.002679050707348488	0.002679050707348488	0.002679050707348488	-0.002679050707348488	0.9946418985853029	0.0026790507073484876	0.0026790507073484885	0.0026790507073484876	-0.0026853246267366216	-0.00535182592363354	0.002679049135673188	0.0026790510175601	0.0026790503971368734	-0.0011548331176926736
0.0013395253536742434	0.0026790507073484876	-0.0013395253536742438	-0.0013395253536742438	-0.0013395253536742438	0.0013395253536742438	0.0026790507073484876	0.9986604746463255	-0.001339525353674244	-0.0013395253536742438	0.001342662313368311	0.0026759129618167694	-0.0013395245678365939	-0.0013395255087800496	-0.0013395251985684373	0.0005774165588463369
0.002009288030511365	0.0040185760610227305	-0.0020092880305113653	-0.0020092880305113653	-0.002009288030511365	0.0020092880305113653	0.0040185760610227305	-0.0020092880305113653	0.9979907119694889	-0.002009288030511365	0.002013993470052467	0.004013869442725156	-0.0020092868517548905	-0.0020092882631700753	-0.0020092877978526557	0.0008661248382695049
0.00401857606102273	0.008037152122045461	-0.0040185760610227305	-0.0040185760610227305	-0.00401857606102273	0.0040185760610227305	0.008037152122045461	-0.0040185760610227305	-0.0040185760610227305	0.9959814239389772	0.004027986940104934	0.008027738885450313	-0.004018573703509779	-0.004018576526340151	-0.004018575595705311	0.0017322496765390103
-0.0006692459479063415	-0.0013384918958126832	0.0006692459479063416	0.0006692459479063416	0.0006692459479063416	-0.0006692459479063416	-0.0013384918958126832	0.0006692459479063417	0.0006692459479063417	0.0006692459479063416	0.9818891789830366	0.016097937056334454	0.0006743920648161715	0.0006692000163922596	0.000669291879420423	-0.018377894211557125
-0.002597970116974286	-0.005195940233948574	0.002597970116974287	0.002597970116974287	0.002597970116974286	-0.0025979701169742864	-0.005195940233948573	0.002597970116974287	0.0025979701169742864	0.0025979701169742864	0.036165396214237436	0.9560401105827007	0.002598552969113423	0.002597879581274386	0.0025980606526741857	-0.03663772038597892
0.0013395253475497826	0.0026790506950995657	-0.0013395253475497828	-0.001339525347549783	-0.0013395253475497828	0.0013395253475497828	0.0026790506950995657	-0.0013395253475497828	-0.0013395253475497828	-0.0013395253475497826	0.0013529602114651712	0.0026754873333565167	0.9986506031502781	-0.0013395255270909974	-0.0013395251680085678	0.0005679794893556915
0.002009292844371991	0.004018585688743982	-0.0020092928443719914	-0.0020092928443719914	-0.002009292844371991	0.0020092928443719914	0.004018585688743983	-0.0020092928443719914	-0.0020092928443719914	-0.002009292844371991	0.0020141178796617013	0.0040137594433874175	-0.002009291634305138	0.9979883436654925	-0.002006929354236732	0.0008638861690346679
0.0040185760577841284	0.008037152115568255	-0.0040185760577841284	-0.0040185760577841284	-0.004018576057784128	0.0040185760577841284	0.008037152115568253	-0.004018576057784128	-0.0040185760577841284	-0.004018576057784127	0.004028226117470199	0.008027499635751164	-0.004018573637653107	-0.0040138500296660485	0.9959766979140977	0.001727767966403159
-0.002006253183632909	-0.004012506367265818	0.0020062531836329096	0.0020062531836329096	0.002006253183632909	-0.002006253183632909	-0.0040125063672658175	0.0020062531836329087	0.002006253183632909	0.0020062531836329087	-0.10659203528064246	0.10060163230031666	0.0019778966130599776	0.002010703854392598	0.002001802512873219	0.890593725862909