0.9983504410165785	-0.0032991179668430425	0.0016495589834215208	0.0016495589834215208	0.001649558983421521	-0.0016495589834215208	-0.0032991179668430425	0.0016495589834215206	0.0016495589834215206	0.001649558983421521	-0.0016601138138102648	-0.0032885612158421377	0.001649557062809359	0.0016495599114147842	0.0016495580554282603	-0.0006091308503299385
-0.006598235933686085	0.9868035281326277	0.006598235933686083	0.0065982359336860825	0.006598235933686084	-0.006598235933686083	-0.01319647186737217	0.0065982359336860825	0.0065982359336860825	0.006598235933686083	-0.00664045525524106	-0.01315424486336855	0.006598228251237437	0.006598239645659137	0.006598232221713041	-0.0024365234013197534
0.0032991179668430425	0.006598235933686088	0.9967008820331569	-0.003299117966843042	-0.003299117966843043	0.0032991179668430425	0.006598235933686088	-0.0032991179668430417	-0.003299117966843042	-0.003299117966843043	0.0033202276276205304	0.006577122431684276	-0.0032991141256187174	-0.0032991198228295685	-0.0032991161108565197	0.001218261700659877
0.004948676950264565	0.00989735390052913	-0.004948676950264564	0.9950513230497353	-0.004948676950264563	0.004948676950264564	0.00989735390052913	-0.004948676950264563	-0.004948676950264563	-0.004948676950264563	0.004980341441430795	0.009865683647526413	-0.004948671188428079	-0.0049486797342443494	-0.004948674166284776	0.0018273925509898147
0.009897353900529128	0.01979470780105826	-0.009897353900529126	-0.009897353900529126	0.9901026460994707	0.00989735390052913	0.019794707801058263	-0.009897353900529128	-0.009897353900529126	-0.009897353900529128	0.00996068288286159	0.01973136729505283	-0.009897342376856154	-0.009897359468488702	-0.00989734833256955	0.0036547851019796303
-0.0016495589834215215	-0.0032991179668430443	0.0016495589834215215	0.001649558983421521	0.0016495589834215213	0.9983504410165785	-0.003299117966843044	0.0016495589834215213	0.0016495589834215213	0.0016495589834215215	-0.0016601138138102654	-0.0032885612158421386	0.001649557062809359	0.001649559911414784	0.00164955805542826	-0.0006091308503299385
-0.006598235933686083	-0.013196471867372172	0.006598235933686083	0.0065982359336860825	0.0065982359336860825	-0.006598235933686083	0.9868035281326278	0.0065982359336860825	0.006598235933686083	0.006598235933686084	-0.006640455255241059	-0.01315424486336855	0.006598228251237433	0.006598239645659134	0.006598232221713037	-0.0024365234013197525
0.0032991179668430425	0.006598235933686088	-0.0032991179668430425	-0.003299117966843042	-0.003299117966843042	0.0032991179668430425	0.006598235933686085	0.9967008820331564	-0.003299117966843042	-0.0032991179668430425	0.00332022762762053	0.0065771224316842755	-0.0032991141256187174	-0.003299119822829567	-0.0032991161108565192	0.001218261700659877
0.004948676950264563	0.009897353900529128	-0.004948676950264562	-0.004948676950264562	-0.004948676950264562	0.004948676950264562	0.009897353900529125	-0.004948676950264561	0.9950513230497354	-0.004948676950264562	0.004980341441430796	0.009865683647526411	-0.004948671188428079	-0.00494867973424435	-0.004948674166284774	0.0018273925509898145
0.009897353900529128	0.01979470780105826	-0.009897353900529126	-0.009897353900529126	-0.009897353900529126	0.009897353900529125	0.019794707801058253	-0.009897353900529123	-0.009897353900529125	0.9901026460994709	0.009960682882861595	0.019731367295052826	-0.00989734237685616	-0.009897359468488702	-0.009897348332569554	0.0036547851019796285
-0.001644242410799405	-0.0032884848215988106	0.001644242410799405	0.0016442424107994049	0.0016442424107994049	-0.001644242410799405	-0.0032884848215988098	0.0016442424107994044	0.0016442424107994044	0.001644242410799405	0.9651989353464181	0.02985835614241921	0.001654223689563999	0.0016440091327661953	0.0016444756888326151	-0.03592100867871002
-0.0061634426192075445	-0.012326885238415092	0.006163442619207544	0.006163442619207543	0.006163442619207543	-0.0061634426192075445	-0.012326885238415089	0.006163442619207542	0.006163442619207542	0.006163442619207544	0.07308579251236395	0.9084222395966425	0.006165082652578307	0.006162988884486692	0.006163896353928395	-0.07069474760425945
0.0032991178830369164	0.006598235766073835	-0.0032991178830369156	-0.0032991178830369156	-0.003299117883036916	0.0032991178830369164	0.006598235766073833	-0.003299117883036915	-0.003299117883036915	-0.003299117883036916	0.003340295785190451	0.006575845520420244	0.9966820944604629	-0.0032991198586958034	-0.0032991159073780304	0.0012007507152979639
0.004948706723299999	0.009897413446599999	-0.004948706723299998	-0.004948706723299998	-0.004948706723299999	0.004948706723299998	0.009897413446599997	-0.004948706723299997	-0.004948706723299997	-0.004948706723299999	0.004980916318890798	0.009865197954852077	-0.004948700827142878	0.9950454747255065	-0.004942888172106463	0.0018221517103508434
0.009897353828604013	0.01979470765720803	-0.009897353828604011	-0.009897353828604011	-0.009897353828604013	0.009897353828604013	0.019794707657208022	-0.00989735382860401	-0.009897353828604011	-0.009897353828604013	0.009961772863041939	0.01973027683048035	-0.009897342036314264	-0.009885727987680093	0.9900910203304722	0.003644278688905421
-0.004917121199377577	-0.009834242398755156	0.004917121199377577	0.004917121199377575	0.004917121199377576	-0.004917121199377576	-0.009834242398755152	0.004917121199377575	0.004917121199377574	0.004917121199377577	-0.20371408146421346	0.18901557501770566	0.0048642640477524965	0.0049273501478332305	0.004906892250921919	0.7862891506374761