0.9997834310203515	-0.00043313795929670246	0.0002165689796483512	0.00021656897964835123	0.00021656897964835123	-0.0002165689796483512	-0.00043313795929670235	0.0002165689796483512	0.00021656897964835123	0.0002165689796483512	-0.00021664724331917686	-0.0004330596745911911	0.00021656895861366557	0.00021656898267044788	0.00021656897662625444	-0.00010250386257351613
-0.000866275918593405	0.9982674481628138	0.000866275918593405	0.0008662759185934051	0.0008662759185934051	-0.000866275918593405	-0.0017325518371868098	0.0008662759185934049	0.0008662759185934051	0.000866275918593405	-0.0008665889732767077	-0.0017322386983647654	0.0008662758344546625	0.0008662759306817917	0.0008662759065050181	-0.0004100154502940648
0.0004331379592967024	0.0008662759185934048	0.9995668620407029	-0.0004331379592967024	-0.00043313795929670246	0.00043313795929670235	0.0008662759185934046	-0.00043313795929670235	-0.00043313795929670246	-0.0004331379592967024	0.0004332944866383536	0.0008661193491823822	-0.0004331379172273311	-0.0004331379653408959	-0.0004331379532525088	0.00020500772514703232
0.0006497069389450538	0.0012994138778901075	-0.0006497069389450538	0.9993502930610549	-0.0006497069389450539	0.000649706938945054	0.0012994138778901077	-0.0006497069389450539	-0.0006497069389450539	-0.0006497069389450538	0.0006499417299575304	0.0012991790237735746	-0.0006497068758409968	-0.000649706948011344	-0.0006497069298787635	0.0003075115877205484
0.0012994138778901077	0.0025988277557802155	-0.0012994138778901077	-0.0012994138778901077	0.9987005861221099	0.0012994138778901077	0.002598827755780215	-0.0012994138778901075	-0.0012994138778901077	-0.0012994138778901075	0.001299883459915061	0.0025983580475471488	-0.001299413751681994	-0.001299413896022688	-0.001299413859757527	0.000615023175441097
-0.00021656897964835125	-0.0004331379592967025	0.0002165689796483512	0.00021656897964835128	0.00021656897964835125	0.9997834310203515	-0.00043313795929670235	0.0002165689796483512	0.00021656897964835125	0.0002165689796483512	-0.00021664724331917683	-0.0004330596745911911	0.0002165689586136656	0.00021656898267044793	0.00021656897662625444	-0.00010250386257351619
-0.0008662759185934048	-0.0017325518371868096	0.0008662759185934046	0.0008662759185934049	0.0008662759185934048	-0.0008662759185934047	0.9982674481628133	0.0008662759185934048	0.0008662759185934049	0.0008662759185934048	-0.0008665889732767072	-0.0017322386983647645	0.0008662758344546622	0.0008662759306817916	0.0008662759065050175	-0.00041001545029406463
0.00043313795929670235	0.0008662759185934048	-0.0004331379592967023	-0.00043313795929670246	-0.0004331379592967024	0.00043313795929670235	0.0008662759185934046	0.9995668620407028	-0.0004331379592967024	-0.0004331379592967024	0.0004332944866383536	0.0008661193491823823	-0.00043313791722733114	-0.0004331379653408959	-0.00043313795325250877	0.00020500772514703232
0.0006497069389450538	0.0012994138778901075	-0.0006497069389450538	-0.0006497069389450538	-0.0006497069389450539	0.0006497069389450539	0.0012994138778901073	-0.0006497069389450538	0.9993502930610552	-0.0006497069389450539	0.0006499417299575303	0.0012991790237735744	-0.000649706875840997	-0.0006497069480113441	-0.0006497069298787634	0.0003075115877205486
0.0012994138778901073	0.0025988277557802146	-0.0012994138778901073	-0.0012994138778901073	-0.0012994138778901075	0.0012994138778901075	0.002598827755780214	-0.0012994138778901073	-0.0012994138778901077	0.9987005861221098	0.0012998834599150602	0.002598358047547148	-0.0012994137516819937	-0.0012994138960226878	-0.0012994138597575266	0.0006150231754410971
-0.00021654649960747306	-0.00043309299921494613	0.00021654649960747304	0.0002165464996074731	0.00021654649960747306	-0.00021654649960747304	-0.000433092999214946	0.00021654649960747304	0.0002165464996074731	0.0002165464996074731	0.9930731816178665	0.006275275589672191	0.00021844979324651037	0.00021654115288836077	0.00021655184632658533	-0.006905929750955632
-0.0008570763075372535	-0.0017141526150745068	0.0008570763075372534	0.0008570763075372536	0.0008570763075372536	-0.0008570763075372535	-0.0017141526150745068	0.0008570763075372535	0.0008570763075372536	0.0008570763075372535	0.013119139818746345	0.984309543074405	0.0008571644917741178	0.0008570656725178157	0.0008570869425566905	-0.01391549985999388
0.00043313795919742423	0.0008662759183948485	-0.0004331379591974242	-0.0004331379591974243	-0.0004331379591974243	0.00043313795919742423	0.0008662759183948481	-0.00043313795919742407	-0.00043313795919742423	-0.0004331379591974242	0.0004371012797777559	0.0008660559001190042	0.999563118738498	-0.00043313796815501926	-0.00043313795023982904	0.00020132840886449534
0.0006497074377950386	0.001299414875590077	-0.0006497074377950386	-0.0006497074377950386	-0.0006497074377950386	0.0006497074377950387	0.001299414875590077	-0.0006497074377950385	-0.0006497074377950386	-0.0006497074377950386	0.0006499574162838194	0.0012991648298806132	-0.0006497073705743563	0.9993495281565198	-0.0006489430321099369	0.00030676276537029386
0.001299413877843251	0.0025988277556865014	-0.001299413877843251	-0.001299413877843251	-0.001299413877843251	0.0012994138778432511	0.0025988277556865014	-0.001299413877843251	-0.0012994138778432507	-0.0012994138778432507	0.001299913834628912	0.0025983276644595274	-0.001299413743401938	-0.0012978851050433676	0.9986990573493567	0.0006135250506192415
-0.0006495796120760298	-0.0012991592241520596	0.0006495796120760298	0.0006495796120760298	0.0006495796120760298	-0.0006495796120760298	-0.0012991592241520594	0.0006495796120760298	0.0006495796120760298	0.0006495796120760298	-0.04088856169215729	0.03895086321255444	0.0006385392554507676	0.0006510763135867133	0.0006480829105653458	0.9588703544970012