0.997518712391504	-0.004962575216992033	0.002481287608496016	0.0024812876084960166	0.0024812876084960157	-0.0024812876084960166	-0.004962575216992032	0.0024812876084960157	0.002481287608496016	0.002481287608496015	-0.002499352021081221	-0.004944509928913993	0.0024812867330031804	0.0024812903833413323	0.0024812848336506995	-0.0008148910389033563
-0.009925150433984063	0.9801496991320321	0.009925150433984063	0.009925150433984065	0.009925150433984063	-0.009925150433984065	-0.01985030086796813	0.009925150433984065	0.009925150433984066	0.009925150433984061	-0.009997408084324887	-0.019778039715655966	0.009925146932012725	0.009925161533365333	0.009925139334602798	-0.003259564155613425
0.004962575216992035	0.00992515043398407	0.9950374247830079	-0.004962575216992036	-0.004962575216992034	0.004962575216992035	0.00992515043398407	-0.004962575216992035	-0.004962575216992036	-0.004962575216992033	0.004998704042162446	0.009889019857827983	-0.00496257346600636	-0.0049625807666826656	-0.0049625696673014	0.0016297820778067122
0.007443862825488044	0.014887725650976092	-0.007443862825488046	0.9925561371745117	-0.007443862825488046	0.007443862825488046	0.014887725650976093	-0.007443862825488048	-0.007443862825488048	-0.007443862825488045	0.007498056063243669	0.014833529786741968	-0.007443860199009539	-0.0074438711500240005	-0.007443854500952096	0.002444673116710068
0.014887725650976093	0.02977545130195219	-0.014887725650976093	-0.014887725650976095	0.9851122743490238	0.014887725650976093	0.029775451301952187	-0.014887725650976097	-0.014887725650976095	-0.014887725650976093	0.014996112126487339	0.029667059573483943	-0.014887720398019083	-0.014887742300048	-0.014887709001904193	0.0048893462334201375
-0.0024812876084960166	-0.004962575216992033	0.0024812876084960166	0.0024812876084960166	0.002481287608496016	0.9975187123915038	-0.004962575216992031	0.0024812876084960157	0.002481287608496015	0.002481287608496015	-0.0024993520210812212	-0.0049445099289139914	0.00248128673300318	0.0024812903833413328	0.0024812848336506982	-0.0008148910389033559
-0.009925150433984066	-0.019850300867968133	0.009925150433984066	0.009925150433984066	0.009925150433984065	-0.009925150433984065	0.9801496991320318	0.009925150433984066	0.009925150433984068	0.009925150433984065	-0.00999740808432489	-0.01977803971565596	0.00992514693201272	0.009925161533365331	0.009925139334602796	-0.0032595641556134244
0.004962575216992035	0.00992515043398407	-0.004962575216992035	-0.004962575216992035	-0.004962575216992034	0.004962575216992034	0.009925150433984068	0.9950374247830082	-0.004962575216992035	-0.004962575216992033	0.004998704042162447	0.009889019857827985	-0.004962573466006362	-0.004962580766682667	-0.0049625696673014	0.0016297820778067127
0.007443862825488046	0.014887725650976092	-0.007443862825488046	-0.007443862825488045	-0.007443862825488046	0.007443862825488046	0.014887725650976093	-0.007443862825488049	0.9925561371745119	-0.007443862825488047	0.007498056063243669	0.01483352978674197	-0.007443860199009541	-0.007443871150024	-0.007443854500952095	0.002444673116710068
0.01488772565097609	0.029775451301952183	-0.01488772565097609	-0.014887725650976092	-0.014887725650976092	0.014887725650976093	0.02977545130195219	-0.014887725650976099	-0.014887725650976097	0.9851122743490235	0.014996112126487335	0.02966705957348394	-0.014887720398019083	-0.014887742300048	-0.014887709001904191	0.004889346233420136
-0.0024667423031293585	-0.004933484606258717	0.0024667423031293585	0.0024667423031293585	0.0024667423031293585	-0.002466742303129358	-0.004933484606258717	0.0024667423031293594	0.00246674230312936	0.0024667423031293585	0.9542261779745838	0.03836102444809783	0.002479312971059732	0.0024662708722951194	0.002467213733963597	-0.047267412772206724
-0.009004920645282083	-0.01800984129056416	0.009004920645282083	0.009004920645282083	0.009004920645282084	-0.00900492064528208	-0.01800984129056417	0.009004920645282084	0.009004920645282084	0.009004920645282084	0.09650859836045526	0.8764748372773644	0.009006723071616369	0.009004009867894767	0.009005831422669398	-0.09260707645827085
0.0049625751103740305	0.009925150220748061	-0.0049625751103740305	-0.0049625751103740305	-0.0049625751103740305	0.0049625751103740305	0.009925150220748061	-0.0049625751103740305	-0.0049625751103740305	-0.0049625751103740305	0.005024278704840362	0.009887374976952225	0.9950134965389555	-0.0049625808971135756	-0.004962569323634487	0.0016072979472088905
0.007443931335321429	0.014887862670642859	-0.0074439313353214295	-0.007443931335321429	-0.0074439313353214295	0.0074439313353214295	0.01488786267064286	-0.007443931335321432	-0.007443931335321432	-0.00744393133532143	0.007499185567108053	0.01483260556147029	-0.0074439284579354845	0.9925473207807237	-0.007435183451366241	0.002437045571739866
0.014887725383879466	0.029775450767758935	-0.014887725383879466	-0.014887725383879466	-0.014887725383879466	0.014887725383879466	0.02977545076775893	-0.01488772538387947	-0.01488772538387947	-0.014887725383879469	0.014998233532097489	0.0296649368647427	-0.014887719629081243	-0.014870263190903671	0.9850948124231447	0.004874037756532125
-0.007357310728529871	-0.014714621457059743	0.007357310728529871	0.007357310728529873	0.007357310728529872	-0.0073573107285298716	-0.014714621457059745	0.007357310728529876	0.007357310728529874	0.007357310728529874	-0.26700186101193657	0.24499808360019662	0.007289155954680251	0.0073719526430806835	0.007342668813979069	0.7188228493999469