0.9989833620946711	-0.002033275810657375	0.001016637905328688	0.001016637905328688	0.0010166379053286882	-0.0010166379053286882	-0.002033275810657377	0.0010166379053286885	0.0010166379053286882	0.0010166379053286882	-0.0010207619260208293	-0.0020291508317301925	0.0010166369470936461	0.0010166381533056386	0.0010166376573517357	-0.000412914227775109
-0.00406655162131475	0.99186689675737	0.004066551621314752	0.004066551621314752	0.004066551621314752	-0.004066551621314752	-0.008133103242629504	0.004066551621314754	0.004066551621314752	0.004066551621314751	-0.004083047704083317	-0.008116603326920773	0.004066547788374585	0.004066552613222554	0.004066550629406944	-0.0016516569111004362
0.002033275810657376	0.004066551621314751	0.9979667241893432	-0.002033275810657377	-0.002033275810657377	0.002033275810657377	0.004066551621314755	-0.002033275810657378	-0.002033275810657377	-0.0020332758106573765	0.002041523852041659	0.004058301663460387	-0.002033273894187294	-0.0020332763066112773	-0.0020332753147034727	0.000825828455550218
0.0030499137159860626	0.006099827431972124	-0.003049913715986063	0.996950086284014	-0.003049913715986064	0.0030499137159860634	0.006099827431972127	-0.003049913715986064	-0.0030499137159860634	-0.0030499137159860626	0.003062285778062487	0.006087452495190577	-0.00304991084128094	-0.0030499144599169187	-0.003049912972055208	0.0012387426833253272
0.0060998274319721294	0.012199654863944257	-0.0060998274319721294	-0.0060998274319721294	0.993900172568028	0.006099827431972129	0.012199654863944255	-0.0060998274319721294	-0.006099827431972129	-0.006099827431972128	0.006124571556124976	0.012174904990381156	-0.00609982168256188	-0.006099828919833837	-0.006099825944110415	0.002477485366650655
-0.0010166379053286874	-0.0020332758106573743	0.0010166379053286874	0.0010166379053286876	0.0010166379053286876	0.9989833620946711	-0.002033275810657375	0.0010166379053286878	0.0010166379053286874	0.0010166379053286872	-0.0010207619260208293	-0.002029150831730193	0.0010166369470936461	0.0010166381533056384	0.0010166376573517353	-0.00041291422777510884
-0.00406655162131475	-0.008133103242629499	0.00406655162131475	0.004066551621314751	0.004066551621314751	-0.004066551621314752	0.9918668967573705	0.004066551621314754	0.004066551621314752	0.004066551621314751	-0.004083047704083316	-0.008116603326920773	0.004066547788374588	0.004066552613222555	0.004066550629406944	-0.001651656911100436
0.0020332758106573765	0.004066551621314752	-0.002033275810657377	-0.0020332758106573773	-0.0020332758106573773	0.002033275810657378	0.004066551621314755	0.9979667241893434	-0.0020332758106573765	-0.002033275810657376	0.0020415238520416594	0.004058301663460388	-0.0020332738941872945	-0.002033276306611279	-0.0020332753147034735	0.0008258284555502184
0.003049913715986063	0.006099827431972125	-0.0030499137159860634	-0.003049913715986063	-0.0030499137159860634	0.003049913715986063	0.006099827431972127	-0.0030499137159860647	0.9969500862840138	-0.003049913715986064	0.003062285778062488	0.006087452495190579	-0.00304991084128094	-0.003049914459916919	-0.0030499129720552086	0.001238742683325327
0.006099827431972124	0.012199654863944247	-0.006099827431972124	-0.006099827431972124	-0.006099827431972125	0.006099827431972124	0.01219965486394425	-0.006099827431972126	-0.006099827431972127	0.9939001725680275	0.006124571556124975	0.012174904990381156	-0.0060998216825618795	-0.006099828919833837	-0.006099825944110416	0.0024774853666506536
-0.0010150811508569772	-0.002030162301713954	0.0010150811508569772	0.0010150811508569772	0.0010150811508569772	-0.0010150811508569772	-0.0020301623017139545	0.0010150811508569772	0.0010150811508569774	0.001015081150856977	0.9751913077822585	0.02175631162801099	0.0010222182880168205	0.0010149824716466217	0.0010151798300673314	-0.02539895191732501
-0.0038889610418138326	-0.007777922083627663	0.0038889610418138326	0.0038889610418138335	0.0038889610418138326	-0.0038889610418138326	-0.007777922083627665	0.0038889610418138326	0.0038889610418138335	0.0038889610418138317	0.0508490652508962	0.9374830278542207	0.0038899848112557314	0.0038887676147211065	0.0038891544689065587	-0.05033647760384785
0.002033275787074392	0.004066551574148782	-0.002033275787074392	-0.002033275787074392	-0.002033275787074392	0.002033275787074392	0.004066551574148784	-0.0020332757870743924	-0.0020332757870743924	-0.0020332757870743915	0.0020558189494409565	0.004057542692905326	0.9979531899318026	-0.0020332763347500784	-0.002033275239398706	0.0008130703561817307
0.003049924883343651	0.0060998497666873	-0.0030499248833436507	-0.0030499248833436503	-0.0030499248833436507	0.0030499248833436507	0.006099849766687302	-0.0030499248833436516	-0.0030499248833436516	-0.0030499248833436507	0.003062541682733308	0.006087230029987211	-0.0030499219460332146	0.9969464880842669	-0.003046337850954036	0.0012354132602128366
0.006099827417813203	0.012199654835626402	-0.006099827417813203	-0.006099827417813202	-0.006099827417813203	0.006099827417813201	0.012199654835626404	-0.006099827417813203	-0.006099827417813203	-0.006099827417813202	0.006125060974966246	0.012174415403861816	-0.006099821543201657	-0.006092656377579204	0.9938930015419525	0.0024708167292589183
-0.003040715375507947	-0.006081430751015893	0.003040715375507947	0.003040715375507947	0.003040715375507947	-0.003040715375507947	-0.006081430751015895	0.0030407153755079475	0.0030407153755079475	0.003040715375507947	-0.14570921270637455	0.13662545926521247	0.0030023226901461364	0.0030472950817092863	0.0030341356693066083	0.8488373661742759