0.9975531920337607	-0.0048936159324775505	0.002446807966238776	0.002446807966238776	0.0024468079662387757	-0.002446807966238776	-0.004893615932477551	0.002446807966238776	0.002446807966238776	0.0024468079662387753	-0.002464643285442921	-0.0048757796063869565	0.002446806959352326	0.002446810639223487	0.0024468052932540654	-0.0008075136091738383
-0.009787231864955106	0.9804255362700895	0.009787231864955106	0.009787231864955104	0.009787231864955103	-0.009787231864955106	-0.019574463729910205	0.009787231864955103	0.009787231864955103	0.009787231864955101	-0.009858573141771687	-0.019503118425547826	0.009787227837409306	0.009787242556893947	0.009787221173016263	-0.003230054436695352
0.004893615932477551	0.009787231864955104	0.9951063840675224	-0.004893615932477552	-0.0048936159324775505	0.004893615932477551	0.009787231864955101	-0.004893615932477552	-0.004893615932477552	-0.0048936159324775505	0.0049292865708858435	0.009751559212773913	-0.00489361391870465	-0.004893621278446971	-0.0048936105865081325	0.001615027218347676
0.007340423898716328	0.014680847797432657	-0.007340423898716328	0.9926595761012841	-0.0073404238987163275	0.007340423898716329	0.014680847797432655	-0.0073404238987163275	-0.007340423898716329	-0.0073404238987163275	0.007393929856328763	0.014627338819160871	-0.0073404208780569755	-0.007340431917670459	-0.0073404158797621966	0.0024225408275215157
0.014680847797432657	0.029361695594865317	-0.014680847797432658	-0.01468084779743266	0.9853191522025676	0.014680847797432658	0.029361695594865313	-0.014680847797432657	-0.01468084779743266	-0.014680847797432658	0.014787859712657525	0.02925467763832174	-0.01468084175611395	-0.01468086383534092	-0.014680831759524395	0.004845081655043031
-0.002446807966238775	-0.00489361593247755	0.0024468079662387753	0.0024468079662387753	0.0024468079662387744	0.9975531920337616	-0.004893615932477551	0.0024468079662387757	0.002446807966238776	0.0024468079662387753	-0.002464643285442921	-0.004875779606386957	0.002446806959352326	0.0024468106392234864	0.0024468052932540662	-0.0008075136091738383
-0.009787231864955106	-0.019574463729910212	0.009787231864955108	0.009787231864955106	0.009787231864955104	-0.009787231864955106	0.9804255362700898	0.009787231864955104	0.009787231864955106	0.009787231864955104	-0.009858573141771687	-0.01950311842554783	0.009787227837409304	0.00978724255689395	0.009787221173016265	-0.003230054436695352
0.004893615932477552	0.009787231864955106	-0.004893615932477554	-0.004893615932477553	-0.004893615932477552	0.004893615932477554	0.009787231864955106	0.995106384067522	-0.004893615932477552	-0.0048936159324775505	0.004929286570885843	0.009751559212773911	-0.004893613918704649	-0.004893621278446972	-0.004893610586508129	0.0016150272183476757
0.0073404238987163275	0.014680847797432657	-0.007340423898716328	-0.007340423898716329	-0.007340423898716328	0.007340423898716329	0.014680847797432658	-0.007340423898716329	0.992659576101284	-0.0073404238987163275	0.007393929856328761	0.014627338819160873	-0.007340420878056974	-0.00734043191767046	-0.0073404158797621966	0.0024225408275215152
0.014680847797432648	0.029361695594865296	-0.01468084779743265	-0.014680847797432653	-0.01468084779743265	0.014680847797432653	0.029361695594865303	-0.01468084779743265	-0.014680847797432653	0.9853191522025673	0.014787859712657518	0.029254677638321746	-0.01468084175611395	-0.01468086383534092	-0.014680831759524391	0.004845081655043031
-0.002432755267143178	-0.0048655105342863565	0.0024327552671431782	0.0024327552671431787	0.0024327552671431774	-0.0024327552671431787	-0.004865510534286356	0.0024327552671431765	0.0024327552671431774	0.0024327552671431774	0.9546538443375739	0.03803540544558894	0.002445239682550338	0.002432294928462462	0.002433215605823894	-0.04683169744109433
-0.008890382541778914	-0.017780765083557828	0.008890382541778914	0.008890382541778916	0.008890382541778912	-0.008890382541778916	-0.01778076508355783	0.008890382541778912	0.008890382541778912	0.008890382541778912	0.0956267331116176	0.8777003076263911	0.008892194178433998	0.008889492995671273	0.008891272087886558	-0.09176491813378887
0.004893615822264379	0.009787231644528757	-0.004893615822264379	-0.004893615822264378	-0.004893615822264377	0.004893615822264379	0.009787231644528755	-0.004893615822264377	-0.004893615822264378	-0.004893615822264378	0.0049546683627572615	0.00974992279457849	0.9950826404871929	-0.004893621399863353	-0.004893610244665404	0.001592733542141318
0.007340490470977473	0.014680980941954948	-0.007340490470977473	-0.007340490470977475	-0.007340490470977474	0.007340490470977476	0.01468098094195495	-0.007340490470977475	-0.007340490470977475	-0.007340490470977475	0.00739503335504888	0.014626434791634635	-0.007340487204728568	0.9926508829788532	-0.007331863920807851	0.0024150095945998404
0.01468084754202337	0.02936169508404674	-0.014680847542023368	-0.014680847542023371	-0.01468084754202337	0.014680847542023373	0.02936169508404674	-0.014680847542023368	-0.014680847542023373	-0.014680847542023371	0.014789932998390907	0.02925260309516081	-0.014680841009504968	-0.014663626786923789	0.985301931702877	0.004829967175765211
-0.007256809377215893	-0.014513618754431787	0.007256809377215893	0.007256809377215893	0.007256809377215894	-0.007256809377215895	-0.01451361875443179	0.007256809377215893	0.007256809377215894	0.007256809377215894	-0.26454111569275535	0.24283825313718516	0.007189243801138539	0.007271276101637263	0.00724234265279453	0.721415203388525