0.999489158815157	-0.0010216823696850281	0.000510841184842514	0.0005108411848425141	0.000510841184842514	-0.000510841184842514	-0.001021682369685028	0.000510841184842514	0.0005108411848425141	0.000510841184842514	-0.000511636639741978	-0.0010208867100038172	0.0005108409800607664	0.0005108412208793645	0.0005108411488056636	-0.00022696669394679756
-0.0020433647393700563	0.9959132705212601	0.002043364739370056	0.0020433647393700563	0.002043364739370056	-0.002043364739370056	-0.004086729478740112	0.002043364739370056	0.0020433647393700563	0.002043364739370056	-0.0020465465589679112	-0.004083546840015268	0.002043363920243065	0.0020433648835174586	0.002043364595222655	-0.0009078667757871901
0.0010216823696850277	0.002043364739370055	0.9989783176303147	-0.0010216823696850284	-0.001021682369685028	0.001021682369685028	0.002043364739370056	-0.001021682369685028	-0.0010216823696850281	-0.0010216823696850277	0.0010232732794839558	0.002041773420007634	-0.0010216819601215324	-0.0010216824417587293	-0.0010216822976113274	0.000453933387893595
0.001532523554527542	0.0030650471090550844	-0.001532523554527542	0.9984674764454723	-0.0015325235545275422	0.001532523554527542	0.003065047109055085	-0.0015325235545275424	-0.0015325235545275422	-0.001532523554527542	0.0015349099192259346	0.00306266013001145	-0.0015325229401822998	-0.0015325236626380944	-0.0015325234464169913	0.0006809000818403928
0.0030650471090550857	0.006130094218110173	-0.0030650471090550857	-0.0030650471090550857	0.9969349528909449	0.003065047109055085	0.006130094218110171	-0.0030650471090550853	-0.003065047109055085	-0.003065047109055085	0.00306981983845187	0.006125320260022901	-0.003065045880364599	-0.003065047325276188	-0.0030650468928339826	0.0013618001636807847
-0.0005108411848425143	-0.0010216823696850286	0.0005108411848425142	0.0005108411848425142	0.0005108411848425142	0.9994891588151573	-0.001021682369685028	0.000510841184842514	0.0005108411848425141	0.000510841184842514	-0.0005116366397419781	-0.0010208867100038165	0.0005108409800607663	0.0005108412208793645	0.0005108411488056637	-0.0002269666939467975
-0.0020433647393700567	-0.004086729478740113	0.0020433647393700567	0.0020433647393700563	0.0020433647393700567	-0.0020433647393700563	0.99591327052126	0.0020433647393700563	0.0020433647393700563	0.002043364739370056	-0.0020465465589679125	-0.004083546840015267	0.0020433639202430656	0.0020433648835174586	0.0020433645952226544	-0.0009078667757871901
0.0010216823696850284	0.0020433647393700567	-0.0010216823696850284	-0.0010216823696850281	-0.0010216823696850284	0.0010216823696850281	0.0020433647393700563	0.9989783176303151	-0.0010216823696850281	-0.001021682369685028	0.0010232732794839563	0.0020417734200076335	-0.0010216819601215326	-0.0010216824417587293	-0.0010216822976113274	0.00045393338789359496
0.0015325235545275422	0.003065047109055085	-0.0015325235545275422	-0.0015325235545275422	-0.0015325235545275422	0.0015325235545275424	0.003065047109055085	-0.001532523554527542	0.9984674764454724	-0.0015325235545275424	0.001534909919225935	0.00306266013001145	-0.0015325229401822993	-0.0015325236626380937	-0.0015325234464169909	0.0006809000818403927
0.0030650471090550857	0.006130094218110172	-0.0030650471090550857	-0.0030650471090550857	-0.0030650471090550857	0.0030650471090550857	0.006130094218110171	-0.0030650471090550853	-0.0030650471090550853	0.9969349528909449	0.00306981983845187	0.0061253202600229	-0.0030650458803645995	-0.003065047325276188	-0.0030650468928339826	0.0013618001636807855
-0.0005105935200733177	-0.0010211870401466354	0.0005105935200733177	0.0005105935200733176	0.0005105935200733176	-0.0005105935200733176	-0.0010211870401466352	0.0005105935200733175	0.0005105935200733175	0.0005105935200733175	0.9854208054395505	0.013043310283174125	0.0005146972371288646	0.0005105658391721951	0.0005106212009744406	-0.014715278214078337
-0.001994934821123581	-0.003989869642247162	0.001994934821123581	0.0019949348211235804	0.001994934821123581	-0.001994934821123581	-0.003989869642247162	0.0019949348211235804	0.0019949348211235804	0.001994934821123581	0.028655225112856224	0.9653595855315135	0.0019953197133834697	0.0019948800991760286	0.0019949895430711327	-0.029433879674961153
0.0010216823672975816	0.0020433647345951627	-0.0010216823672975816	-0.0010216823672975811	-0.0010216823672975813	0.0010216823672975816	0.0020433647345951627	-0.0010216823672975811	-0.0010216823672975813	-0.0010216823672975813	0.0010314832496761295	0.002041493894795966	0.9989703875901229	-0.001021682454211872	-0.00102168228038329	0.0004462877435984974
0.001532526346218721	0.003065052692437443	-0.001532526346218721	-0.001532526346218721	-0.001532526346218721	0.001532526346218721	0.003065052692437442	-0.001532526346218721	-0.0015325263462187208	-0.001532526346218721	0.0015349867654386726	0.0030625916392609536	-0.0015325257122621831	0.9984656708446574	-0.0015307235370946453	0.0006791741638035475
0.0030650471078500076	0.006130094215700016	-0.0030650471078500076	-0.003065047107850007	-0.003065047107850007	0.003065047107850007	0.006130094215700015	-0.003065047107850007	-0.003065047107850007	-0.0030650471078500076	0.0030699679419843775	0.0061251721136536645	-0.003065045839938027	-0.003061441934660705	0.9969313477189606	0.0013583457453081446
-0.0015310769019467579	-0.003062153803893516	0.0015310769019467579	0.0015310769019467579	0.0015310769019467579	-0.0015310769019467577	-0.003062153803893515	0.0015310769019467572	0.0015310769019467574	0.0015310769019467574	-0.08589290089317268	0.08132263047094278	0.0015081166183364	0.0015345160973877499	0.0015276377065057657	0.912385416450228