0.9990899753339628	-0.0018200493320738762	0.0009100246660369377	0.0009100246660369376	0.0009100246660369376	-0.0009100246660369375	-0.0018200493320738758	0.0009100246660369374	0.0009100246660369376	0.0009100246660369374	-0.0009132513846799134	-0.001816821843992511	0.0009100238965985489	0.0009100248485900539	0.0009100244834838209	-0.00037614136192560985
-0.0036400986641477516	0.9927198026717052	0.0036400986641477516	0.0036400986641477516	0.0036400986641477516	-0.003640098664147751	-0.007280197328295506	0.0036400986641477507	0.003640098664147752	0.0036400986641477516	-0.0036530055387196544	-0.007267287375970046	0.0036400955863941965	0.0036400993943602176	0.0036400979339352847	-0.0015045654477024398
0.0018200493320738756	0.0036400986641477516	0.9981799506679263	-0.0018200493320738758	-0.001820049332073876	0.0018200493320738756	0.003640098664147753	-0.0018200493320738754	-0.001820049332073876	-0.0018200493320738758	0.0018265027693598272	0.0036336436879850233	-0.001820047793197098	-0.001820049697180109	-0.0018200489669676421	0.0007522827238512198
0.002730073998110812	0.005460147996221624	-0.002730073998110812	0.9972699260018891	-0.0027300739981108123	0.002730073998110812	0.005460147996221625	-0.0027300739981108114	-0.002730073998110812	-0.002730073998110812	0.0027397541540397402	0.005450465531977531	-0.0027300716897956465	-0.0027300745457701616	-0.0027300734504514626	0.00112842408577683
0.005460147996221626	0.010920295992443253	-0.005460147996221625	-0.005460147996221627	0.9945398520037785	0.005460147996221626	0.010920295992443256	-0.005460147996221626	-0.005460147996221627	-0.005460147996221627	0.00547950830807948	0.010900931063955064	-0.005460143379591296	-0.005460149091540325	-0.0054601469009029294	0.0022568481715536603
-0.0009100246660369375	-0.0018200493320738751	0.0009100246660369375	0.0009100246660369375	0.0009100246660369376	0.9990899753339628	-0.0018200493320738758	0.0009100246660369374	0.0009100246660369377	0.0009100246660369377	-0.0009132513846799132	-0.0018168218439925108	0.0009100238965985487	0.000910024848590054	0.0009100244834838209	-0.00037614136192560974
-0.003640098664147753	-0.007280197328295507	0.003640098664147753	0.003640098664147753	0.0036400986641477533	-0.003640098664147753	0.9927198026717049	0.003640098664147752	0.0036400986641477533	0.003640098664147753	-0.0036530055387196552	-0.007267287375970047	0.0036400955863941974	0.003640099394360217	0.003640097933935286	-0.0015045654477024396
0.0018200493320738756	0.0036400986641477516	-0.0018200493320738756	-0.0018200493320738756	-0.0018200493320738758	0.0018200493320738756	0.0036400986641477525	0.9981799506679259	-0.0018200493320738762	-0.001820049332073876	0.001826502769359827	0.0036336436879850225	-0.001820047793197098	-0.0018200496971801086	-0.0018200489669676424	0.0007522827238512198
0.0027300739981108123	0.0054601479962216246	-0.002730073998110812	-0.0027300739981108127	-0.0027300739981108127	0.0027300739981108123	0.0054601479962216246	-0.002730073998110812	0.9972699260018894	-0.0027300739981108127	0.00273975415403974	0.005450465531977532	-0.0027300716897956465	-0.0027300745457701616	-0.0027300734504514634	0.00112842408577683
0.0054601479962216246	0.010920295992443249	-0.005460147996221624	-0.005460147996221625	-0.005460147996221625	0.0054601479962216246	0.010920295992443249	-0.005460147996221624	-0.005460147996221623	0.9945398520037784	0.00547950830807948	0.010900931063955066	-0.005460143379591293	-0.005460149091540325	-0.005460146900902927	0.002256848171553659
-0.0009088584585734201	-0.0018177169171468407	0.0009088584585734201	0.00090885845857342	0.0009088584585734202	-0.0009088584585734201	-0.0018177169171468407	0.0009088584585734201	0.00090885845857342	0.00090885845857342	0.9771271210744104	0.020139740758937263	0.0009154212495055658	0.000908777749546692	0.0009089391676001488	-0.023362204395289923
-0.0034957059556619758	-0.006991411911323954	0.0034957059556619766	0.003495705955661976	0.0034957059556619766	-0.003495705955661976	-0.006991411911323954	0.003495705955661976	0.003495705955661977	0.003495705955661977	0.0465600415597082	0.9429519493240017	0.003496597204965795	0.0034955474999855663	0.003495864411338387	-0.046375608160268325
0.0018200493153256547	0.0036400986306513103	-0.001820049315325655	-0.0018200493153256545	-0.001820049315325655	0.0018200493153256545	0.00364009863065131	-0.0018200493153256547	-0.0018200493153256547	-0.0018200493153256547	0.0018396429538450633	0.003632986403543484	0.9981674692732626	-0.0018200497229172044	-0.0018200489077341041	0.0007404736577849251
0.0027300829272747015	0.005460165854549405	-0.002730082927274702	-0.0027300829272747023	-0.0027300829272747028	0.002730082927274702	0.0054601658545494055	-0.002730082927274702	-0.002730082927274702	-0.002730082927274702	0.0027399659847196895	0.005450280436527229	-0.002730080566697513	0.9972667060636431	-0.0027268719181920854	0.001125426176432233
0.005460147986590161	0.010920295973180323	-0.005460147986590161	-0.0054601479865901605	-0.005460147986590161	0.0054601479865901605	0.010920295973180325	-0.00546014798659016	-0.0054601479865901605	-0.0054601479865901605	0.005479914071930195	0.010900525166692758	-0.0054601432654426294	-0.005453728198357293	0.9945334322251765	0.002250844443687723
-0.0027231926691316036	-0.00544638533826321	0.0027231926691316044	0.002723192669131605	0.0027231926691316053	-0.0027231926691316044	-0.005446385338263211	0.0027231926691316044	0.0027231926691316036	0.002723192669131604	-0.13442311954876424	0.126289061252772	0.002687672957729045	0.0027291287488115305	0.00271725658945168	0.8609483338435678