0.9987556092058815	-0.00248878158823689	0.0012443907941184448	0.0012443907941184452	0.0012443907941184454	-0.0012443907941184454	-0.0024887815882368896	0.0012443907941184454	0.0012443907941184459	0.0012443907941184456	-0.0012506785513208823	-0.002482492464329713	0.0012443894274137054	0.0012443912259439381	0.0012443903622929525	-0.00048770763023121307
-0.004977563176473778	0.9900448736470525	0.004977563176473779	0.00497756317647378	0.004977563176473781	-0.00497756317647378	-0.009955126352947555	0.00497756317647378	0.004977563176473781	0.004977563176473781	-0.005002714205283531	-0.009929969857318846	0.004977557709654822	0.004977564903775754	0.004977561449171811	-0.0019508305209248536
0.0024887815882368904	0.00497756317647378	0.9975112184117624	-0.00248878158823689	-0.0024887815882368904	0.00248878158823689	0.004977563176473778	-0.00248878158823689	-0.0024887815882368904	-0.00248878158823689	0.0025013571026417654	0.004964984928659424	-0.0024887788548274108	-0.002488782451887877	-0.002488780724585904	0.0009754152604624262
0.003733172382355336	0.007466344764710671	-0.003733172382355336	0.9962668276176445	-0.003733172382355337	0.0037331723823553365	0.00746634476471067	-0.003733172382355336	-0.003733172382355337	-0.003733172382355337	0.0037520356539626496	0.007447477392989139	-0.0037331682822411153	-0.003733173677831816	-0.0037331710868788582	0.0014631228906936407
0.007466344764710671	0.014932689529421343	-0.007466344764710671	-0.007466344764710673	0.9925336552352894	0.007466344764710673	0.014932689529421339	-0.007466344764710672	-0.007466344764710674	-0.007466344764710675	0.0075040713079253	0.01489495478597828	-0.007466336564482232	-0.007466347355663633	-0.007466342173757716	0.002926245781387281
-0.001244390794118445	-0.00248878158823689	0.0012443907941184448	0.001244390794118445	0.0012443907941184454	0.9987556092058819	-0.00248878158823689	0.0012443907941184452	0.0012443907941184454	0.0012443907941184454	-0.001250678551320883	-0.0024824924643297125	0.0012443894274137054	0.0012443912259439388	0.0012443903622929523	-0.0004877076302312134
-0.00497756317647378	-0.00995512635294756	0.004977563176473779	0.00497756317647378	0.004977563176473782	-0.004977563176473781	0.9900448736470521	0.004977563176473781	0.004977563176473781	0.004977563176473781	-0.005002714205283531	-0.009929969857318846	0.00497755770965482	0.004977564903775753	0.004977561449171809	-0.0019508305209248534
0.00248878158823689	0.00497756317647378	-0.0024887815882368896	-0.00248878158823689	-0.002488781588236891	0.0024887815882368904	0.00497756317647378	0.9975112184117626	-0.0024887815882368913	-0.002488781588236891	0.0025013571026417645	0.004964984928659425	-0.00248877885482741	-0.0024887824518878767	-0.002488780724585905	0.0009754152604624267
0.0037331723823553356	0.00746634476471067	-0.0037331723823553356	-0.003733172382355336	-0.003733172382355337	0.0037331723823553365	0.00746634476471067	-0.003733172382355336	0.9962668276176447	-0.003733172382355337	0.00375203565396265	0.007447477392989139	-0.003733168282241116	-0.003733173677831817	-0.003733171086878858	0.0014631228906936402
0.007466344764710672	0.014932689529421344	-0.007466344764710672	-0.007466344764710673	-0.007466344764710675	0.007466344764710673	0.014932689529421344	-0.007466344764710673	-0.007466344764710674	0.9925336552352891	0.007504071307925299	0.014894954785978277	-0.007466336564482233	-0.007466347355663635	-0.0074663421737577165	0.0029262457813872805
-0.001241773704732416	-0.002483547409464832	0.001241773704732416	0.0012417737047324161	0.0012417737047324166	-0.0012417737047324164	-0.0024835474094648323	0.0012417737047324164	0.0012417737047324166	0.0012417737047324168	0.9713404160658022	0.024925997583079854	0.0012500389416529847	0.0012416318530206125	0.0012419155564442222	-0.029458870898809553
-0.00471903438251179	-0.00943806876502358	0.004719034382511789	0.004719034382511791	0.004719034382511792	-0.004719034382511791	-0.00943806876502358	0.004719034382511791	0.004719034382511791	0.004719034382511792	0.0594353823284339	0.9264062295975479	0.004720319308994676	0.004718757193889607	0.004719311571133976	-0.058207523718080814
0.0024887815459419707	0.004977563091883941	-0.0024887815459419707	-0.002488781545941971	-0.0024887815459419716	0.002488781545941971	0.004977563091883941	-0.002488781545941971	-0.002488781545941972	-0.0024887815459419724	0.0025179280723855	0.0049640193549732045	0.9974956156645258	-0.0024887824833152317	-0.002488780608568714	0.0009607965148685824
0.0037331891893336595	0.00746637837866732	-0.0037331891893336595	-0.0037331891893336608	-0.0037331891893336608	0.00373318918933366	0.007466378378667319	-0.0037331891893336603	-0.0037331891893336608	-0.003733189189333661	0.0037523954854645444	0.007447167895903609	-0.0037331850027008313	0.99626242061365	-0.0037287989923171718	0.0014590950800459886
0.007466344736471539	0.014932689472943078	-0.007466344736471539	-0.00746634473647154	-0.007466344736471541	0.00746634473647154	0.014932689472943078	-0.00746634473647154	-0.007466344736471541	-0.007466344736471542	0.007504757253407988	0.014894268582756411	-0.007466336363221315	-0.007457569596834614	0.9925248801238918	0.00291817572347649
-0.0037176757678411294	-0.007435351535682257	0.0037176757678411294	0.0037176757678411302	0.003717675767841131	-0.0037176757678411302	-0.007435351535682259	0.00371767576784113	0.0037176757678411302	0.0037176757678411307	-0.16811251205287828	0.15700352379368007	0.003673636723515796	0.0037256010882962013	0.00370975044738606	0.8247005538424131