0.998133214908472	-0.0037335701830562723	0.001866785091528136	0.0018667850915281366	0.0018667850915281361	-0.0018667850915281363	-0.0037335701830562723	0.001866785091528136	0.0018667850915281363	0.0018667850915281363	-0.0018796049071486479	-0.003720748357863908	0.0018667830819562835	0.0018667863863760879	0.0018667837966801837	-0.0006684461390046126
-0.007467140366112544	0.9850657192677746	0.007467140366112544	0.007467140366112547	0.007467140366112545	-0.007467140366112545	-0.01493428073222509	0.007467140366112543	0.007467140366112545	0.007467140366112545	-0.00751841962859459	-0.014882993431455632	0.0074671323278251356	0.0074671455455043514	0.007467135186720736	-0.002673784556018451
0.003733570183056272	0.0074671403661125445	0.9962664298169434	-0.003733570183056274	-0.003733570183056273	0.0037335701830562736	0.007467140366112546	-0.0037335701830562723	-0.0037335701830562736	-0.0037335701830562736	0.0037592098142972957	0.007441496715727816	-0.0037335661639125686	-0.003733572772752176	-0.0037335675933603692	0.0013368922780092256
0.00560035527458441	0.01120071054916882	-0.005600355274584411	0.9943996447254164	-0.005600355274584411	0.005600355274584412	0.01120071054916882	-0.0056003552745844095	-0.005600355274584411	-0.005600355274584411	0.005638814721445943	0.011162245073591724	-0.005600349245868849	-0.005600359159128262	-0.005600351390040551	0.0020053384170138377
0.011200710549168824	0.02240142109833765	-0.011200710549168826	-0.011200710549168822	0.9887992894508316	0.011200710549168824	0.022401421098337645	-0.011200710549168819	-0.011200710549168822	-0.01120071054916882	0.01127762944289189	0.022324490147183455	-0.011200698491737703	-0.011200718318256527	-0.011200702780081109	0.004010676834027678
-0.0018667850915281355	-0.003733570183056271	0.0018667850915281355	0.0018667850915281357	0.0018667850915281357	0.9981332149084725	-0.0037335701830562714	0.0018667850915281353	0.001866785091528136	0.0018667850915281361	-0.0018796049071486466	-0.0037207483578639094	0.0018667830819562835	0.0018667863863760879	0.0018667837966801842	-0.0006684461390046126
-0.0074671403661125445	-0.014934280732225089	0.0074671403661125445	0.007467140366112545	0.007467140366112545	-0.0074671403661125445	0.9850657192677746	0.007467140366112542	0.0074671403661125445	0.007467140366112545	-0.007518419628594588	-0.014882993431455637	0.0074671323278251356	0.007467145545504352	0.007467135186720736	-0.002673784556018451
0.0037335701830562705	0.007467140366112542	-0.0037335701830562714	-0.003733570183056272	-0.003733570183056272	0.0037335701830562714	0.007467140366112543	0.9962664298169431	-0.0037335701830562727	-0.0037335701830562727	0.003759209814297295	0.0074414967157278205	-0.003733566163912568	-0.0037335727727521766	-0.0037335675933603697	0.0013368922780092258
0.005600355274584411	0.011200710549168822	-0.005600355274584412	-0.00560035527458441	-0.005600355274584411	0.00560035527458441	0.01120071054916882	-0.0056003552745844095	0.9943996447254161	-0.00560035527458441	0.005638814721445943	0.011162245073591728	-0.00560034924586885	-0.005600359159128261	-0.005600351390040552	0.002005338417013838
0.011200710549168824	0.02240142109833765	-0.011200710549168826	-0.011200710549168822	-0.011200710549168824	0.011200710549168822	0.022401421098337645	-0.011200710549168819	-0.01120071054916882	0.9887992894508317	0.011277629442891889	0.022324490147183466	-0.011200698491737705	-0.01120071831825653	-0.011200702780081109	0.004010676834027677
-0.0018595625318413636	-0.0037191250636827277	0.0018595625318413639	0.001859562531841364	0.001859562531841364	-0.0018595625318413639	-0.003719125063682728	0.0018595625318413639	0.0018595625318413643	0.0018595625318413645	0.9621704977805764	0.032240046631615275	0.0018703305241258047	0.0018592732370309797	0.0018598518266517482	-0.03908500233815093
-0.006921415106392867	-0.013842830212785734	0.006921415106392866	0.006921415106392867	0.006921415106392867	-0.006921415106392866	-0.013842830212785732	0.006921415106392864	0.006921415106392867	0.006921415106392867	0.0797080280197388	0.8995259671274947	0.0069231746399812735	0.006920853585453033	0.006921976627332698	-0.07680223993552257
0.0037335700786125443	0.00746714015722509	-0.0037335700786125447	-0.0037335700786125456	-0.0037335700786125456	0.003733570078612545	0.00746714015722509	-0.0037335700786125443	-0.0037335700786125456	-0.003733570078612546	0.0037809077359501914	0.007440088553006895	0.9962461438682679	-0.0037335728158279947	-0.0037335673413970943	0.00131798703227036
0.005600393572356807	0.011200787144713615	-0.005600393572356806	-0.005600393572356806	-0.005600393572356806	0.005600393572356806	0.011200787144713613	-0.0056003935723568056	-0.005600393572356805	-0.005600393572356806	0.005639519908433177	0.011161654617488956	-0.005600387381208525	0.9943930223846544	-0.005593809529367706	0.0019994612925994335
0.01120071044174855	0.0224014208834971	-0.01120071044174855	-0.011200710441748552	-0.011200710441748548	0.01120071044174855	0.0224014208834971	-0.01120071044174855	-0.01120071044174855	-0.011200710441748552	0.011278962908138917	0.022323156034834528	-0.011200698059476351	-0.011187558053582744	0.9887861371700858	0.0039988913086472875
-0.005557449833535037	-0.011114899667070076	0.005557449833535037	0.005557449833535036	0.005557449833535037	-0.005557449833535037	-0.011114899667070074	0.005557449833535037	0.005557449833535036	0.005557449833535037	-0.2212172418017896	0.20460202029784577	0.005500321836873711	0.005568870326726251	0.00554602934034382	0.7674816944590118