0.9974951180730405	-0.005009763853919736	0.002504881926959868	0.0025048819269598683	0.0025048819269598683	-0.0025048819269598674	-0.005009763853919735	0.002504881926959868	0.0025048819269598674	0.0025048819269598674	-0.0025230978900956983	-0.004991547110512646	0.0025048811466886122	0.002504884772880393	0.0025048790810393395	-0.0008198812433195503
-0.01001952770783947	0.9799609445843207	0.010019527707839466	0.01001952770783947	0.010019527707839468	-0.010019527707839464	-0.02003905541567893	0.01001952770783947	0.01001952770783947	0.010019527707839466	-0.010092391560382788	-0.019966188442050586	0.010019524586754442	0.010019539091521572	0.010019516324157353	-0.003279524973278202
0.005009763853919734	0.010019527707839466	0.9949902361460801	-0.005009763853919734	-0.005009763853919735	0.005009763853919733	0.010019527707839466	-0.005009763853919735	-0.005009763853919733	-0.005009763853919734	0.005046195780191393	0.00998309422102529	-0.00500976229337722	-0.005009769545760787	-0.005009758162078679	0.0016397624866391009
0.007514645780879603	0.015029291561759204	-0.007514645780879604	0.9924853542191205	-0.007514645780879603	0.007514645780879601	0.015029291561759202	-0.007514645780879603	-0.007514645780879603	-0.007514645780879602	0.007569293670287093	0.014974641331537943	-0.007514643440065836	-0.007514654318641181	-0.007514637243118016	0.002459643729958652
0.015029291561759204	0.0300585831235184	-0.015029291561759204	-0.015029291561759207	0.984970708438241	0.015029291561759197	0.0300585831235184	-0.015029291561759202	-0.0150292915617592	-0.0150292915617592	0.015138587340574182	0.029949282663075887	-0.015029286880131668	-0.015029308637282366	-0.015029274486236036	0.004919287459917303
-0.002504881926959868	-0.005009763853919734	0.0025048819269598674	0.0025048819269598683	0.002504881926959868	0.9974951180730399	-0.005009763853919734	0.0025048819269598665	0.002504881926959867	0.002504881926959867	-0.0025230978900956974	-0.004991547110512645	0.002504881146688611	0.002504884772880393	0.00250487908103934	-0.0008198812433195503
-0.010019527707839468	-0.020039055415678932	0.010019527707839468	0.01001952770783947	0.010019527707839468	-0.010019527707839464	0.9799609445843208	0.010019527707839468	0.010019527707839466	0.010019527707839464	-0.010092391560382788	-0.019966188442050576	0.010019524586754442	0.01001953909152157	0.010019516324157355	-0.0032795249732782018
0.0050097638539197365	0.01001952770783947	-0.005009763853919736	-0.005009763853919736	-0.0050097638539197365	0.005009763853919734	0.010019527707839466	0.9949902361460803	-0.005009763853919733	-0.005009763853919733	0.005046195780191395	0.00998309422102529	-0.005009762293377224	-0.005009769545760788	-0.005009758162078681	0.0016397624866391013
0.007514645780879602	0.015029291561759204	-0.0075146457808796035	-0.0075146457808796035	-0.007514645780879602	0.0075146457808796	0.015029291561759198	-0.0075146457808796035	0.9924853542191205	-0.007514645780879602	0.007569293670287093	0.01497464133153794	-0.007514643440065835	-0.00751465431864118	-0.007514637243118019	0.002459643729958652
0.015029291561759205	0.0300585831235184	-0.015029291561759204	-0.015029291561759207	-0.0150292915617592	0.015029291561759198	0.030058583123518393	-0.015029291561759205	-0.015029291561759204	0.9849707084382409	0.015138587340574184	0.02994928266307588	-0.01502928688013167	-0.01502930863728236	-0.015029274486236038	0.004919287459917305
-0.0024899935367141317	-0.004979987073428262	0.0024899935367141313	0.002489993536714132	0.002489993536714131	-0.0024899935367141304	-0.004979987073428261	0.0024899935367141313	0.0024899935367141313	0.002489993536714131	0.9539345126382017	0.038582878002581845	0.0025026222857878013	0.002489514458237703	0.0024904726151905583	-0.04756425773237062
-0.009083136146723068	-0.018166272293446133	0.009083136146723072	0.009083136146723073	0.009083136146723072	-0.009083136146723066	-0.01816627229344613	0.009083136146723072	0.009083136146723072	0.009083136146723072	0.09710861342906824	0.8756401827899853	0.00908493148750014	0.009082210733434667	0.009084061560011472	-0.0931808474390882
0.005009763750105555	0.010019527500211109	-0.005009763750105556	-0.005009763750105556	-0.005009763750105555	0.005009763750105554	0.010019527500211105	-0.005009763750105555	-0.005009763750105554	-0.005009763750105553	0.0050719009328422625	0.009981443843760296	0.9949661827236087	-0.005009769682730009	-0.005009757817481098	0.0016171485717799967
0.0075147156334039785	0.015029431266807955	-0.0075147156334039785	-0.00751471563340398	-0.007514715633403978	0.007514715633403978	0.015029431266807954	-0.007514715633403979	-0.0075147156334039785	-0.0075147156334039785	0.0075704411218407265	0.01497370318298623	-0.007514713038019002	0.9924764534606557	-0.007505884727463936	0.0024519504090111137
0.015029291286451626	0.030058582572903246	-0.015029291286451625	-0.01502929128645163	-0.015029291286451625	0.015029291286451623	0.030058582572903243	-0.015029291286451628	-0.015029291286451628	-0.015029291286451626	0.01514074194577626	0.02994712672277811	-0.015029286095651129	-0.015011663907503784	0.9849530813346007	0.004903846482539814
-0.007426047659060801	-0.014852095318121598	0.007426047659060801	0.007426047659060802	0.007426047659060801	-0.007426047659060801	-0.014852095318121603	0.007426047659060802	0.007426047659060801	0.007426047659060801	-0.26867985113053683	0.24647026459076718	0.007357491221648114	0.00744080908667864	0.007411286231442961	0.7170566182814887