0.9998213349683919	-0.00035733006321666985	0.00017866503160833495	0.000178665031608335	0.00017866503160833498	-0.00017866503160833493	-0.00035733006321666985	0.00017866503160833495	0.00017866503160833498	0.00017866503160833495	-0.00017871049202420645	-0.000357284590520646	0.0001786650193281825	0.00017866503332817287	0.0001786650298884971	-0.00008532874938358223
-0.0007146601264333399	0.9985706797471334	0.00071466012643334	0.0007146601264333402	0.00071466012643334	-0.0007146601264333398	-0.0014293202528666796	0.0007146601264333399	0.00071466012643334	0.0007146601264333398	-0.000714841968096826	-0.0014291383620825835	0.0007146600773127298	0.0007146601333126914	0.0007146601195539881	-0.00034131499753432885
0.00035733006321666996	0.0007146601264333399	0.9996426699367832	-0.00035733006321667007	-0.00035733006321667	0.00035733006321666996	0.0007146601264333399	-0.00035733006321667	-0.00035733006321667007	-0.00035733006321666996	0.0003574209840484128	0.000714569181041292	-0.000357330038656365	-0.0003573300666563457	-0.000357330059776994	0.00017065749876716437
0.0005359950948250051	0.00107199018965001	-0.0005359950948250051	0.9994640049051752	-0.0005359950948250051	0.000535995094825005	0.00107199018965001	-0.000535995094825005	-0.0005359950948250051	-0.0005359950948250052	0.0005361314760726195	0.0010718537715619378	-0.0005359950579845474	-0.0005359950999845187	-0.0005359950896654912	0.00025598624815074695
0.00107199018965001	0.0021439803793000195	-0.00107199018965001	-0.0010719901896500102	0.9989280098103502	0.0010719901896500098	0.00214398037930002	-0.0010719901896500102	-0.0010719901896500102	-0.0010719901896500104	0.001072262952145239	0.002143707543123876	-0.0010719901159690949	-0.0010719901999690373	-0.0010719901793309825	0.0005119724963014938
-0.00017866503160833495	-0.0003573300632166699	0.00017866503160833493	0.00017866503160833498	0.00017866503160833495	0.9998213349683915	-0.00035733006321666996	0.00017866503160833498	0.000178665031608335	0.00017866503160833498	-0.00017871049202420645	-0.00035728459052064587	0.0001786650193281825	0.00017866503332817287	0.00017866502988849706	-0.00008532874938358221
-0.0007146601264333399	-0.0014293202528666798	0.0007146601264333398	0.00071466012643334	0.0007146601264333399	-0.0007146601264333398	0.9985706797471334	0.0007146601264333399	0.00071466012643334	0.0007146601264333399	-0.000714841968096826	-0.0014291383620825837	0.0007146600773127299	0.0007146601333126915	0.0007146601195539882	-0.00034131499753432885
0.00035733006321667	0.00071466012643334	-0.00035733006321666996	-0.00035733006321667007	-0.00035733006321667	0.00035733006321666996	0.0007146601264333398	0.9996426699367837	-0.00035733006321667	-0.00035733006321666996	0.000357420984048413	0.0007145691810412922	-0.00035733003865636505	-0.0003573300666563458	-0.0003573300597769943	0.0001706574987671645
0.0005359950948250049	0.0010719901896500096	-0.0005359950948250049	-0.000535995094825005	-0.000535995094825005	0.0005359950948250049	0.0010719901896500098	-0.000535995094825005	0.9994640049051752	-0.0005359950948250052	0.0005361314760726194	0.0010718537715619378	-0.0005359950579845478	-0.0005359950999845187	-0.0005359950896654912	0.0002559862481507469
0.0010719901896500096	0.0021439803793000187	-0.0010719901896500096	-0.0010719901896500098	-0.0010719901896500098	0.0010719901896500096	0.002143980379300019	-0.0010719901896500098	-0.0010719901896500098	0.9989280098103502	0.0010722629521452388	0.0021437075431238756	-0.001071990115969095	-0.0010719901999690369	-0.0010719901793309822	0.0005119724963014938
-0.00017865201376176835	-0.0003573040275235367	0.00017865201376176832	0.00017865201376176837	0.00017865201376176837	-0.00017865201376176835	-0.0003573040275235367	0.00017865201376176837	0.00017865201376176835	0.00017865201376176837	0.9941921755106714	0.005270278592357313	0.0001802418694478453	0.00017864833826552597	0.00017865568925801067	-0.005779727693493947
-0.0007083497671865383	-0.0014166995343730764	0.0007083497671865382	0.0007083497671865383	0.0007083497671865382	-0.0007083497671865381	-0.0014166995343730762	0.0007083497671865381	0.0007083497671865382	0.0007083497671865382	0.010938555316116948	0.9869363333929773	0.0007084117565325524	0.0007083424500170166	0.0007083570843560601	-0.01165867464655867
0.0003573300631692647	0.0007146601263385294	-0.00035733006316926463	-0.00035733006316926474	-0.00035733006316926474	0.0003573300631692647	0.0007146601263385293	-0.0003573300631692647	-0.00035733006316926474	-0.00035733006316926474	0.00036060081036493123	0.0007145246332657704	0.999639534682708	-0.0003573300686162988	-0.00035733005772223075	0.00016756710753662213
0.0005359954340833254	0.0010719908681666509	-0.0005359954340833253	-0.0005359954340833254	-0.0005359954340833255	0.0005359954340833254	0.0010719908681666506	-0.0005359954340833255	-0.0005359954340833254	-0.0005359954340833255	0.0005361423477637675	0.0010718439147816257	-0.0005359953943787437	0.9994633739335023	-0.0005353648016690623	0.0002553664038051472
0.0010719901896277684	0.0021439803792555365	-0.001071990189627768	-0.0010719901896277682	-0.0010719901896277684	0.0010719901896277682	0.0021439803792555365	-0.0010719901896277682	-0.0010719901896277684	-0.0010719901896277684	0.0010722840168950036	0.0021436864725791626	-0.0010719901102186305	-0.0010707289470098247	0.9989267485677542	0.0005107324791897214
-0.0005359221770053391	-0.0010718443540106782	0.0005359221770053391	0.0005359221770053391	0.0005359221770053391	-0.000535922177005339	-0.0010718443540106782	0.0005359221770053391	0.0005359221770053391	0.0005359221770053391	-0.034292041283373625	0.03269354733485544	0.0005266495945075017	0.0005371613717819049	0.0005346829822287737	0.9655763236991834