0.998410155689538	-0.0031796886209243956	0.0015898443104621982	0.0015898443104621982	0.001589844310462198	-0.0015898443104621985	-0.003179688620924396	0.001589844310462198	0.0015898443104621985	0.001589844310462198	-0.0015997622600560295	-0.0031697688063658924	0.001589842445497524	0.0015898451505063117	0.001589843470418086	-0.0005921285848806135
-0.006359377241848792	0.9872812455163025	0.00635937724184879	0.006359377241848791	0.00635937724184879	-0.006359377241848793	-0.012718754483697584	0.006359377241848791	0.006359377241848793	0.006359377241848791	-0.006399049040224116	-0.012679075225463562	0.0063593697819900935	0.006359380602025245	0.006359373881672343	-0.0023685143395224535
0.0031796886209243965	0.006359377241848791	0.9968203113790753	-0.0031796886209243956	-0.003179688620924395	0.003179688620924396	0.006359377241848791	-0.0031796886209243956	-0.0031796886209243965	-0.003179688620924395	0.0031995245201120585	0.006339537612731782	-0.003179684890995047	-0.003179690301012622	-0.003179686940836173	0.0011842571697612265
0.004769532931386598	0.009539065862773193	-0.004769532931386597	0.9952304670686133	-0.004769532931386596	0.004769532931386597	0.009539065862773193	-0.004769532931386598	-0.004769532931386599	-0.004769532931386598	0.004799286780168087	0.009509306419097682	-0.004769527336492575	-0.004769535451518935	-0.004769530411254262	0.0017763857546418402
0.009539065862773196	0.019078131725546385	-0.009539065862773194	-0.009539065862773193	0.9904609341372265	0.009539065862773194	0.019078131725546385	-0.009539065862773194	-0.009539065862773194	-0.009539065862773193	0.009598573560336176	0.019018612838195358	-0.009539054672985145	-0.009539070903037867	-0.009539060822508522	0.003552771509283681
-0.0015898443104621987	-0.0031796886209243965	0.0015898443104621985	0.0015898443104621982	0.0015898443104621982	0.9984101556895381	-0.0031796886209243956	0.0015898443104621976	0.0015898443104621982	0.0015898443104621978	-0.0015997622600560295	-0.003169768806365892	0.0015898424454975236	0.0015898451505063113	0.001589843470418086	-0.0005921285848806132
-0.006359377241848795	-0.012718754483697586	0.006359377241848794	0.006359377241848793	0.006359377241848792	-0.006359377241848794	0.9872812455163027	0.006359377241848793	0.006359377241848795	0.006359377241848792	-0.006399049040224117	-0.012679075225463568	0.006359369781990094	0.006359380602025246	0.006359373881672344	-0.002368514339522453
0.003179688620924396	0.0063593772418487895	-0.0031796886209243956	-0.003179688620924395	-0.0031796886209243948	0.0031796886209243956	0.00635937724184879	0.9968203113790752	-0.0031796886209243965	-0.003179688620924395	0.0031995245201120585	0.006339537612731784	-0.0031796848909950467	-0.0031796903010126217	-0.0031796869408361704	0.0011842571697612265
0.004769532931386596	0.009539065862773187	-0.004769532931386595	-0.0047695329313865945	-0.004769532931386595	0.004769532931386597	0.00953906586277319	-0.004769532931386596	0.9952304670686137	-0.004769532931386595	0.004799286780168088	0.009509306419097679	-0.004769527336492575	-0.004769535451518934	-0.00476953041125426	0.0017763857546418405
0.00953906586277319	0.019078131725546375	-0.009539065862773189	-0.009539065862773187	-0.009539065862773189	0.009539065862773193	0.019078131725546378	-0.00953906586277319	-0.00953906586277319	0.9904609341372266	0.009598573560336176	0.019018612838195358	-0.009539054672985147	-0.009539070903037869	-0.00953906082250852	0.003552771509283681
-0.0015849940503981845	-0.0031699881007963685	0.0015849940503981845	0.0015849940503981843	0.0015849940503981843	-0.0015849940503981845	-0.0031699881007963685	0.0015849940503981847	0.0015849940503981847	0.0015849940503981845	0.9660593110574786	0.02917595721966615	0.0015947436220592802	0.0015847753455086057	0.0015852127552877632	-0.03501865226927889
-0.005953090626114742	-0.01190618125222948	0.005953090626114743	0.005953090626114741	0.005953090626114742	-0.005953090626114742	-0.011906181252229482	0.005953090626114742	0.005953090626114742	0.005953090626114742	0.07118739043149365	0.9109517396301645	0.005954688686112575	0.00595266497379059	0.005953516278438891	-0.06895266196602338
0.00317968854335646	0.00635937708671292	-0.00317968854335646	-0.0031796885433564596	-0.0031796885433564596	0.00317968854335646	0.006359377086712919	-0.0031796885433564596	-0.00317968854335646	-0.003179688543356459	0.0032191166803981538	0.006338301293640589	0.9968019591126744	-0.003179690335838964	-0.0031796867508739556	0.001167145969088869
0.004769560554764864	0.009539121109529725	-0.004769560554764864	-0.004769560554764863	-0.0047695605547648625	0.004769560554764864	0.009539121109529727	-0.004769560554764864	-0.004769560554764863	-0.0047695605547648625	0.0047998276465012505	0.009508848296011872	-0.004769554832983394	0.9952248313656128	-0.0047639524751424776	0.0017713214947288663
0.00953906579901644	0.01907813159803288	-0.009539065799016441	-0.00953906579901644	-0.009539065799016437	0.00953906579901644	0.019078131598032875	-0.009539065799016441	-0.009539065799016441	-0.009539065799016437	0.009599599838934662	0.01901758611457539	-0.009539054355477177	-0.009527859837157999	0.9904497282391252	0.0035426199337401194
-0.00474075284765219	-0.009481505695304376	0.004740752847652191	0.004740752847652189	0.004740752847652189	-0.00474075284765219	-0.009481505695304376	0.00474075284765219	0.00474075284765219	0.004740752847652188	-0.1987354873019932	0.18456486377361053	0.00468911783307821	0.004750649092683741	0.004730856602620636	0.7916526891234781