0.9995469394133579	-0.0009061211732836915	0.0004530605866418457	0.0004530605866418457	0.0004530605866418458	-0.0004530605866418458	-0.0009061211732836914	0.00045306058664184575	0.0004530605866418457	0.00045306058664184575	-0.0004536435141852072	-0.0009055380942975482	0.00045306043519906383	0.0004530606122303248	0.0004530605610533671	-0.00020364366367941813
-0.0018122423465673832	0.9963755153068655	0.001812242346567383	0.0018122423465673828	0.0018122423465673837	-0.0018122423465673837	-0.0036244846931347665	0.0018122423465673837	0.0018122423465673832	0.0018122423465673837	-0.0018145740567408293	-0.0036221523771901945	0.001812241740796256	0.0018122424489212994	0.0018122422442134686	-0.0008145746547176731
0.0009061211732836916	0.0018122423465673832	0.9990938788267164	-0.0009061211732836914	-0.0009061211732836917	0.0009061211732836917	0.0018122423465673832	-0.0009061211732836919	-0.0009061211732836917	-0.0009061211732836918	0.0009072870283704143	0.0018110761885950972	-0.0009061208703981279	-0.0009061212244606497	-0.0009061211221067344	0.00040728732735883643
0.001359181759925537	0.0027183635198510746	-0.0013591817599255373	0.9986408182400742	-0.0013591817599255367	0.0013591817599255367	0.0027183635198510738	-0.0013591817599255369	-0.0013591817599255369	-0.0013591817599255369	0.0013609305425556215	0.0027166142828926455	-0.001359181305597192	-0.0013591818366909742	-0.0013591816831601	0.0006109309910382543
0.002718363519851074	0.005436727039702149	-0.0027183635198510746	-0.0027183635198510738	0.997281636480149	0.002718363519851074	0.005436727039702148	-0.002718363519851074	-0.0027183635198510738	-0.0027183635198510738	0.0027218610851112435	0.005433228565785288	-0.002718362611194385	-0.0027183636733819493	-0.002718363366320202	0.0012218619820765085
-0.0004530605866418458	-0.0009061211732836916	0.00045306058664184586	0.00045306058664184575	0.00045306058664184597	0.9995469394133584	-0.0009061211732836919	0.0004530605866418461	0.00045306058664184597	0.000453060586641846	-0.00045364351418520726	-0.0009055380942975485	0.00045306043519906404	0.00045306061223032495	0.0004530605610533672	-0.00020364366367941813
-0.0018122423465673834	-0.003624484693134767	0.0018122423465673837	0.0018122423465673832	0.0018122423465673839	-0.0018122423465673837	0.9963755153068656	0.0018122423465673834	0.0018122423465673834	0.0018122423465673837	-0.0018145740567408284	-0.0036221523771901936	0.0018122417407962557	0.0018122424489212992	0.0018122422442134682	-0.0008145746547176725
0.0009061211732836915	0.0018122423465673832	-0.0009061211732836917	-0.0009061211732836914	-0.0009061211732836918	0.0009061211732836917	0.0018122423465673834	0.9990938788267166	-0.0009061211732836916	-0.0009061211732836916	0.0009072870283704144	0.0018110761885950972	-0.0009061208703981279	-0.0009061212244606496	-0.0009061211221067341	0.0004072873273588363
0.0013591817599255369	0.002718363519851074	-0.001359181759925537	-0.0013591817599255367	-0.001359181759925537	0.0013591817599255369	0.002718363519851074	-0.0013591817599255373	0.9986408182400746	-0.0013591817599255375	0.0013609305425556213	0.002716614282892645	-0.0013591813055971922	-0.0013591818366909744	-0.0013591816831601009	0.0006109309910382543
0.002718363519851074	0.005436727039702149	-0.0027183635198510746	-0.0027183635198510738	-0.0027183635198510746	0.002718363519851074	0.005436727039702149	-0.002718363519851075	-0.002718363519851075	0.997281636480149	0.002721861085111242	0.00543322856578529	-0.002718362611194384	-0.0027183636733819493	-0.0027183633663202017	0.0012218619820765087
-0.00045288254828946336	-0.0009057650965789267	0.00045288254828946346	0.00045288254828946336	0.0004528825482894635	-0.00045288254828946346	-0.0009057650965789268	0.0004528825482894634	0.00045288254828946336	0.0004528825482894636	0.9867974138034789	0.011840237320856093	0.0004565837790859491	0.0004528604808730858	0.00045290461570584114	-0.013297030828658987
-0.0017737592098543288	-0.0035475184197086575	0.001773759209854329	0.0017737592098543288	0.0017737592098543294	-0.0017737592098543288	-0.003547518419708657	0.0017737592098543285	0.0017737592098543285	0.001773759209854329	0.025782655717117034	0.9688957494284095	0.0017740764347648115	0.0017737155357913583	0.0017738028839173008	-0.026632157093250793
0.0009061211717297598	0.0018122423434595199	-0.0009061211717297599	-0.0009061211717297597	-0.0009061211717297602	0.0009061211717297599	0.0018122423434595199	-0.0009061211717297599	-0.0009061211717297599	-0.0009061211717297603	0.0009146912766773664	0.0018108462384492873	0.9990867048283333	-0.000906121234773049	-0.0009061211086864715	0.0004003469456044142
0.0013591839533105261	0.0027183679066210523	-0.0013591839533105261	-0.001359183953310526	-0.0013591839533105261	0.0013591839533105261	0.0027183679066210523	-0.0013591839533105261	-0.001359183953310526	-0.0013591839533105264	0.0013609924082195613	0.0027165589815124126	-0.0013591834831109234	0.9986392171077149	-0.0013575850143355854	0.0006093938805782873
0.0027183635190785906	0.005436727038157182	-0.002718363519078591	-0.0027183635190785906	-0.002718363519078591	0.002718363519078591	0.005436727038157182	-0.002718363519078591	-0.002718363519078591	-0.0027183635190785914	0.0027219804260733282	0.005433109190763966	-0.002718362578680113	-0.002715165958144441	0.9972784389199876	0.0012187857177255073
-0.0013581448479372627	-0.0027162896958745257	0.0013581448479372629	0.0013581448479372627	0.0013581448479372629	-0.0013581448479372627	-0.0027162896958745257	0.0013581448479372629	0.0013581448479372629	0.001358144847937263	-0.07781172831885691	0.07375813215741883	0.0013373064655635414	0.0013612100808127099	0.0013550796150618167	0.9208253744911931