0.9995343003088494	-0.0009313993823019912	0.0004656996911509956	0.0004656996911509956	0.0004656996911509957	-0.0004656996911509956	-0.000931399382301991	0.00046569969115099557	0.0004656996911509957	0.0004656996911509956	-0.0004663259739063356	-0.0009307729371591164	0.00046569952876346094	0.00046569971883271885	0.0004656996634692724	-0.00020878791109047465
-0.0018627987646039823	0.9962744024707921	0.001862798764603982	0.001862798764603982	0.001862798764603983	-0.0018627987646039823	-0.003725597529207964	0.001862798764603982	0.0018627987646039827	0.001862798764603983	-0.0018653038956253426	-0.003723091748636467	0.0018627981150538433	0.0018627988753308756	0.0018627986538770891	-0.0008351516443618983
0.0009313993823019911	0.001862798764603982	0.9990686006176983	-0.000931399382301991	-0.0009313993823019912	0.000931399382301991	0.0018627987646039818	-0.000931399382301991	-0.0009313993823019912	-0.0009313993823019912	0.0009326519478126711	0.0018615458743182329	-0.0009313990575269217	-0.0009313994376654377	-0.0009313993269385445	0.0004175758221809492
0.001397099073452987	0.002794198146905974	-0.0013970990734529867	0.9986029009265467	-0.0013970990734529867	0.0013970990734529867	0.002794198146905974	-0.001397099073452987	-0.0013970990734529871	-0.001397099073452987	0.0013989779217190063	0.0027923188114773495	-0.0013970985862903828	-0.0013970991564981566	-0.0013970989904078168	0.0006263637332714243
0.0027941981469059747	0.005588396293811949	-0.0027941981469059743	-0.0027941981469059747	0.997205801853094	0.0027941981469059734	0.005588396293811948	-0.002794198146905974	-0.0027941981469059743	-0.002794198146905974	0.002797955843438012	0.005584637622954702	-0.0027941971725807657	-0.0027941983129963154	-0.002794197980815634	0.0012527274665428483
-0.0004656996911509955	-0.0009313993823019909	0.00046569969115099546	0.00046569969115099546	0.00046569969115099557	0.9995343003088488	-0.0009313993823019911	0.00046569969115099557	0.0004656996911509957	0.0004656996911509956	-0.00046632597390633564	-0.0009307729371591167	0.0004656995287634609	0.00046569971883271885	0.00046569966346927233	-0.00020878791109047462
-0.0018627987646039825	-0.0037255975292079645	0.0018627987646039825	0.0018627987646039825	0.0018627987646039827	-0.0018627987646039827	0.9962744024707916	0.001862798764603982	0.0018627987646039825	0.0018627987646039825	-0.0018653038956253426	-0.0037230917486364657	0.0018627981150538431	0.0018627988753308752	0.001862798653877089	-0.0008351516443618985
0.0009313993823019912	0.0018627987646039823	-0.0009313993823019912	-0.0009313993823019912	-0.0009313993823019914	0.0009313993823019914	0.0018627987646039823	0.999068600617698	-0.0009313993823019912	-0.0009313993823019912	0.0009326519478126712	0.0018615458743182335	-0.0009313990575269217	-0.0009313994376654376	-0.0009313993269385446	0.00041757582218094914
0.001397099073452986	0.002794198146905972	-0.0013970990734529858	-0.0013970990734529863	-0.001397099073452986	0.001397099073452986	0.0027941981469059717	-0.0013970990734529858	0.998602900926547	-0.0013970990734529863	0.0013989779217190063	0.00279231881147735	-0.0013970985862903826	-0.0013970991564981568	-0.001397098990407817	0.0006263637332714242
0.002794198146905973	0.005588396293811946	-0.0027941981469059725	-0.0027941981469059734	-0.002794198146905973	0.002794198146905973	0.005588396293811945	-0.002794198146905973	-0.0027941981469059734	0.997205801853094	0.0027979558434380125	0.0055846376229547	-0.0027941971725807657	-0.0027941983129963132	-0.0027941979808156344	0.0012527274665428483
-0.0004655076197117571	-0.0009310152394235139	0.00046550761971175694	0.0004655076197117571	0.00046550761971175716	-0.00046550761971175716	-0.0009310152394235139	0.0004655076197117571	0.00046550761971175716	0.0004655076197117571	0.9864916538613703	0.012108032871633728	0.0004692980275721147	0.0004654843729065899	0.0004655308665169245	-0.0136115555152389
-0.0018222299792464334	-0.003644459958492867	0.0018222299792464336	0.0018222299792464336	0.0018222299792464338	-0.001822229979246434	-0.0036444599584928676	0.0018222299792464338	0.0018222299792464338	0.0018222299792464338	0.026417874261581053	0.968115104047968	0.0018225617319579152	0.001822183982544424	0.001822275975948442	-0.027254107092237065
0.0009313993805863409	0.0018627987611726817	-0.0009313993805863409	-0.0009313993805863409	-0.000931399380586341	0.000931399380586341	0.0018627987611726817	-0.0009313993805863409	-0.0009313993805863412	-0.0009313993805863412	0.0009402346992381974	0.0018613052954406914	0.9990612587664941	-0.0009313994484420688	-0.0009313993127306134	0.00041047846676453385
0.0013971013914993841	0.0027942027829987682	-0.0013971013914993841	-0.0013971013914993845	-0.0013971013914993845	0.0013971013914993845	0.002794202782998769	-0.0013971013914993848	-0.001397101391499385	-0.0013971013914993848	0.0013990429515896062	0.00279226071908221	-0.0013971008876730452	0.9986012550735034	-0.0013954578565022729	0.0006247852065306158
0.0027941981460503093	0.005588396292100619	-0.0027941981460503093	-0.0027941981460503106	-0.0027941981460503098	0.0027941981460503098	0.0055883962921006195	-0.0027941981460503106	-0.002794198146050311	-0.0027941981460503106	0.0027980812631191124	0.005584512167379937	-0.0027941971383984286	-0.0027909114187468415	0.997202515126646	0.0012495682569179066
-0.0013959796459553965	-0.002791959291910794	0.0013959796459553967	0.001395979645955397	0.001395979645955397	-0.001395979645955397	-0.002791959291910794	0.001395979645955397	0.0013959796459553973	0.0013959796459553971	-0.07960724168405399	0.07544061330047157	0.0013746690916715868	0.001399126975121645	0.001392832316789149	0.9189535623285398