0.9977545273860219	-0.004490945227955312	0.0022454726139776553	0.0022454726139776557	0.002245472613977656	-0.0022454726139776557	-0.004490945227955313	0.0022454726139776553	0.0022454726139776566	0.002245472613977656	-0.002261797904690696	-0.00447461833819062	0.002245471014926005	0.002245474738552365	0.0022454704894029494	-0.0007624307574858767
-0.008981890455910621	0.9820362190881788	0.008981890455910621	0.008981890455910621	0.008981890455910625	-0.008981890455910623	-0.017963780911821253	0.00898189045591062	0.008981890455910625	0.008981890455910623	-0.009047191618762785	-0.017898473352762494	0.008981884059704022	0.00898189895420946	0.008981881957611794	-0.0030497230299435067
0.004490945227955313	0.008981890455910625	0.9955090547720447	-0.0044909452279553105	-0.004490945227955312	0.004490945227955311	0.008981890455910626	-0.0044909452279553105	-0.004490945227955313	-0.004490945227955312	0.004523595809381393	0.008949236676381245	-0.004490942029852013	-0.0044909494771047335	-0.004490940978805896	0.0015248615149717534
0.006736417841932966	0.013472835683865932	-0.006736417841932967	0.9932635821580665	-0.0067364178419329675	0.0067364178419329675	0.013472835683865937	-0.006736417841932966	-0.006736417841932967	-0.006736417841932967	0.006785393714072091	0.013423855014571868	-0.006736413044778022	-0.006736424215657098	-0.006736411468208843	0.00228729227245763
0.013472835683865939	0.02694567136773188	-0.01347283568386594	-0.013472835683865937	0.9865271643161344	0.013472835683865942	0.026945671367731888	-0.01347283568386594	-0.013472835683865939	-0.01347283568386594	0.013570787428144186	0.026847710029143747	-0.013472826089556049	-0.013472848431314199	-0.013472822936417694	0.004574584544915261
-0.002245472613977657	-0.004490945227955313	0.002245472613977657	0.0022454726139776557	0.002245472613977657	0.9977545273860221	-0.004490945227955312	0.002245472613977655	0.002245472613977656	0.0022454726139776557	-0.002261797904690696	-0.004474618338190622	0.002245471014926007	0.002245474738552366	0.002245470489402948	-0.0007624307574858767
-0.008981890455910621	-0.017963780911821242	0.008981890455910621	0.00898189045591062	0.008981890455910621	-0.00898189045591062	0.9820362190881791	0.008981890455910621	0.008981890455910625	0.008981890455910623	-0.009047191618762784	-0.017898473352762487	0.008981884059704025	0.00898189895420946	0.008981881957611793	-0.003049723029943506
0.004490945227955313	0.008981890455910625	-0.004490945227955313	-0.0044909452279553105	-0.004490945227955313	0.004490945227955312	0.008981890455910625	0.9955090547720447	-0.004490945227955312	-0.004490945227955312	0.004523595809381393	0.008949236676381244	-0.004490942029852014	-0.004490949477104732	-0.004490940978805896	0.0015248615149717531
0.006736417841932968	0.013472835683865939	-0.006736417841932968	-0.0067364178419329675	-0.006736417841932968	0.006736417841932967	0.013472835683865935	-0.006736417841932966	0.9932635821580673	-0.0067364178419329675	0.006785393714072091	0.013423855014571868	-0.006736413044778024	-0.006736424215657097	-0.006736411468208845	0.00228729227245763
0.013472835683865939	0.02694567136773188	-0.01347283568386594	-0.013472835683865937	-0.013472835683865939	0.013472835683865937	0.026945671367731874	-0.013472835683865933	-0.013472835683865935	0.9865271643161341	0.01357078742814418	0.026847710029143733	-0.013472826089556047	-0.013472848431314195	-0.01347282293641769	0.004574584544915261
-0.002234094576788277	-0.004468189153576554	0.002234094576788277	0.0022340945767882767	0.002234094576788278	-0.002234094576788277	-0.004468189153576555	0.0022340945767882776	0.0022340945767882776	0.0022340945767882767	0.9571883344158159	0.03609743475920441	0.002246041671403146	0.0022336969899252293	0.0022344921636513245	-0.04423825756903764
-0.0082159423042457	-0.0164318846084914	0.0082159423042457	0.008215942304245697	0.0082159423042457	-0.008215942304245698	-0.016431884608491393	0.008215942304245698	0.008215942304245697	0.008215942304245695	0.09034831921934068	0.8850020158492924	0.008217780322875226	0.008215172951809152	0.00821671165668225	-0.08675342475437992
0.004490945107380639	0.008981890214761278	-0.00449094510738064	-0.004490945107380639	-0.0044909451073806405	0.00449094510738064	0.00898189021476128	-0.00449094510738064	-0.00449094510738064	-0.004490945107380639	0.004547797061956683	0.008947660438954516	0.9954864327138498	-0.004490949557430686	-0.004490940657330594	0.0015037008483922336
0.006736473679940722	0.013472947359881448	-0.006736473679940722	-0.0067364736799407215	-0.006736473679940723	0.006736473679940722	0.013472947359881447	-0.006736473679940722	-0.006736473679940722	-0.0067364736799407215	0.006786350612908221	0.013423065414373162	-0.006736468667399944	0.9932556084750317	-0.006728555834912834	0.002280327934153943
0.013472835489711604	0.02694567097942321	-0.013472835489711604	-0.013472835489711604	-0.013472835489711607	0.013472835489711607	0.02694567097942321	-0.013472835489711604	-0.013472835489711604	-0.013472835489711602	0.013572589072528955	0.026845907371529292	-0.013472825464635043	-0.013457025522820904	0.9865113545433982	0.004560611568938597
-0.006668750115731968	-0.013337500231463939	0.006668750115731968	0.006668750115731968	0.0066687501157319685	-0.0066687501157319685	-0.013337500231463937	0.006668750115731968	0.0066687501157319685	0.0066687501157319685	-0.24994953333035172	0.23000734906899648	0.006604684029891533	0.0066821809200290645	0.006655319311434873	0.7368417626300421