0.9997148381284409	-0.0005703237431181487	0.00028516187155907445	0.0002851618715590744	0.0002851618715590744	-0.00028516187155907434	-0.0005703237431181487	0.0002851618715590744	0.00028516187155907434	0.0002851618715590744	-0.00028533000624552193	-0.0005701555636643947	0.0002851618267917673	0.0002851618782967583	0.0002851618648213905	-0.00013286089186088435
-0.001140647486236298	0.9977187050275271	0.0011406474862362982	0.001140647486236298	0.001140647486236298	-0.001140647486236298	-0.0022812949724725956	0.0011406474862362978	0.0011406474862362976	0.0011406474862362978	-0.0011413200249820873	-0.0022806222546575797	0.0011406473071670698	0.0011406475131870326	0.0011406474592855621	-0.0005314435674435376
0.0005703237431181491	0.001140647486236298	0.9994296762568815	-0.0005703237431181488	-0.0005703237431181488	0.0005703237431181488	0.0011406474862362976	-0.0005703237431181489	-0.0005703237431181488	-0.000570323743118149	0.000570660012491044	0.0011403111273287888	-0.0005703236535835351	-0.0005703237565935164	-0.0005703237296427808	0.00026572178372176876
0.0008554856146772237	0.0017109712293544473	-0.0008554856146772237	0.9991445143853227	-0.0008554856146772236	0.0008554856146772237	0.0017109712293544473	-0.0008554856146772236	-0.0008554856146772236	-0.0008554856146772237	0.000855990018736566	0.0017104666909931834	-0.0008554854803753029	-0.000855485634890275	-0.0008554855944641718	0.0003985826755826531
0.0017109712293544475	0.0034219424587088945	-0.0017109712293544475	-0.0017109712293544475	0.9982890287706452	0.0017109712293544473	0.0034219424587088945	-0.0017109712293544473	-0.0017109712293544473	-0.0017109712293544475	0.0017119800374731317	0.003420933381986366	-0.0017109709607506056	-0.0017109712697805503	-0.0017109711889283436	0.0007971653511653063
-0.00028516187155907467	-0.0005703237431181492	0.0002851618715590746	0.0002851618715590746	0.00028516187155907467	0.9997148381284406	-0.0005703237431181487	0.0002851618715590744	0.00028516187155907434	0.0002851618715590744	-0.000285330006245522	-0.0005701555636643945	0.0002851618267917674	0.0002851618782967582	0.0002851618648213904	-0.00013286089186088435
-0.0011406474862362987	-0.002281294972472597	0.0011406474862362985	0.0011406474862362985	0.0011406474862362987	-0.0011406474862362982	0.9977187050275272	0.001140647486236298	0.0011406474862362978	0.0011406474862362982	-0.0011413200249820877	-0.0022806222546575784	0.0011406473071670696	0.0011406475131870337	0.0011406474592855621	-0.0005314435674435375
0.0005703237431181492	0.0011406474862362982	-0.0005703237431181491	-0.0005703237431181491	-0.0005703237431181492	0.000570323743118149	0.001140647486236298	0.9994296762568816	-0.0005703237431181488	-0.0005703237431181489	0.0005706600124910438	0.001140311127328789	-0.0005703236535835349	-0.0005703237565935165	-0.0005703237296427808	0.00026572178372176876
0.0008554856146772236	0.001710971229354447	-0.0008554856146772236	-0.0008554856146772236	-0.0008554856146772236	0.0008554856146772236	0.0017109712293544475	-0.0008554856146772237	0.9991445143853227	-0.0008554856146772235	0.0008559900187365661	0.0017104666909931834	-0.0008554854803753027	-0.0008554856348902749	-0.0008554855944641717	0.00039858267558265316
0.0017109712293544473	0.003421942458708894	-0.0017109712293544473	-0.0017109712293544473	-0.0017109712293544473	0.0017109712293544473	0.003421942458708895	-0.0017109712293544475	-0.0017109712293544473	0.9982890287706455	0.001711980037473132	0.0034209333819863676	-0.0017109709607506056	-0.00171097126978055	-0.0017109711889283436	0.0007971653511653063
-0.000285112947152661	-0.0005702258943053219	0.00028511294715266095	0.000285112947152661	0.000285112947152661	-0.000285112947152661	-0.000570225894305322	0.00028511294715266095	0.00028511294715266095	0.000285112947152661	0.9911344465051395	0.008007762991460415	0.0002875646090947123	0.0002851038393499732	0.0002851220549553484	-0.008866835272384547
-0.0011249149945483476	-0.002249829989096695	0.0011249149945483476	0.0011249149945483476	0.0011249149945483478	-0.0011249149945483476	-0.0022498299890966952	0.0011249149945483476	0.0011249149945483474	0.0011249149945483478	0.016953213131747486	0.9796718975797712	0.0011250592993840727	0.001124896906018465	0.0011249330830782297	-0.017833459703804472
0.0005703237428362952	0.0011406474856725903	-0.0005703237428362952	-0.0005703237428362952	-0.0005703237428362953	0.0005703237428362952	0.00114064748567259	-0.000570323742836295	-0.000570323742836295	-0.0005703237428362952	0.0005755638012287014	0.001140207074938397	0.9994248766095052	-0.0005703237612545369	-0.0005703237244180531	0.00026102731763521316
0.0008554864807394855	0.0017109729614789705	-0.0008554864807394854	-0.0008554864807394854	-0.0008554864807394854	0.0008554864807394854	0.001710972961478971	-0.0008554864807394852	-0.0008554864807394854	-0.0008554864807394854	0.0008560163646225164	0.001710442936426898	-0.0008554863395704449	0.9991435070436282	-0.0008544800051074573	0.0003976024233757445
0.0017109712292196837	0.003421942458439367	-0.001710971229219684	-0.0017109712292196837	-0.0017109712292196837	0.0017109712292196837	0.003421942458439368	-0.0017109712292196837	-0.001710971229219684	-0.0017109712292196844	0.0017120309964552243	0.003420882408865885	-0.0017109709468817436	-0.0017089583627881767	0.9982870159043485	0.0007952040215391901
-0.0008552049503329122	-0.0017104099006658242	0.0008552049503329122	0.0008552049503329122	0.0008552049503329122	-0.0008552049503329122	-0.0017104099006658247	0.0008552049503329121	0.0008552049503329121	0.0008552049503329123	-0.052308619116061585	0.04975709276970154	0.0008411164456942202	0.0008571631900718482	0.0008532467105939759	0.9471954772633998