0.9992886948045858	-0.001422610390829549	0.0007113051954147744	0.0007113051954147745	0.0007113051954147747	-0.0007113051954147745	-0.001422610390829549	0.0007113051954147747	0.0007113051954147745	0.0007113051954147748	-0.0007131201793627067	-0.0014207949557242172	0.0007113047442573754	0.0007113052872496279	0.0007113051035799215	-0.00030430846276866235
-0.002845220781659099	0.9943095584366818	0.002845220781659098	0.002845220781659098	0.0028452207816590984	-0.002845220781659098	-0.005690441563318196	0.0028452207816590984	0.002845220781659098	0.0028452207816590984	-0.002852480717450828	-0.005683179822896867	0.002845218977029501	0.002845221148998512	0.0028452204143196856	-0.0012172338510746494
0.0014226103908295494	0.0028452207816590984	0.9985773896091701	-0.0014226103908295483	-0.0014226103908295488	0.0014226103908295483	0.0028452207816590967	-0.0014226103908295488	-0.0014226103908295486	-0.0014226103908295492	0.0014262403587254138	0.002841589911448432	-0.0014226094885147502	-0.0014226105744992556	-0.0014226102071598422	0.0006086169255373243
0.0021339155862443227	0.0042678311724886455	-0.0021339155862443223	0.9978660844137557	-0.0021339155862443223	0.0021339155862443223	0.004267831172488644	-0.0021339155862443227	-0.0021339155862443227	-0.002133915586244323	0.002139360538088121	0.004262384867172651	-0.002133914232772125	-0.0021339158617488833	-0.002133915310739764	0.0009129253883059874
0.004267831172488647	0.008535662344977293	-0.0042678311724886455	-0.004267831172488647	0.9957321688275114	0.004267831172488646	0.008535662344977291	-0.004267831172488646	-0.0042678311724886455	-0.004267831172488648	0.004278721076176242	0.008524769734345301	-0.00426782846554425	-0.0042678317234977675	-0.004267830621479527	0.0018258507766119746
-0.0007113051954147744	-0.0014226103908295488	0.0007113051954147742	0.0007113051954147743	0.0007113051954147744	0.999288694804585	-0.0014226103908295486	0.0007113051954147745	0.0007113051954147743	0.0007113051954147746	-0.0007131201793627068	-0.0014207949557242167	0.0007113047442573753	0.0007113052872496278	0.0007113051035799214	-0.00030430846276866225
-0.0028452207816590993	-0.005690441563318199	0.0028452207816590984	0.002845220781659099	0.0028452207816590993	-0.002845220781659098	0.9943095584366819	0.002845220781659099	0.0028452207816590984	0.0028452207816590993	-0.002852480717450828	-0.005683179822896867	0.0028452189770295008	0.0028452211489985112	0.002845220414319687	-0.0012172338510746492
0.001422610390829549	0.002845220781659098	-0.0014226103908295486	-0.0014226103908295488	-0.001422610390829549	0.0014226103908295483	0.0028452207816590976	0.9985773896091705	-0.0014226103908295483	-0.0014226103908295486	0.0014262403587254136	0.0028415899114484318	-0.0014226094885147504	-0.0014226105744992556	-0.001422610207159843	0.0006086169255373245
0.0021339155862443227	0.0042678311724886455	-0.0021339155862443223	-0.0021339155862443227	-0.0021339155862443227	0.0021339155862443223	0.0042678311724886455	-0.0021339155862443227	0.9978660844137556	-0.0021339155862443227	0.0021393605380881204	0.004262384867172651	-0.002133914232772125	-0.002133915861748883	-0.002133915310739763	0.0009129253883059871
0.004267831172488647	0.008535662344977293	-0.0042678311724886455	-0.004267831172488647	-0.004267831172488647	0.0042678311724886455	0.008535662344977293	-0.004267831172488647	-0.004267831172488647	0.9957321688275115	0.004278721076176241	0.008524769734345301	-0.004267828465544249	-0.004267831723497766	-0.004267830621479524	0.0018258507766119741
-0.000710697943579336	-0.001421395887158672	0.000710697943579336	0.000710697943579336	0.000710697943579336	-0.000710697943579336	-0.001421395887158672	0.000710697943579336	0.000710697943579336	0.000710697943579336	0.9810205987440425	0.016841903352776837	0.0007161020160219246	0.0007106465949349207	0.0007107492922237515	-0.019283535672649323
-0.0027543668481546353	-0.005508733696309271	0.0027543668481546345	0.0027543668481546345	0.002754366848154635	-0.0027543668481546345	-0.005508733696309269	0.0027543668481546345	0.0027543668481546345	0.0027543668481546353	0.038040797168772796	0.9536954661009545	0.0027550030339634117	0.0027542657080317032	0.0027544679882775683	-0.03841235936850498
0.0014226103833247924	0.0028452207666495844	-0.0014226103833247918	-0.001422610383324792	-0.0014226103833247922	0.0014226103833247918	0.002845220766649584	-0.001422610383324792	-0.001422610383324792	-0.0014226103833247922	0.0014370552999903767	0.0028411246153168244	0.9985670408513427	-0.0014226105942593775	-0.001422610172390207	0.0005987433753157798
0.00213392102022583	0.004267842040451659	-0.0021339210202258293	-0.00213392102022583	-0.0021339210202258306	0.00213392102022583	0.00426784204045166	-0.0021339210202258306	-0.002133921020225831	-0.0021339210202258314	0.0021394988001024774	0.004262262872428888	-0.0021339196320797047	0.9978635689377793	-0.0021314109782300094	0.0009105541462737604
0.004267831168467028	0.008535662336934055	-0.004267831168467027	-0.004267831168467028	-0.004267831168467029	0.004267831168467028	0.008535662336934055	-0.004267831168467028	-0.004267831168467029	-0.004267831168467029	0.004278986714903431	0.008524504014208656	-0.0042678283921780275	-0.004262812210715709	0.9957271498737815	0.0018211033800489245
-0.0021303454103203004	-0.004260690820640601	0.0021303454103203	0.002130345410320301	0.002130345410320301	-0.0021303454103203	-0.0042606908206406	0.002130345410320301	0.0021303454103203004	0.002130345410320301	-0.1116753142593944	0.10531395103031152	0.0021006724084422367	0.002135056550617827	0.0021256342700227745	0.8852063594738957