0.9984246305987178	-0.0031507388025653906	0.001575369401282695	0.0015753694012826955	0.001575369401282695	-0.001575369401282696	-0.00315073880256539	0.001575369401282695	0.001575369401282695	0.001575369401282695	-0.0015851326454582402	-0.0031409737086291528	0.0015753675515220022	0.0015753702208149186	0.0015753685817504733	-0.0005879615479161759
-0.0063014776051307795	0.9873970447897384	0.00630147760513078	0.006301477605130781	0.00630147760513078	-0.006301477605130783	-0.012602955210261562	0.0063014776051307795	0.0063014776051307795	0.0063014776051307795	-0.006340530581832959	-0.012563894834516604	0.0063014702060880095	0.0063014808832596745	0.006301474327001891	-0.002351846191664703
0.0031507388025653897	0.0063014776051307795	0.996849261197435	-0.003150738802565391	-0.0031507388025653906	0.0031507388025653923	0.006301477605130782	-0.003150738802565391	-0.0031507388025653906	-0.003150738802565391	0.00317026529091648	0.006281947417258304	-0.0031507351030440047	-0.0031507404416298373	-0.0031507371635009457	0.0011759230958323518
0.0047261082038480865	0.00945221640769617	-0.004726108203848086	0.9952738917961519	-0.004726108203848086	0.004726108203848088	0.009452216407696171	-0.004726108203848085	-0.004726108203848085	-0.004726108203848086	0.004755397936374717	0.009422921125887461	-0.0047261026545660076	-0.004726110662444755	-0.00472610574525142	0.0017638846437485272
0.009452216407696171	0.01890443281539234	-0.00945221640769617	-0.00945221640769617	0.9905477835923038	0.009452216407696175	0.018904432815392343	-0.00945221640769617	-0.009452216407696168	-0.00945221640769617	0.009510795872749438	0.01884584225177491	-0.009452205309132017	-0.009452221324889508	-0.009452211490502837	0.0035277692874970557
-0.0015753694012826953	-0.0031507388025653906	0.0015753694012826953	0.0015753694012826957	0.001575369401282695	0.9984246305987181	-0.003150738802565391	0.0015753694012826955	0.0015753694012826953	0.0015753694012826955	-0.00158513264545824	-0.0031409737086291536	0.0015753675515220024	0.001575370220814919	0.0015753685817504728	-0.0005879615479161761
-0.006301477605130781	-0.012602955210261562	0.006301477605130781	0.006301477605130783	0.00630147760513078	-0.006301477605130783	0.9873970447897386	0.0063014776051307855	0.006301477605130785	0.0063014776051307855	-0.006340530581832961	-0.012563894834516611	0.00630147020608801	0.0063014808832596745	0.006301474327001893	-0.002351846191664704
0.0031507388025653906	0.006301477605130781	-0.0031507388025653906	-0.0031507388025653915	-0.00315073880256539	0.0031507388025653915	0.006301477605130782	0.9968492611974349	-0.003150738802565391	-0.0031507388025653915	0.00317026529091648	0.006281947417258306	-0.0031507351030440043	-0.003150740441629837	-0.0031507371635009457	0.0011759230958323515
0.004726108203848088	0.009452216407696173	-0.004726108203848087	-0.004726108203848087	-0.0047261082038480865	0.004726108203848088	0.009452216407696171	-0.0047261082038480865	0.9952738917961517	-0.004726108203848086	0.004755397936374719	0.009422921125887457	-0.004726102654566007	-0.004726110662444755	-0.004726105745251418	0.0017638846437485274
0.009452216407696175	0.018904432815392343	-0.009452216407696173	-0.009452216407696173	-0.009452216407696171	0.009452216407696175	0.01890443281539234	-0.009452216407696171	-0.009452216407696173	0.9905477835923039	0.009510795872749438	0.01884584225177491	-0.009452205309132015	-0.009452221324889508	-0.009452211490502837	0.003527769287497053
-0.0015706285201782203	-0.00314125704035644	0.00157062852017822	0.0015706285201782205	0.0015706285201782203	-0.0015706285201782205	-0.003141257040356441	0.0015706285201782203	0.00157062852017822	0.0015706285201782203	0.9662698941046328	0.02900852797604168	0.0015803208789691861	0.0015704132926800214	0.0015708437476764196	-0.03479759632603516
-0.005901970978448554	-0.011803941956897105	0.005901970978448553	0.005901970978448554	0.005901970978448552	-0.005901970978448554	-0.011803941956897103	0.005901970978448553	0.005901970978448553	0.005901970978448553	0.07072177921160579	0.9115707205404341	0.005903558291063164	0.005901552029885835	0.005902389927011272	-0.06852584983777661
0.0031507387265240893	0.006301477453048179	-0.0031507387265240893	-0.0031507387265240893	-0.0031507387265240884	0.0031507387265240897	0.006301477453048179	-0.003150738726524089	-0.003150738726524089	-0.003150738726524089	0.00318974014832579	0.006280721226561029	0.9968310160781616	-0.0031507404762438633	-0.003150736976804313	0.0011589100041721097
0.004726135318655403	0.009452270637310802	-0.004726135318655401	-0.004726135318655402	-0.0047261353186554	0.004726135318655402	0.009452270637310798	-0.0047261353186554	-0.0047261353186554	-0.004726135318655401	0.004755930676912377	0.009422469604666618	-0.004726129644268189	0.9952683076227149	-0.004720578260025559	0.0017588632979308148
0.009452216345822486	0.018904432691644973	-0.009452216345822485	-0.009452216345822488	-0.009452216345822485	0.00945221634582249	0.018904432691644966	-0.009452216345822485	-0.009452216345822485	-0.009452216345822486	0.009511806921938006	0.018844830766778474	-0.009452204997071506	-0.009441112177745516	0.9905366794861007	0.003517703938305853
-0.004697979108475872	-0.009395958216951742	0.004697979108475872	0.004697979108475873	0.004697979108475872	-0.004697979108475873	-0.009395958216951742	0.004697979108475872	0.004697979108475871	0.004697979108475872	-0.19751651875348353	0.18347391668902316	0.004646643847508678	0.004707794362687926	0.00468816385426382	0.7929666229776438