0.9980770757986531	-0.0038458484026950394	0.00192292420134752	0.0019229242013475197	0.0019229242013475195	-0.0019229242013475193	-0.0038458484026950386	0.001922924201347519	0.001922924201347519	0.001922924201347519	-0.0019363069391990409	-0.0038324636661901564	0.0019229222026941576	0.0019229256034660276	0.0019229227992290114	-0.0006831335266798868
-0.0076916968053900815	0.9846166063892196	0.00769169680539008	0.00769169680539008	0.007691696805390079	-0.007691696805390079	-0.015383393610780158	0.007691696805390078	0.007691696805390078	0.007691696805390079	-0.007745227756796162	-0.015329854664760622	0.007691688810776632	0.00769170241386411	0.007691691196916046	-0.002732534106719547
0.003845848402695041	0.007691696805390082	0.9961541515973052	-0.0038458484026950403	-0.0038458484026950403	0.0038458484026950394	0.007691696805390079	-0.0038458484026950394	-0.003845848402695039	-0.0038458484026950394	0.0038726138783980834	0.007664927332380313	-0.0038458444053883164	-0.0038458512069320556	-0.003845845598458023	0.0013662670533597739
0.005768772604042559	0.011537545208085117	-0.005768772604042559	0.9942312273959575	-0.005768772604042559	0.0057687726040425566	0.011537545208085111	-0.0057687726040425566	-0.005768772604042559	-0.005768772604042558	0.00580892081759712	0.011497390998570469	-0.005768766608082475	-0.0057687768103980835	-0.005768768397687031	0.0020494005800396602
0.01153754520808512	0.023075090416170237	-0.01153754520808512	-0.011537545208085122	0.9884624547919153	0.011537545208085117	0.023075090416170233	-0.011537545208085117	-0.011537545208085122	-0.011537545208085122	0.011617841635194243	0.022994781997140952	-0.011537533216164953	-0.011537553620796167	-0.011537536795374071	0.0040988011600793205
-0.0019229242013475204	-0.0038458484026950416	0.0019229242013475204	0.00192292420134752	0.00192292420134752	0.9980770757986523	-0.003845848402695038	0.0019229242013475193	0.001922924201347519	0.0019229242013475195	-0.0019363069391990413	-0.0038324636661901564	0.0019229222026941578	0.0019229256034660276	0.001922922799229011	-0.0006831335266798868
-0.007691696805390081	-0.015383393610780161	0.007691696805390081	0.007691696805390079	0.007691696805390079	-0.007691696805390079	0.9846166063892194	0.007691696805390078	0.007691696805390077	0.007691696805390078	-0.007745227756796163	-0.015329854664760625	0.007691688810776631	0.007691702413864111	0.0076916911969160465	-0.0027325341067195473
0.0038458484026950394	0.007691696805390079	-0.0038458484026950394	-0.0038458484026950386	-0.0038458484026950386	0.0038458484026950386	0.007691696805390076	0.9961541515973049	-0.003845848402695038	-0.003845848402695039	0.0038726138783980826	0.007664927332380313	-0.003845844405388316	-0.0038458512069320543	-0.0038458455984580224	0.0013662670533597739
0.00576877260404256	0.011537545208085117	-0.00576877260404256	-0.005768772604042561	-0.00576877260404256	0.00576877260404256	0.011537545208085117	-0.005768772604042558	0.9942312273959575	-0.005768772604042561	0.0058089208175971215	0.01149739099857047	-0.0057687666080824766	-0.005768776810398085	-0.005768768397687035	0.0020494005800396602
0.011537545208085117	0.02307509041617023	-0.011537545208085117	-0.011537545208085118	-0.011537545208085117	0.011537545208085117	0.023075090416170226	-0.011537545208085113	-0.011537545208085117	0.9884624547919153	0.011617841635194241	0.022994781997140938	-0.01153753321616495	-0.011537553620796163	-0.011537536795374064	0.0040988011600793205
-0.0019151540765619418	-0.003830308153123882	0.0019151540765619418	0.001915154076561941	0.0019151540765619418	-0.0019151540765619418	-0.003830308153123882	0.0019151540765619405	0.0019151540765619407	0.0019151540765619402	0.9614105349267325	0.0328330451951232	0.0019261117250204984	0.0019148495620136489	0.0019154585911102316	-0.039875536304499734
-0.007115470451953582	-0.014230940903907164	0.007115470451953584	0.007115470451953582	0.007115470451953582	-0.007115470451953581	-0.014230940903907162	0.007115470451953577	0.007115470451953581	0.007115470451953577	0.08135287387550984	0.897298933060636	0.007117252159947051	0.007114879683145494	0.007116061220761661	-0.0783283078325331
0.003845848293836388	0.007691696587672775	-0.003845848293836389	-0.003845848293836387	-0.003845848293836388	0.0038458482938363873	0.007691696587672775	-0.0038458482938363856	-0.0038458482938363873	-0.003845848293836385	0.0038947086201709404	0.0076634894492695685	0.9961334985182323	-0.0038458512531279083	-0.0038458453345448606	0.0013470149050266776
0.005768813285934932	0.01153762657186986	-0.0057688132859349305	-0.005768813285934931	-0.005768813285934932	0.005768813285934932	0.011537626571869861	-0.00576881328593493	-0.005768813285934933	-0.005768813285934931	0.005809661351505309	0.011496772340372007	-0.0057688071200074475	0.9942244048816555	-0.005762031453525634	0.0020433605336954838
0.011537545089911892	0.023075090179823777	-0.011537545089911888	-0.011537545089911892	-0.01153754508991189	0.011537545089911892	0.023075090179823773	-0.011537545089911887	-0.01153754508991189	-0.011537545089911887	0.011619241002751036	0.022993381935152952	-0.011537532758080218	-0.011523998419593716	0.9884489082397705	0.004086687987452127
-0.005722605438422199	-0.011445210876844393	0.0057226054384221965	0.005722605438422198	0.0057226054384221965	-0.005722605438422195	-0.01144521087684439	0.005722605438422195	0.0057226054384221965	0.005722605438422196	-0.22560470337905977	0.2084950798024094	0.0056644126998058614	0.005734329216501956	0.005710881660342438	0.7627821910938264