0.9975096379430616	-0.004980724113877133	0.002490362056938566	0.0024903620569385666	0.002490362056938566	-0.002490362056938566	-0.004980724113877135	0.0024903620569385666	0.0024903620569385674	0.002490362056938567	-0.0025084852613583087	-0.004962600070072542	0.0024903612175537176	0.0024903648589871263	0.002490359254890008	-0.0008168158840777713
-0.009961448227754275	0.9800771035444916	0.009961448227754266	0.009961448227754268	0.009961448227754266	-0.009961448227754266	-0.019922896455508543	0.009961448227754268	0.009961448227754272	0.00996144822775427	-0.010033941045433242	-0.01985040028029018	0.009961444870214872	0.009961459435948509	0.009961437019560036	-0.003267263536311087
0.0049807241138771306	0.009961448227754261	0.9950192758861225	-0.004980724113877131	-0.0049807241138771306	0.0049807241138771306	0.009961448227754266	-0.004980724113877131	-0.004980724113877133	-0.004980724113877132	0.00501697052271662	0.009925200140145085	-0.004980722435107435	-0.0049807297179742535	-0.004980718509780014	0.0016336317681555426
0.007471086170815699	0.014942172341631402	-0.0074710861708156984	0.9925289138291841	-0.007471086170815696	0.007471086170815697	0.0149421723416314	-0.007471086170815698	-0.007471086170815699	-0.0074710861708156984	0.00752545578407493	0.01488780021021762	-0.007471083652661152	-0.007471094576961375	-0.0074710777646700205	0.0024504476522333152
0.014942172341631395	0.029884344683262797	-0.014942172341631393	-0.014942172341631393	0.9850578276583682	0.014942172341631393	0.029884344683262804	-0.014942172341631395	-0.014942172341631399	-0.014942172341631397	0.015050911568149864	0.02977560042043523	-0.0149421673053223	-0.01494218915392275	-0.014942155529340041	0.00490089530446663
-0.0024903620569385653	-0.0049807241138771306	0.0024903620569385653	0.0024903620569385653	0.0024903620569385653	0.9975096379430611	-0.004980724113877131	0.0024903620569385657	0.002490362056938566	0.002490362056938566	-0.0025084852613583087	-0.004962600070072542	0.0024903612175537168	0.0024903648589871255	0.0024903592548900073	-0.0008168158840777715
-0.00996144822775427	-0.01992289645550854	0.00996144822775427	0.00996144822775427	0.009961448227754272	-0.009961448227754268	0.9800771035444921	0.00996144822775427	0.009961448227754272	0.009961448227754272	-0.010033941045433243	-0.019850400280290177	0.009961444870214874	0.009961459435948509	0.009961437019560036	-0.0032672635363110865
0.0049807241138771306	0.009961448227754261	-0.0049807241138771306	-0.0049807241138771306	-0.0049807241138771306	0.00498072411387713	0.009961448227754268	0.9950192758861225	-0.004980724113877134	-0.004980724113877133	0.00501697052271662	0.009925200140145087	-0.004980722435107436	-0.004980729717974252	-0.004980718509780016	0.001633631768155543
0.007471086170815699	0.014942172341631402	-0.0074710861708156984	-0.0074710861708156984	-0.0074710861708156984	0.007471086170815699	0.014942172341631404	-0.007471086170815701	0.9925289138291842	-0.0074710861708156984	0.007525455784074932	0.014887800210217619	-0.007471083652661152	-0.007471094576961376	-0.007471077764670022	0.0024504476522333144
0.014942172341631393	0.029884344683262794	-0.014942172341631392	-0.014942172341631392	-0.014942172341631392	0.014942172341631393	0.0298843446832628	-0.014942172341631397	-0.014942172341631395	0.9850578276583685	0.015050911568149864	0.029775600420435235	-0.014942167305322301	-0.014942189153922753	-0.014942155529340043	0.00490089530446663
-0.002475685379516937	-0.004951370759033874	0.002475685379516937	0.002475685379516937	0.002475685379516937	-0.002475685379516936	-0.004951370759033877	0.002475685379516937	0.002475685379516937	0.0024756853795169366	0.9541139091247995	0.038446441640501386	0.00248827847566555	0.002475211012872669	0.0024761597461612026	-0.04738170500121611
-0.009035018211521565	-0.01807003642304313	0.009035018211521565	0.009035018211521565	0.009035018211521563	-0.009035018211521563	-0.018070036423043136	0.009035018211521565	0.009035018211521565	0.009035018211521565	0.09673969270830221	0.8761534528807844	0.009036817987870614	0.009034101815421861	0.009035934607621266	-0.09282798954383154
0.004980724008303849	0.009961448016607699	-0.004980724008303849	-0.0049807240083038495	-0.004980724008303849	0.004980724008303849	0.009961448016607703	-0.00498072400830385	-0.00498072400830385	-0.0049807240083038495	0.005042595514414348	0.009923553117285018	0.9949952993849088	-0.004980729850883674	-0.00498071816572402	0.0016110976707991217
0.00747115519543383	0.014942310390867656	-0.007471155195433828	-0.007471155195433828	-0.007471155195433827	0.007471155195433828	0.014942310390867663	-0.007471155195433829	-0.007471155195433828	-0.007471155195433828	0.00752659217600199	0.014886870639830801	-0.007471152424965132	0.9925200649894775	-0.007462375380345003	0.002442794797105726
0.014942172071397536	0.02988434414279507	-0.014942172071397532	-0.014942172071397532	-0.014942172071397532	0.014942172071397532	0.029884344142795078	-0.014942172071397536	-0.014942172071397532	-0.01494217207139753	0.015053045716309811	0.029773464956917475	-0.014942166530432205	-0.014924646344547836	0.9850403022017526	0.00488553584328239
-0.007383750631086594	-0.014767501262173193	0.007383750631086592	0.007383750631086595	0.007383750631086593	-0.007383750631086593	-0.014767501262173197	0.007383750631086596	0.007383750631086595	0.007383750631086595	-0.26764777980417315	0.24556483730953954	0.00731544123246009	0.007398438546153992	0.0073690627160192	0.7181428197106513