0.9976166939284404	-0.0047666121431196255	0.002383306071559813	0.0023833060715598145	0.0023833060715598136	-0.002383306071559815	-0.004766612143119626	0.0023833060715598127	0.002383306071559814	0.002383306071559814	-0.00240069624687681	-0.004749220742500238	0.0023833048462574232	0.0023833085631052055	0.002383303580014419	-0.0007936630775235965
-0.009533224286239256	0.9809335514275214	0.009533224286239254	0.009533224286239258	0.009533224286239256	-0.00953322428623926	-0.019066448572478512	0.009533224286239251	0.009533224286239256	0.009533224286239256	-0.009602784987507246	-0.01899688297000095	0.009533219385029693	0.00953323425242082	0.009533214320057682	-0.003174652310094385
0.004766612143119628	0.009533224286239253	0.9952333878568804	-0.004766612143119628	-0.004766612143119626	0.004766612143119629	0.009533224286239253	-0.004766612143119625	-0.004766612143119627	-0.004766612143119627	0.004801392493753622	0.009498441485000475	-0.004766609692514846	-0.00476661712621041	-0.004766607160028838	0.001587326155047193
0.007149918214679444	0.014299836429358889	-0.007149918214679443	0.992850081785321	-0.007149918214679443	0.007149918214679444	0.014299836429358889	-0.0071499182146794425	-0.007149918214679443	-0.007149918214679443	0.0072020887406304395	0.014247662227500719	-0.00714991453877227	-0.007149925689315625	-0.00714991074004326	0.00238098923257079
0.014299836429358887	0.028599672858717774	-0.014299836429358885	-0.014299836429358887	0.985700163570641	0.014299836429358883	0.028599672858717763	-0.014299836429358878	-0.014299836429358882	-0.014299836429358883	0.014404177481260872	0.02849532445500143	-0.014299829077544535	-0.014299851378631242	-0.014299821480086516	0.004761978465141578
-0.002383306071559815	-0.004766612143119628	0.002383306071559814	0.0023833060715598145	0.002383306071559814	0.9976166939284404	-0.004766612143119628	0.002383306071559813	0.0023833060715598145	0.0023833060715598145	-0.0024006962468768114	-0.004749220742500238	0.0023833048462574232	0.0023833085631052055	0.002383303580014421	-0.0007936630775235966
-0.009533224286239254	-0.019066448572478502	0.009533224286239251	0.009533224286239253	0.009533224286239251	-0.009533224286239254	0.9809335514275217	0.00953322428623925	0.009533224286239254	0.009533224286239254	-0.009602784987507242	-0.018996882970000947	0.00953321938502969	0.00953323425242082	0.009533214320057671	-0.0031746523100943855
0.004766612143119629	0.009533224286239254	-0.004766612143119627	-0.004766612143119628	-0.004766612143119627	0.004766612143119629	0.009533224286239254	0.9952333878568799	-0.004766612143119627	-0.004766612143119627	0.004801392493753621	0.009498441485000474	-0.004766609692514846	-0.004766617126210411	-0.004766607160028837	0.0015873261550471928
0.007149918214679442	0.014299836429358883	-0.007149918214679441	-0.0071499182146794425	-0.007149918214679441	0.0071499182146794425	0.014299836429358882	-0.00714991821467944	0.9928500817853205	-0.007149918214679442	0.007202088740630438	0.014247662227500712	-0.007149914538772269	-0.007149925689315622	-0.007149910740043259	0.0023809892325707895
0.014299836429358885	0.028599672858717767	-0.014299836429358883	-0.014299836429358887	-0.014299836429358883	0.014299836429358887	0.02859967285871777	-0.014299836429358883	-0.014299836429358883	0.9857001635706409	0.014404177481260872	0.028495324455001424	-0.014299829077544539	-0.014299851378631243	-0.01429982148008652	0.004761978465141579
-0.002370133764626424	-0.004740267529252848	0.002370133764626424	0.002370133764626424	0.0023701337646264246	-0.0023701337646264246	-0.004740267529252849	0.002370133764626424	0.0023701337646264246	0.002370133764626425	0.9554461419643913	0.037431135517133646	0.002382454989221948	0.0023696935924221257	0.0023705739368307236	-0.04602304853246552
-0.008678697700657679	-0.017357395401315354	0.008678697700657677	0.008678697700657679	0.008678697700657677	-0.008678697700657679	-0.017357395401315354	0.008678697700657673	0.008678697700657677	0.008678697700657679	0.09398636538926551	0.879975716482852	0.008680522726567254	0.00867784676538864	0.008679548635926718	-0.09020207737916787
0.004766612027767038	0.009533224055534075	-0.004766612027767038	-0.004766612027767038	-0.004766612027767037	0.0047666120277670395	0.009533224055534077	-0.004766612027767037	-0.0047666120277670395	-0.004766612027767039	0.004826412140651222	0.00949682202568351	0.9952099898891992	-0.0047666172326254995	-0.0047666068229085794	0.001565385831484516
0.007149981294650841	0.01429996258930168	-0.007149981294650839	-0.00714998129465084	-0.00714998129465084	0.007149981294650841	0.014299962589301678	-0.007149981294650839	-0.007149981294650838	-0.007149981294650838	0.007203145035358549	0.014246794936779448	-0.007149977382836324	0.9928416156462418	-0.007141578235543574	0.0023736359699403345
0.01429983619453107	0.028599672389062136	-0.014299836194531068	-0.014299836194531072	-0.014299836194531068	0.01429983619453107	0.028599672389062133	-0.014299836194531066	-0.01429983619453107	-0.014299836194531066	0.014406163371859107	0.028493337388093974	-0.014299828370890954	-0.01428306023095904	0.9856833878418971	0.004747222416406771
-0.007071553344711172	-0.014143106689422341	0.00707155334471117	0.007071553344711171	0.00707155334471117	-0.007071553344711172	-0.01414310668942234	0.007071553344711167	0.007071553344711171	0.00707155334471117	-0.25998127703482143	0.23883309015540263	0.007005080189996363	0.007085695732900976	0.007057410956521366	0.7262259075376984