0.9999657139268812	-0.0000685721462370921	0.00003428607311854605	0.00003428607311854605	0.000034286073118546045	-0.00003428607311854603	-0.00006857214623709209	0.000034286073118546045	0.00003428607311854604	0.00003428607311854604	-0.00003428643976293437	-0.00006857177949180069	0.000034286073017642954	0.00003428607313137473	0.00003428607310571735	-0.000016984747299284024
-0.00013714429247418413	0.9997257114150513	0.00013714429247418418	0.00013714429247418415	0.00013714429247418413	-0.00013714429247418407	-0.0002742885849483682	0.0001371442924741841	0.00013714429247418407	0.0001371442924741841	-0.00013714575905173762	-0.0002742871179672028	0.00013714429207057182	0.00013714429252549895	0.00013714429242286943	-0.0000679389891971361
0.00006857214623709208	0.00013714429247418415	0.9999314278537633	-0.00006857214623709213	-0.0000685721462370921	0.00006857214623709208	0.0001371442924741842	-0.0000685721462370921	-0.00006857214623709209	-0.0000685721462370921	0.00006857287952586878	0.00013714355898360146	-0.0000685721460352859	-0.00006857214626274952	-0.0000685721462114347	0.00003396949459856807
0.00010285821935563817	0.00020571643871127637	-0.00010285821935563817	0.9998971417806446	-0.00010285821935563817	0.00010285821935563816	0.00020571643871127634	-0.00010285821935563817	-0.00010285821935563813	-0.00010285821935563813	0.0001028593192888031	0.00020571533847540204	-0.00010285821905292892	-0.00010285821939412426	-0.00010285821931715204	0.000050954241897852064
0.0002057164387112763	0.0004114328774225527	-0.0002057164387112763	-0.0002057164387112763	0.9997942835612892	0.0002057164387112763	0.0004114328774225527	-0.0002057164387112763	-0.0002057164387112763	-0.0002057164387112763	0.0002057186385776062	0.000411430676950804	-0.0002057164381058578	-0.00020571643878824843	-0.000205716438634304	0.00010190848379570413
-0.000034286073118546025	-0.00006857214623709205	0.00003428607311854603	0.000034286073118546025	0.00003428607311854602	0.9999657139268812	-0.00006857214623709206	0.00003428607311854603	0.00003428607311854603	0.00003428607311854603	-0.00003428643976293438	-0.00006857177949180066	0.00003428607301764295	0.000034286073131374725	0.00003428607310571733	-0.000016984747299284024
-0.00013714429247418418	-0.00027428858494836836	0.0001371442924741842	0.00013714429247418418	0.00013714429247418415	-0.00013714429247418413	0.9997257114150514	0.00013714429247418415	0.00013714429247418413	0.00013714429247418418	-0.00013714575905173754	-0.0002742871179672027	0.00013714429207057182	0.0001371442925254989	0.00013714429242286935	-0.00006793898919713608
0.00006857214623709212	0.00013714429247418424	-0.00006857214623709213	-0.00006857214623709212	-0.0000685721462370921	0.00006857214623709208	0.0001371442924741842	0.9999314278537631	-0.00006857214623709209	-0.00006857214623709209	0.00006857287952586878	0.00013714355898360135	-0.00006857214603528591	-0.00006857214626274949	-0.00006857214621143468	0.00003396949459856806
0.00010285821935563817	0.00020571643871127637	-0.00010285821935563817	-0.00010285821935563817	-0.00010285821935563817	0.00010285821935563813	0.00020571643871127634	-0.00010285821935563817	0.999897141780644	-0.00010285821935563817	0.00010285931928880309	0.000205715338475402	-0.0001028582190529289	-0.00010285821939412424	-0.00010285821931715201	0.00005095424189785205
0.00020571643871127637	0.0004114328774225528	-0.00020571643871127637	-0.00020571643871127637	-0.00020571643871127637	0.0002057164387112763	0.00041143287742255273	-0.00020571643871127637	-0.0002057164387112763	0.9997942835612889	0.0002057186385776062	0.00041143067695080396	-0.00020571643810585776	-0.00020571643878824843	-0.000205716438634304	0.00010190848379570411
-0.00003428594718002505	-0.00006857189436005011	0.000034285947180025054	0.00003428594718002505	0.00003428594718002505	-0.00003428594718002505	-0.0000685718943600501	0.000034285947180025054	0.00003428594718002505	0.00003428594718002505	0.9988101270185659	0.0010866944705279827	0.00003460661654583881	0.000034285806326658906	0.00003428608803339124	-0.0011752565696362782
-0.00013690447394364762	-0.0002738089478872953	0.00013690447394364768	0.00013690447394364765	0.00013690447394364765	-0.00013690447394364762	-0.00027380894788729524	0.00013690447394364765	0.00013690447394364762	0.00013690447394364762	0.0021897515373150707	0.9973995324511671	0.0001369070636303525	0.00013690419255836644	0.00013690475532892875	-0.0023810398577541916
0.00006857214623702468	0.00013714429247404936	-0.0000685721462370247	-0.00006857214623702468	-0.00006857214623702468	0.00006857214623702467	0.00013714429247404933	-0.00006857214623702468	-0.00006857214623702465	-0.00006857214623702465	0.0000692142182453524	0.00013714170692897472	0.9999307883672999	-0.00006857214634032231	-0.000068572146133727	0.000033331862731932745
0.0001028582318133489	0.00020571646362669782	-0.00010285823181334891	-0.00010285823181334891	-0.0001028582318133489	0.00010285823181334888	0.00020571646362669782	-0.00010285823181334891	-0.00010285823181334891	-0.00010285823181334891	0.00010285975019550905	0.00020571494482654699	-0.00010285823139535832	0.9998970207386433	-0.00010273720227005016	0.00005083363791021701
0.00020571643871124379	0.0004114328774224876	-0.00020571643871124379	-0.00020571643871124379	-0.00020571643871124379	0.00020571643871124373	0.00041143287742248757	-0.00020571643871124376	-0.00020571643871124373	-0.00020571643871124376	0.0002057194754753638	0.00041142983982238616	-0.0002057164378752626	-0.00020547437983704735	0.9997940415024146	0.00010166726346850346
-0.00010285766220255198	-0.00020571532440510397	0.00010285766220255198	0.00010285766220255198	0.00010285766220255197	-0.00010285766220255194	-0.00020571532440510394	0.00010285766220255197	0.00010285766220255197	0.00010285766220255198	-0.007032543229700751	0.006725883150027811	0.00010094475526784127	0.0001030988759948567	0.00010261644841024731	0.992999171279827