0.998522322689546	-0.0029553546209082388	0.0014776773104541196	0.0014776773104541196	0.0014776773104541198	-0.0014776773104541196	-0.0029553546209082383	0.0014776773104541192	0.0014776773104541198	0.00147767731045412	-0.0014863969518741223	-0.002946633247933425	0.0014776755788993086	0.0014776779995999926	0.0014776766213082453	-0.0005593683183775402
-0.005910709241816482	0.9881785815163674	0.005910709241816482	0.005910709241816482	0.005910709241816483	-0.005910709241816482	-0.011821418483632962	0.00591070924181648	0.005910709241816483	0.005910709241816484	-0.005945587807496494	-0.0117865329917337	0.005910702315597237	0.005910711998399973	0.005910706485232985	-0.0022374732735101627
0.00295535462090824	0.005910709241816481	0.9970446453790918	-0.00295535462090824	-0.0029553546209082405	0.0029553546209082405	0.005910709241816479	-0.0029553546209082396	-0.0029553546209082405	-0.0029553546209082405	0.002972793903748246	0.0058932664958668505	-0.00295535115779862	-0.0029553559991999864	-0.0029553532426164915	0.001118736636755081
0.004433031931362356	0.008866063862724712	-0.004433031931362357	0.9955669680686374	-0.004433031931362359	0.004433031931362359	0.008866063862724715	-0.0044330319313623575	-0.004433031931362359	-0.004433031931362359	0.00445919085562237	0.008839899743800275	-0.00443302673669793	-0.004433033998799979	-0.004433029863924736	0.0016781049551326218
0.008866063862724712	0.017732127725449423	-0.008866063862724712	-0.008866063862724712	0.9911339361372754	0.008866063862724718	0.01773212772544943	-0.008866063862724715	-0.00886606386272472	-0.00886606386272472	0.00891838171124474	0.01767979948760055	-0.008866053473395861	-0.00886606799759996	-0.008866059727849474	0.003356209910265243
-0.0014776773104541196	-0.0029553546209082396	0.0014776773104541196	0.0014776773104541198	0.00147767731045412	0.9985223226895458	-0.0029553546209082388	0.001477677310454119	0.0014776773104541198	0.00147767731045412	-0.0014863969518741232	-0.002946633247933425	0.001477675578899309	0.0014776779995999928	0.0014776766213082453	-0.0005593683183775402
-0.005910709241816481	-0.011821418483632964	0.005910709241816481	0.005910709241816482	0.005910709241816482	-0.005910709241816482	0.9881785815163673	0.00591070924181648	0.005910709241816483	0.005910709241816483	-0.005945587807496495	-0.011786532991733701	0.005910702315597237	0.005910711998399972	0.005910706485232983	-0.002237473273510162
0.0029553546209082396	0.00591070924181648	-0.0029553546209082396	-0.00295535462090824	-0.0029553546209082405	0.0029553546209082405	0.00591070924181648	0.9970446453790915	-0.0029553546209082405	-0.002955354620908241	0.002972793903748247	0.005893266495866851	-0.0029553511577986194	-0.002955355999199986	-0.002955353242616491	0.0011187366367550807
0.004433031931362358	0.008866063862724717	-0.004433031931362359	-0.004433031931362359	-0.004433031931362359	0.00443303193136236	0.00886606386272472	-0.004433031931362359	0.9955669680686381	-0.004433031931362361	0.004459190855622368	0.008839899743800277	-0.004433026736697931	-0.004433033998799981	-0.004433029863924738	0.0016781049551326216
0.008866063862724717	0.017732127725449433	-0.008866063862724718	-0.008866063862724718	-0.008866063862724718	0.00886606386272472	0.01773212772544944	-0.008866063862724718	-0.008866063862724722	0.9911339361372756	0.00891838171124474	0.017679799487600553	-0.008866053473395863	-0.008866067997599964	-0.008866059727849472	0.0033562099102652436
-0.001473637828345113	-0.0029472756566902266	0.001473637828345113	0.0014736378283451133	0.0014736378283451133	-0.0014736378283451133	-0.002947275656690226	0.001473637828345113	0.0014736378283451133	0.0014736378283451135	0.9677132989204956	0.027856492337365292	0.0014829330854491713	0.0014734454970278556	0.001473830159662371	-0.033280573134777565
-0.005555626722911628	-0.011111253445823257	0.005555626722911627	0.005555626722911628	0.005555626722911627	-0.005555626722911627	-0.011111253445823253	0.0055556267229116265	0.005555626722911627	0.005555626722911629	0.06752148300486607	0.9158101277430306	0.005557135806280079	0.005555251943370048	0.005556001502453206	-0.06559616573801165
0.0029553545551988082	0.0059107091103976165	-0.0029553545551988082	-0.0029553545551988087	-0.0029553545551988082	0.0029553545551988082	0.005910709110397616	-0.002955354555198808	-0.002955354555198808	-0.0029553545551988082	0.0029914568120077	0.005892111558087028	0.9970271407403034	-0.0029553560326726802	-0.002955353077724935	0.0011023988134794642
0.004433055740986397	0.008866111481972793	-0.004433055740986396	-0.0044330557409863955	-0.004433055740986397	0.004433055740986396	0.008866111481972796	-0.004433055740986397	-0.004433055740986399	-0.0044330557409864	0.004459669973060801	0.008839491941955793	-0.004433050433043796	0.995561731567965	-0.004427843049937943	0.001673374386471577
0.008866063812607405	0.01773212762521481	-0.008866063812607407	-0.008866063812607405	-0.008866063812607407	0.008866063812607407	0.017732127625214818	-0.008866063812607409	-0.008866063812607414	-0.008866063812607412	0.00891929215711995	0.017678888664838566	-0.008866053196743702	-0.00885564680160672	0.9911235191763915	0.0033467287189685915
-0.004409076563063529	-0.008818153126127057	0.004409076563063529	0.004409076563063529	0.0044090765630635294	-0.004409076563063529	-0.008818153126127057	0.0044090765630635294	0.00440907656306353	0.004409076563063531	-0.18915672189502314	0.17597876604248713	0.004359802726409069	0.004418341647105006	0.0043998114790220495	0.8019836595522658