0.9983956802487489	-0.003208639502502141	0.0016043197512510708	0.0016043197512510704	0.0016043197512510701	-0.0016043197512510704	-0.0032086395025021407	0.0016043197512510706	0.0016043197512510701	0.00160431975125107	-0.0016143923231043001	-0.0031985650511298504	0.0016043178717320109	0.0016043206121209212	0.0016043188903812195	-0.0005962779211209814
-0.006417279005004281	0.9871654419899908	0.006417279005004281	0.00641727900500428	0.00641727900500428	-0.0064172790050042805	-0.012834558010008563	0.006417279005004281	0.00641727900500428	0.00641727900500428	-0.006457569292417199	-0.0127942602045194	0.006417271486928046	0.006417282448483683	0.006417275561524876	-0.002385111684483926
0.003208639502502141	0.00641727900500428	0.9967913604974983	-0.0032086395025021403	-0.00320863950250214	0.0032086395025021403	0.006417279005004281	-0.003208639502502141	-0.00320863950250214	-0.00320863950250214	0.0032287846462086	0.006397130102259699	-0.003208635743464022	-0.0032086412242418425	-0.0032086377807624376	0.0011925558422419631
0.004812959253753213	0.009625918507506426	-0.004812959253753212	0.9951870407462466	-0.00481295925375321	0.004812959253753211	0.009625918507506423	-0.0048129592537532115	-0.004812959253753211	-0.004812959253753211	0.004843176969312902	0.009595695153389554	-0.004812953615196031	-0.004812961836362762	-0.00481295667114366	0.0017888337633629446
0.009625918507506421	0.01925183701501284	-0.009625918507506418	-0.009625918507506416	0.9903740814924935	0.009625918507506423	0.019251837015012846	-0.009625918507506421	-0.00962591850750642	-0.00962591850750642	0.009686353938625802	0.0191913903067791	-0.009625907230392066	-0.009625923672725524	-0.009625913342287322	0.0035776675267258887
-0.0016043197512510704	-0.00320863950250214	0.0016043197512510701	0.0016043197512510697	0.0016043197512510701	0.9983956802487488	-0.0032086395025021407	0.0016043197512510706	0.00160431975125107	0.00160431975125107	-0.0016143923231043008	-0.0031985650511298504	0.0016043178717320113	0.0016043206121209208	0.0016043188903812188	-0.0005962779211209816
-0.006417279005004282	-0.012834558010008561	0.006417279005004281	0.00641727900500428	0.006417279005004281	-0.006417279005004281	0.9871654419899911	0.006417279005004281	0.006417279005004278	0.006417279005004278	-0.0064575692924172	-0.012794260204519398	0.006417271486928044	0.006417282448483683	0.006417275561524876	-0.0023851116844839262
0.003208639502502142	0.006417279005004282	-0.003208639502502142	-0.0032086395025021407	-0.0032086395025021416	0.0032086395025021416	0.006417279005004282	0.9967913604974983	-0.0032086395025021407	-0.0032086395025021403	0.003228784646208603	0.006397130102259703	-0.0032086357434640235	-0.003208641224241844	-0.0032086377807624394	0.0011925558422419633
0.004812959253753212	0.009625918507506423	-0.004812959253753211	-0.00481295925375321	-0.004812959253753211	0.0048129592537532115	0.009625918507506423	-0.004812959253753212	0.9951870407462468	-0.00481295925375321	0.004843176969312902	0.009595695153389554	-0.004812953615196033	-0.004812961836362762	-0.004812956671143659	0.0017888337633629448
0.009625918507506425	0.019251837015012846	-0.009625918507506421	-0.00962591850750642	-0.009625918507506421	0.009625918507506423	0.019251837015012846	-0.009625918507506425	-0.009625918507506421	0.9903740814924935	0.0096863539386258	0.019191390306779108	-0.009625907230392068	-0.009625923672725524	-0.009625913342287318	0.0035776675267258904
-0.0015993586866684484	-0.0031987173733368955	0.0015993586866684482	0.0015993586866684473	0.0015993586866684477	-0.0015993586866684473	-0.003198717373336894	0.001599358686668448	0.0015993586866684473	0.0015993586866684473	0.9658495255731896	0.029342591991477835	0.00160916506199567	0.0015991364826367291	0.0015995808907001646	-0.03523879604365011
-0.00600416132539868	-0.01200832265079736	0.00600416132539868	0.00600416132539868	0.00600416132539868	-0.00600416132539868	-0.012008322650797359	0.00600416132539868	0.0060041613253986785	0.0060041613253986785	0.07165087380803234	0.9103350336301879	0.006005769910982477	0.006003728928508318	0.006004593722289036	-0.06937769460710187
0.0032086394234119176	0.0064172788468238335	-0.0032086394234119163	-0.0032086394234119163	-0.0032086394234119163	0.0032086394234119163	0.006417278846823833	-0.003208639423411917	-0.0032086394234119163	-0.0032086394234119163	0.0032484933576459106	0.006395883766680958	0.9967729017224972	-0.0032086412592948208	-0.0032086375875290105	0.0011753470059567574
0.00481298739059794	0.009625974781195876	-0.004812987390597938	-0.004812987390597937	-0.004812987390597938	0.004812987390597939	0.009625974781195876	-0.004812987390597939	-0.004812987390597936	-0.004812987390597937	0.004843726008077768	0.009595230396481405	-0.004812981623363298	0.9951813535078486	-0.004807328289044854	0.0017837266311470559
0.009625918441829069	0.019251836883658138	-0.009625918441829069	-0.009625918441829065	-0.009625918441829067	0.009625918441829069	0.019251836883658138	-0.009625918441829069	-0.009625918441829065	-0.009625918441829065	0.009687395530060696	0.019190348260981108	-0.009625906907383687	-0.009614610688096605	0.9903627738044389	0.0035674298052228953
-0.004783519666751704	-0.009567039333503407	0.004783519666751702	0.0047835196667517016	0.004783519666751702	-0.004783519666751702	-0.009567039333503403	0.0047835196667517016	0.0047835196667517	0.0047835196667517	-0.19994967278690406	0.18565104717255254	0.00473158628084805	0.004793496771131223	0.0047735425623721735	0.79034417544478