0.9983088161671486	-0.0033823676657027055	0.0016911838328513534	0.0016911838328513534	0.0016911838328513534	-0.0016911838328513532	-0.0033823676657027068	0.001691183832851353	0.0016911838328513534	0.0016911838328513543	-0.0017021803693810305	-0.0033713691769971677	0.0016911818806754932	0.0016911848253687125	0.001691182840333994	-0.0006208038891486455
-0.006764735331405413	0.9864705293371889	0.006764735331405413	0.0067647353314054135	0.006764735331405413	-0.006764735331405413	-0.013529470662810827	0.006764735331405412	0.0067647353314054135	0.006764735331405416	-0.006808721477524121	-0.013485476707988674	0.006764727522701971	0.0067647393014748525	0.006764731361335976	-0.0024832155565945816
0.0033823676657027063	0.00676473533140541	0.9966176323342975	-0.0033823676657027068	-0.0033823676657027063	0.0033823676657027063	0.006764735331405413	-0.003382367665702706	-0.0033823676657027068	-0.003382367665702707	0.00340436073876206	0.0067427383539943354	-0.003382363761350986	-0.003382369650737425	-0.003382365680667989	0.0012416077782972915
0.005073551498554061	0.010147102997108122	-0.005073551498554061	0.9949264485014462	-0.005073551498554061	0.005073551498554062	0.010147102997108123	-0.00507355149855406	-0.0050735514985540625	-0.005073551498554063	0.005106541108143091	0.010114107530991508	-0.0050735456420264785	-0.005073554476106136	-0.005073548521001983	0.001862411667445938
0.010147102997108122	0.020294205994216243	-0.010147102997108122	-0.010147102997108123	0.9898528970028916	0.010147102997108122	0.020294205994216247	-0.01014710299710812	-0.010147102997108123	-0.010147102997108127	0.010213082216286183	0.020228215061983024	-0.010147091284052957	-0.010147108952212274	-0.010147097042003965	0.003724823334891875
-0.0016911838328513534	-0.0033823676657027063	0.0016911838328513532	0.0016911838328513534	0.0016911838328513534	0.9983088161671486	-0.0033823676657027063	0.001691183832851353	0.0016911838328513532	0.0016911838328513536	-0.0017021803693810303	-0.003371369176997168	0.0016911818806754925	0.0016911848253687127	0.0016911828403339936	-0.0006208038891486456
-0.006764735331405415	-0.013529470662810827	0.0067647353314054135	0.006764735331405415	0.006764735331405415	-0.0067647353314054135	0.9864705293371895	0.0067647353314054135	0.006764735331405417	0.006764735331405418	-0.006808721477524123	-0.013485476707988676	0.006764727522701974	0.006764739301474852	0.006764731361335977	-0.0024832155565945825
0.0033823676657027068	0.006764735331405412	-0.003382367665702706	-0.0033823676657027068	-0.0033823676657027068	0.003382367665702706	0.006764735331405411	0.9966176323342972	-0.0033823676657027068	-0.0033823676657027076	0.003404360738762059	0.006742738353994336	-0.003382363761350985	-0.0033823696507374245	-0.0033823656806679873	0.0012416077782972912
0.005073551498554061	0.010147102997108122	-0.005073551498554061	-0.005073551498554062	-0.005073551498554062	0.00507355149855406	0.01014710299710812	-0.00507355149855406	0.9949264485014464	-0.005073551498554063	0.005106541108143092	0.01011410753099151	-0.0050735456420264785	-0.005073554476106137	-0.0050735485210019835	0.0018624116674459375
0.01014710299710812	0.02029420599421624	-0.010147102997108122	-0.010147102997108122	-0.010147102997108122	0.010147102997108118	0.020294205994216236	-0.010147102997108118	-0.010147102997108122	0.9898528970028926	0.010213082216286182	0.02022821506198302	-0.010147091284052959	-0.010147108952212278	-0.010147097042003967	0.003724823334891876
-0.0016855277192462605	-0.0033710554384925205	0.0016855277192462602	0.0016855277192462607	0.0016855277192462605	-0.00168552771924626	-0.0033710554384925196	0.0016855277192462592	0.0016855277192462602	0.0016855277192462605	0.9646068030565601	0.030326475033269355	0.0016956664716778675	0.0016852840686709754	0.0016857713698215438	-0.03654121993925011
-0.006309561829690747	-0.012619123659381492	0.006309561829690746	0.0063095618296907475	0.006309561829690747	-0.006309561829690746	-0.012619123659381492	0.006309561829690745	0.006309561829690747	0.0063095618296907475	0.0743883414635869	0.9066813060408209	0.006311228836210503	0.006309088118254022	0.006310035541127465	-0.07189200467126192
0.0033823675776381425	0.006764735155276284	-0.003382367577638142	-0.003382367577638143	-0.0033823675776381425	0.003382367577638142	0.006764735155276284	-0.0033823675776381416	-0.003382367577638143	-0.0033823675776381438	0.0034247533187200642	0.0067414342912270435	0.9965985475453296	-0.0033823696875164596	-0.0033823654677598253	0.0012238226227321064
0.005073582819283109	0.010147165638566219	-0.00507358281928311	-0.005073582819283112	-0.005073582819283111	0.0050735828192831085	0.010147165638566219	-0.0050735828192831085	-0.005073582819283109	-0.00507358281928311	0.005107140157277454	0.010113602304466337	-0.005073576823177571	0.9949204519275721	-0.005067617566138086	0.0018570481698754505
0.010147102919098693	0.020294205838197382	-0.010147102919098695	-0.010147102919098696	-0.010147102919098695	0.010147102919098691	0.020294205838197386	-0.010147102919098691	-0.010147102919098696	-0.010147102919098696	0.01021421742902266	0.02022707933608723	-0.01014709092691249	-0.01013518445479184	0.9898409786165943	0.003714070407923199
-0.0050399743655569085	-0.010079948731113817	0.0050399743655569085	0.0050399743655569085	0.0050399743655569085	-0.005039974365556907	-0.010079948731113817	0.005039974365556905	0.005039974365556908	0.0050399743655569085	-0.20713889495689175	0.1920726677749965	0.00498627845078147	0.005050433895268502	0.005029514835845314	0.7826026213552634