0.9985765862212874	-0.0028468275574262546	0.0014234137787131282	0.0014234137787131275	0.0014234137787131284	-0.0014234137787131284	-0.0028468275574262563	0.0014234137787131282	0.0014234137787131277	0.0014234137787131286	-0.001431556997659203	-0.0028386826829174235	0.00142341212315037	0.0014234144013559387	0.001423413156070317	-0.0005431294926485646
-0.005693655114852511	0.9886126897702946	0.0056936551148525135	0.005693655114852511	0.0056936551148525135	-0.0056936551148525135	-0.011387310229705025	0.005693655114852512	0.00569365511485251	0.005693655114852513	-0.005726227990636812	-0.01135473073166969	0.005693648492601479	0.005693657605423757	0.005693652624281268	-0.002172517970594258
0.002846827557426255	0.00569365511485251	0.9971531724425742	-0.0028468275574262546	-0.0028468275574262555	0.002846827557426256	0.005693655114852511	-0.002846827557426255	-0.0028468275574262546	-0.0028468275574262555	0.0028631139953184054	0.0056773653658348435	-0.0028468242463007393	-0.0028468288027118775	-0.0028468263121406334	0.001086258985297129
0.004270241336139383	0.008540482672278768	-0.004270241336139384	0.9957297586638606	-0.004270241336139386	0.0042702413361393856	0.00854048267227877	-0.0042702413361393856	-0.004270241336139384	-0.004270241336139386	0.0042946709929776086	0.00851604804875227	-0.004270236369451108	-0.0042702432040678156	-0.004270239468210949	0.0016293884779456941
0.00854048267227877	0.017080965344557542	-0.008540482672278771	-0.008540482672278771	0.9914595173277219	0.008540482672278773	0.017080965344557542	-0.008540482672278773	-0.008540482672278768	-0.008540482672278775	0.008589341985955215	0.017032096097504546	-0.008540472738902216	-0.008540486408135631	-0.008540478936421896	0.003258776955891389
-0.0014234137787131277	-0.0028468275574262555	0.0014234137787131282	0.0014234137787131277	0.0014234137787131284	0.9985765862212874	-0.0028468275574262563	0.001423413778713128	0.0014234137787131275	0.0014234137787131284	-0.0014315569976592034	-0.002838682682917424	0.00142341212315037	0.0014234144013559398	0.0014234131560703174	-0.0005431294926485647
-0.005693655114852511	-0.011387310229705022	0.005693655114852513	0.005693655114852511	0.0056936551148525135	-0.005693655114852513	0.988612689770295	0.005693655114852511	0.00569365511485251	0.005693655114852513	-0.0057262279906368126	-0.011354730731669689	0.00569364849260148	0.0056936576054237575	0.005693652624281267	-0.002172517970594258
0.0028468275574262537	0.0056936551148525074	-0.0028468275574262546	-0.0028468275574262537	-0.002846827557426255	0.0028468275574262546	0.005693655114852509	0.9971531724425737	-0.0028468275574262537	-0.002846827557426255	0.0028631139953184054	0.005677365365834846	-0.0028468242463007398	-0.0028468288027118775	-0.002846826312140632	0.0010862589852971285
0.004270241336139382	0.008540482672278766	-0.004270241336139383	-0.004270241336139383	-0.004270241336139384	0.004270241336139384	0.00854048267227877	-0.004270241336139384	0.9957297586638605	-0.004270241336139386	0.004294670992977608	0.00851604804875227	-0.004270236369451108	-0.0042702432040678156	-0.004270239468210948	0.0016293884779456937
0.00854048267227877	0.017080965344557542	-0.008540482672278771	-0.008540482672278771	-0.008540482672278773	0.008540482672278773	0.01708096534455755	-0.008540482672278773	-0.008540482672278771	0.9914595173277215	0.008589341985955215	0.017032096097504536	-0.008540472738902216	-0.008540486408135631	-0.008540478936421896	0.003258776955891388
-0.001419736549337699	-0.002839473098675398	0.0014197365493376992	0.0014197365493376988	0.0014197365493376992	-0.0014197365493376992	-0.002839473098675399	0.0014197365493376995	0.001419736549337699	0.0014197365493376997	0.9685328902973397	0.027198833843091647	0.0014288027608933647	0.0014195564968625643	0.0014199166018128333	-0.0324179638342623
-0.005362238045240595	-0.01072447609048119	0.005362238045240596	0.005362238045240594	0.005362238045240598	-0.005362238045240596	-0.010724476090481192	0.005362238045240597	0.005362238045240595	0.005362238045240598	0.06569852287805321	0.9182133015128942	0.0053636995185715	0.005361886975490802	0.005362589114990386	-0.06392964775448912
0.0028468274973967055	0.005693654994793412	-0.002846827497396707	-0.0028468274973967055	-0.002846827497396707	0.0028468274973967064	0.005693654994793414	-0.002846827497396707	-0.0028468274973967055	-0.002846827497396707	0.002881310146248333	0.005676252134940591	0.9971360927136047	-0.002846828835693675	-0.0028468261590997375	0.0010703068013777858
0.0042702634052762724	0.008540526810552545	-0.0042702634052762724	-0.004270263405276272	-0.004270263405276274	0.0042702634052762724	0.008540526810552547	-0.0042702634052762724	-0.004270263405276272	-0.004270263405276274	0.004295121249941831	0.00851566389233521	-0.0042702583317244976	0.9957247152012629	-0.004265242011815672	0.001624820300359681
0.008540482628001377	0.017080965256002754	-0.008540482628001377	-0.008540482628001377	-0.008540482628001382	0.008540482628001379	0.01708096525600276	-0.008540482628001379	-0.008540482628001377	-0.008540482628001384	0.00859019820874184	0.017031239528178962	-0.008540472480918045	-0.008530447407015541	0.9914494821510127	0.003249621929429189
-0.004248440989012031	-0.00849688197802406	0.004248440989012032	0.00424844098901203	0.004248440989012034	-0.004248440989012033	-0.008496881978024066	0.004248440989012033	0.004248440989012032	0.004248440989012035	-0.18440622965873976	0.17170900460180133	0.00420034307891444	0.004257397757102762	0.004239484220921304	0.8071109800522253