0.9975368602119535	-0.004926279576091924	0.002463139788045962	0.002463139788045963	0.002463139788045962	-0.0024631397880459627	-0.004926279576091924	0.0024631397880459614	0.0024631397880459614	0.002463139788045962	-0.0024810847421634723	-0.004908333676184792	0.0024631388422563434	0.0024631425089828825	0.002463137067109042	-0.0008110206107067566
-0.009852559152183844	0.9802948816956321	0.009852559152183847	0.009852559152183851	0.009852559152183847	-0.009852559152183851	-0.01970511830436769	0.009852559152183844	0.009852559152183844	0.009852559152183846	-0.009924338968653888	-0.01963333470473917	0.009852555369025377	0.009852570035931528	0.009852548268436167	-0.003244082442827024
0.004926279576091924	0.009852559152183846	0.9950737204239075	-0.004926279576091925	-0.004926279576091922	0.004926279576091925	0.009852559152183844	-0.004926279576091922	-0.004926279576091922	-0.004926279576091923	0.004962169484326942	0.009816667352369584	-0.004926277684512687	-0.004926285017965762	-0.004926274134218083	0.0016220412214135124
0.007389419364137881	0.014778838728275762	-0.00738941936413788	0.9926105806358623	-0.007389419364137881	0.007389419364137882	0.014778838728275765	-0.00738941936413788	-0.007389419364137878	-0.007389419364137882	0.007443254226490418	0.014725001028554376	-0.007389416526769034	-0.007389427526948643	-0.007389411201327122	0.0024330618321202696
0.014778838728275762	0.029557677456551527	-0.014778838728275762	-0.014778838728275763	0.9852211612717239	0.014778838728275762	0.029557677456551527	-0.01477883872827576	-0.014778838728275756	-0.014778838728275765	0.014886508452980826	0.029450002057108748	-0.014778833053538063	-0.014778855053897281	-0.014778822402654246	0.0048661236642405375
-0.002463139788045963	-0.0049262795760919255	0.0024631397880459627	0.0024631397880459636	0.0024631397880459623	0.9975368602119544	-0.004926279576091925	0.0024631397880459623	0.0024631397880459623	0.002463139788045963	-0.0024810847421634723	-0.004908333676184794	0.0024631388422563447	0.0024631425089828816	0.0024631370671090416	-0.0008110206107067564
-0.009852559152183847	-0.01970511830436769	0.009852559152183846	0.00985255915218385	0.009852559152183844	-0.009852559152183847	0.9802948816956323	0.009852559152183847	0.009852559152183847	0.009852559152183851	-0.00992433896865389	-0.01963333470473917	0.009852555369025375	0.009852570035931527	0.009852548268436163	-0.003244082442827025
0.004926279576091923	0.009852559152183844	-0.004926279576091922	-0.004926279576091924	-0.004926279576091921	0.004926279576091923	0.009852559152183842	0.9950737204239075	-0.00492627957609192	-0.004926279576091923	0.004962169484326943	0.009816667352369579	-0.004926277684512685	-0.004926285017965761	-0.0049262741342180815	0.0016220412214135124
0.007389419364137881	0.014778838728275762	-0.00738941936413788	-0.007389419364137881	-0.007389419364137881	0.007389419364137882	0.01477883872827576	-0.007389419364137879	0.9926105806358616	-0.007389419364137885	0.0074432542264904165	0.014725001028554374	-0.007389416526769034	-0.007389427526948643	-0.007389411201327122	0.002433061832120269
0.014778838728275763	0.02955767745655153	-0.014778838728275763	-0.014778838728275765	-0.014778838728275765	0.014778838728275767	0.029557677456551527	-0.014778838728275762	-0.014778838728275767	0.9852211612717244	0.014886508452980833	0.029450002057108755	-0.01477883305353807	-0.014778855053897283	-0.014778822402654244	0.004866123664240539
-0.002448855049007462	-0.004897710098014924	0.002448855049007462	0.0024488550490074624	0.0024488550490074615	-0.002448855049007462	-0.004897710098014922	0.0024488550490074615	0.002448855049007462	0.0024488550490074615	0.954451057442669	0.03818985193542304	0.0024613805238923123	0.002448389468783137	0.002449320629231787	-0.04703836847319927
-0.00894467046198299	-0.017889340923965977	0.008944670461982988	0.00894467046198299	0.008944670461982985	-0.008944670461982988	-0.017889340923965973	0.008944670461982987	0.00894467046198299	0.00894467046198299	0.09604519652731802	0.8771189846430176	0.008946477905698361	0.008943770882636358	0.00894557004132962	-0.092164370048467
0.00492627946750861	0.00985255893501722	-0.00492627946750861	-0.004926279467508611	-0.0049262794675086095	0.004926279467508611	0.009852558935017219	-0.0049262794675086095	-0.004926279467508611	-0.004926279467508611	0.00498764295757382	0.009815026861384685	0.995049889116059	-0.004926285143573319	-0.004926273791443899	0.0015996572140698619
0.007389486850525975	0.014778973701051952	-0.007389486850525975	-0.007389486850525976	-0.007389486850525977	0.007389486850525977	0.014778973701051952	-0.007389486850525975	-0.007389486850525977	-0.007389486850525978	0.007444370010012128	0.014724087456093838	-0.007389483765054017	0.9926018291262959	-0.007380802827348038	0.0024254849513608966
0.014778838467376315	0.02955767693475263	-0.014778838467376315	-0.014778838467376315	-0.014778838467376315	0.014778838467376317	0.02955767693475263	-0.014778838467376315	-0.014778838467376317	-0.01477883846737632	0.014888604472823364	0.029447904758338406	-0.014778832296409137	-0.014761503345164824	0.9852038264104119	0.004850917240577921
-0.007304421131497219	-0.014608842262994439	0.007304421131497219	0.007304421131497219	0.0073044211314972195	-0.0073044211314972195	-0.014608842262994439	0.0073044211314972195	0.007304421131497219	0.00730442113149722	-0.26570797758114495	0.2438625591807393	0.007236576137411132	0.0073189709174321955	0.0072898713455622445	0.7201856059589875