0.9983721565112103	-0.0032556869775790783	0.0016278434887895391	0.0016278434887895391	0.0016278434887895394	-0.0016278434887895391	-0.003255686977579079	0.001627843488789539	0.001627843488789539	0.0016278434887895396	-0.0016381670505347936	-0.003245361514096801	0.0016278415870525137	0.0016278443841753094	0.0016278425934037693	-0.0006029829213907753
-0.006511373955158154	0.9869772520896832	0.006511373955158155	0.006511373955158156	0.006511373955158157	-0.0065113739551581565	-0.013022747910316317	0.006511373955158155	0.006511373955158155	0.006511373955158159	-0.006552668202139173	-0.012981446056387205	0.0065113663482100565	0.006511377536701236	0.006511370373615079	-0.0024119316855631015
0.0032556869775790774	0.0065113739551581565	0.9967443130224211	-0.0032556869775790783	-0.003255686977579079	0.0032556869775790783	0.006511373955158158	-0.003255686977579078	-0.003255686977579078	-0.0032556869775790796	0.0032763341010695864	0.006490723028193603	-0.0032556831741050282	-0.003255688768350617	-0.0032556851868075385	0.0012059658427815503
0.004883530466368617	0.009767060932737237	-0.004883530466368619	0.9951164695336315	-0.004883530466368619	0.004883530466368618	0.00976706093273724	-0.004883530466368617	-0.004883530466368617	-0.004883530466368618	0.004914501151604381	0.009736084542290397	-0.0048835247611575434	-0.004883533152525928	-0.0048835277802113065	0.0018089487641723254
0.009767060932737237	0.019534121865474482	-0.00976706093273724	-0.00976706093273724	0.9902329390672633	0.009767060932737237	0.01953412186547448	-0.009767060932737236	-0.009767060932737236	-0.009767060932737237	0.009829002303208765	0.019472169084580795	-0.009767049522315087	-0.009767066305051855	-0.009767055560422616	0.003617897528344652
-0.0016278434887895387	-0.0032556869775790783	0.001627843488789539	0.0016278434887895391	0.0016278434887895394	0.9983721565112106	-0.0032556869775790796	0.001627843488789539	0.001627843488789539	0.0016278434887895398	-0.0016381670505347938	-0.0032453615140968007	0.0016278415870525143	0.0016278443841753092	0.0016278425934037695	-0.0006029829213907754
-0.006511373955158155	-0.013022747910316313	0.006511373955158156	0.0065113739551581565	0.006511373955158158	-0.0065113739551581565	0.9869772520896837	0.006511373955158156	0.006511373955158155	0.006511373955158159	-0.0065526682021391745	-0.0129814460563872	0.006511366348210058	0.006511377536701236	0.006511370373615077	-0.0024119316855631015
0.0032556869775790757	0.006511373955158153	-0.0032556869775790765	-0.003255686977579077	-0.0032556869775790774	0.003255686977579077	0.006511373955158156	0.9967443130224206	-0.0032556869775790765	-0.0032556869775790787	0.0032763341010695864	0.0064907230281936	-0.003255683174105028	-0.003255688768350617	-0.0032556851868075394	0.0012059658427815507
0.004883530466368616	0.009767060932737236	-0.004883530466368617	-0.004883530466368617	-0.004883530466368617	0.004883530466368615	0.009767060932737234	-0.004883530466368615	0.9951164695336312	-0.004883530466368616	0.004914501151604379	0.009736084542290396	-0.004883524761157543	-0.004883533152525927	-0.004883527780211307	0.0018089487641723256
0.00976706093273724	0.019534121865474485	-0.009767060932737241	-0.009767060932737241	-0.009767060932737241	0.009767060932737237	0.019534121865474482	-0.009767060932737237	-0.009767060932737237	0.9902329390672632	0.00982900230320876	0.0194721690845808	-0.009767049522315089	-0.009767066305051855	-0.009767055560422618	0.003617897528344651
-0.00162269931340445	-0.003245398626808901	0.0016226993134044502	0.0016226993134044504	0.0016226993134044506	-0.0016226993134044502	-0.003245398626808901	0.00162269931340445	0.00162269931340445	0.0016226993134044506	0.9655102895915456	0.02961171465279322	0.0016325971288523905	0.0016224713771136941	0.0016229272496952058	-0.03559461775733676
-0.006087047013985769	-0.012174094027971542	0.006087047013985769	0.006087047013985771	0.0060870470139857726	-0.006087047013985769	-0.012174094027971545	0.00608704701398577	0.006087047013985769	0.0060870470139857726	0.07239955418856972	0.9093376795564524	0.006088672227006379	0.006086603570602721	0.0060874904573688235	-0.07006464691790322
0.0032556868960274873	0.006511373792054975	-0.0032556868960274873	-0.003255686896027488	-0.003255686896027488	0.0032556868960274877	0.006511373792054976	-0.0032556868960274873	-0.0032556868960274873	-0.0032556868960274886	0.0032962306210231164	0.006489460655604227	0.9967256825154277	-0.0032556888038053834	-0.003255684988249589	0.0011885993373312088
0.004883559448050394	0.009767118896100789	-0.0048835594480503945	-0.0048835594480503945	-0.0048835594480503945	0.004883559448050394	0.00976711889610079	-0.004883559448050394	-0.004883559448050394	-0.0048835594480503945	0.004915063569859739	0.009735608937477769	-0.004883553611236717	0.9951106985377444	-0.004877817433844897	0.0018037720531638582
0.009767060863857927	0.019534121727715858	-0.009767060863857927	-0.009767060863857925	-0.009767060863857927	0.009767060863857927	0.019534121727715858	-0.009767060863857925	-0.009767060863857924	-0.009767060863857925	0.009830068955557773	0.019471101962412876	-0.009767049190254798	-0.009755587702426708	0.9902214659747104	0.003607519990267425
-0.004853000947690507	-0.009706001895381015	0.004853000947690507	0.0048530009476905065	0.004853000947690508	-0.004853000947690507	-0.009706001895381015	0.004853000947690506	0.004853000947690506	0.004853000947690507	-0.20191273669200654	0.1874061492024299	0.0048005855941955266	0.004863109169515699	0.004842892725865311	0.7882291997890029