0.9981694286313683	-0.0036611427372633685	0.0018305713686316842	0.0018305713686316838	0.0018305713686316838	-0.0018305713686316838	-0.0036611427372633676	0.0018305713686316844	0.0018305713686316842	0.001830571368631684	-0.001843022130961784	-0.003648689966285634	0.0018305693599840493	0.00183057259705639	0.0018305701402069798	-0.0006588322415433135
-0.007322285474526736	0.9853554290509462	0.007322285474526738	0.007322285474526737	0.007322285474526738	-0.007322285474526736	-0.014644570949053476	0.007322285474526741	0.0073222854745267395	0.00732228547452674	-0.007372088523847138	-0.014594759865142535	0.007322277439936199	0.007322290388225561	0.00732228056082792	-0.002635328966173254
0.0036611427372633685	0.007322285474526739	0.996338857262737	-0.003661142737263369	-0.0036611427372633693	0.003661142737263369	0.007322285474526739	-0.003661142737263371	-0.0036611427372633706	-0.0036611427372633706	0.003686044261923569	0.007297379932571268	-0.003661138719968099	-0.00366114519411278	-0.0036611402804139614	0.0013176644830866268
0.005491714105895055	0.010983428211790111	-0.005491714105895055	0.9945082858941047	-0.005491714105895054	0.005491714105895053	0.010983428211790108	-0.005491714105895056	-0.005491714105895055	-0.005491714105895054	0.005529066392885354	0.010946069898856905	-0.005491708079952146	-0.0054917177911691685	-0.00549171042062094	0.0019764967246299414
0.01098342821179011	0.021966856423580223	-0.01098342821179011	-0.010983428211790111	0.9890165717882097	0.01098342821179011	0.021966856423580226	-0.010983428211790117	-0.010983428211790113	-0.010983428211790111	0.011058132785770705	0.021892139797713806	-0.010983416159904292	-0.010983435582338337	-0.010983420841241882	0.003952993449259881
-0.001830571368631684	-0.003661142737263369	0.0018305713686316844	0.001830571368631685	0.0018305713686316849	0.998169428631368	-0.003661142737263369	0.001830571368631685	0.0018305713686316853	0.001830571368631685	-0.001843022130961784	-0.0036486899662856345	0.001830569359984049	0.0018305725970563897	0.0018305701402069803	-0.0006588322415433137
-0.007322285474526735	-0.014644570949053474	0.007322285474526737	0.0073222854745267395	0.007322285474526739	-0.007322285474526737	0.9853554290509462	0.007322285474526741	0.007322285474526741	0.007322285474526741	-0.007372088523847138	-0.014594759865142536	0.007322277439936197	0.007322290388225561	0.007322280560827922	-0.0026353289661732544
0.003661142737263369	0.0073222854745267395	-0.00366114273726337	-0.0036611427372633706	-0.0036611427372633706	0.0036611427372633698	0.00732228547452674	0.9963388572627373	-0.003661142737263371	-0.0036611427372633706	0.0036860442619235695	0.007297379932571271	-0.0036611387199680994	-0.0036611451941127803	-0.003661140280413962	0.0013176644830866272
0.005491714105895055	0.010983428211790111	-0.005491714105895055	-0.005491714105895056	-0.005491714105895056	0.005491714105895053	0.010983428211790108	-0.005491714105895056	0.994508285894105	-0.005491714105895055	0.0055290663928853545	0.010946069898856907	-0.005491708079952148	-0.00549171779116917	-0.0054917104206209395	0.0019764967246299406
0.010983428211790111	0.021966856423580226	-0.010983428211790113	-0.010983428211790113	-0.010983428211790113	0.010983428211790108	0.02196685642358022	-0.010983428211790115	-0.010983428211790111	0.9890165717882101	0.011058132785770707	0.021892139797713813	-0.010983416159904296	-0.010983435582338344	-0.010983420841241884	0.003952993449259882
-0.001823689858186229	-0.003647379716372459	0.001823689858186229	0.0018236898581862296	0.0018236898581862294	-0.0018236898581862292	-0.003647379716372458	0.0018236898581862296	0.0018236898581862298	0.0018236898581862296	0.9626653280214997	0.03185295965425232	0.0018343326078756922	0.0018234102218792328	0.0018239694944932276	-0.03856947473326392
-0.0067958375453099195	-0.01359167509061984	0.006795837545309921	0.006795837545309921	0.006795837545309921	-0.0067958375453099195	-0.013591675090619842	0.006795837545309924	0.006795837545309923	0.006795837545309922	0.07863313558859361	0.9009776084668638	0.0067975808539225665	0.00679529459290295	0.0067963804977168975	-0.07580710358383635
0.003661142635916923	0.007322285271833847	-0.0036611426359169238	-0.0036611426359169246	-0.0036611426359169246	0.0036611426359169233	0.0073222852718338475	-0.0036611426359169255	-0.003661142635916926	-0.0036611426359169255	0.003707481077085931	0.007295991854237074	0.9963188123405109	-0.003661145235497722	-0.0036611400363361283	0.0012989857316121336
0.005491750905333228	0.010983501810666457	-0.005491750905333229	-0.005491750905333229	-0.0054917509053332295	0.005491750905333226	0.010983501810666454	-0.005491750905333229	-0.005491750905333228	-0.005491750905333229	0.005529749141855372	0.010945497390570685	-0.005491744721759603	0.9945017926494324	-0.005485294460098627	0.001970725023828241
0.010983428110949253	0.021966856221898506	-0.010983428110949253	-0.010983428110949255	-0.010983428110949255	0.010983428110949248	0.0219668562218985	-0.010983428110949253	-0.010983428110949253	-0.010983428110949253	0.011059424386396824	0.021890847579328482	-0.010983415743826795	-0.01097053011525993	0.9890036738933614	0.003941419910279842
-0.005450839994110143	-0.010901679988220288	0.005450839994110143	0.005450839994110145	0.005450839994110146	-0.005450839994110143	-0.010901679988220286	0.005450839994110146	0.005450839994110144	0.005450839994110145	-0.21835945778698962	0.2020633710878061	0.005394406710963476	0.00546206384698862	0.00543961614123167	0.7705462540415811