0.9982327934057109	-0.0035344131885779824	0.001767206594288991	0.0017672065942889912	0.0017672065942889912	-0.001767206594288991	-0.003534413188577981	0.0017672065942889912	0.0017672065942889914	0.0017672065942889914	-0.0017790020680242189	-0.00352261572191481	0.001767204601361042	0.0017672077116292885	0.0017672054769486956	-0.0006417467085511571
-0.007068826377155965	0.9858623472456882	0.007068826377155964	0.007068826377155966	0.007068826377155966	-0.007068826377155965	-0.014137652754311923	0.007068826377155963	0.007068826377155966	0.007068826377155965	-0.0071160082720968755	-0.01409046288765924	0.007068818405444169	0.007068830846517152	0.007068821907794783	-0.002566986834204628
0.003534413188577983	0.007068826377155964	0.9964655868114214	-0.003534413188577982	-0.003534413188577982	0.003534413188577982	0.007068826377155961	-0.003534413188577982	-0.003534413188577983	-0.0035344131885779824	0.0035580041360484373	0.0070452314438296144	-0.003534409202722083	-0.0035344154232585757	-0.00353441095389739	0.001283493417102314
0.0053016197828669774	0.010603239565733951	-0.005301619782866975	0.9946983802171333	-0.005301619782866975	0.005301619782866975	0.01060323956573395	-0.005301619782866974	-0.0053016197828669774	-0.005301619782866974	0.005337006204072658	0.01056784716574443	-0.005301613804083128	-0.0053016231348878675	-0.005301616430846088	0.0019252401256534713
0.010603239565733957	0.021206479131467906	-0.01060323956573395	-0.010603239565733955	0.9893967604342656	0.01060323956573395	0.021206479131467896	-0.010603239565733946	-0.010603239565733953	-0.010603239565733948	0.010674012408145318	0.021135694331488857	-0.010603227608166258	-0.010603246269775737	-0.010603232861692175	0.0038504802513069447
-0.0017672065942889916	-0.0035344131885779824	0.0017672065942889914	0.0017672065942889914	0.0017672065942889914	0.998232793405711	-0.0035344131885779815	0.0017672065942889912	0.0017672065942889914	0.0017672065942889912	-0.0017790020680242189	-0.0035226157219148085	0.0017672046013610416	0.001767207711629288	0.0017672054769486954	-0.0006417467085511571
-0.007068826377155963	-0.014137652754311923	0.007068826377155962	0.007068826377155962	0.007068826377155962	-0.007068826377155962	0.9858623472456874	0.007068826377155962	0.007068826377155964	0.007068826377155963	-0.007116008272096874	-0.01409046288765923	0.007068818405444165	0.00706883084651715	0.0070688219077947815	-0.0025669868342046275
0.0035344131885779824	0.007068826377155963	-0.003534413188577982	-0.003534413188577982	-0.003534413188577982	0.003534413188577982	0.00706882637715596	0.9964655868114213	-0.003534413188577982	-0.0035344131885779815	0.003558004136048437	0.007045231443829615	-0.0035344092027220827	-0.0035344154232585753	-0.00353441095389739	0.0012834934171023138
0.005301619782866977	0.01060323956573395	-0.005301619782866974	-0.005301619782866976	-0.005301619782866976	0.005301619782866975	0.010603239565733948	-0.005301619782866974	0.9946983802171332	-0.005301619782866973	0.005337006204072657	0.010567847165744425	-0.005301613804083128	-0.005301623134887866	-0.005301616430846086	0.0019252401256534706
0.010603239565733953	0.021206479131467903	-0.010603239565733948	-0.010603239565733953	-0.010603239565733953	0.010603239565733951	0.021206479131467896	-0.010603239565733948	-0.010603239565733951	0.9893967604342657	0.010674012408145313	0.02113569433148886	-0.010603227608166255	-0.010603246269775735	-0.010603232861692173	0.0038504802513069426
-0.0017608991815390895	-0.0035217983630781795	0.00176089918153909	0.0017608991815390898	0.0017608991815390898	-0.00176089918153909	-0.0035217983630781787	0.0017608991815390898	0.0017608991815390902	0.00176089918153909	0.9635403726944266	0.03116651174714228	0.0017713171953534148	0.0017606361404727655	0.0017611622226054138	-0.037656375293687934
-0.006575356037484618	-0.013150712074969232	0.006575356037484617	0.006575356037484617	0.006575356037484618	-0.006575356037484618	-0.013150712074969229	0.006575356037484617	0.006575356037484618	0.006575356037484618	0.07672516599583723	0.903547054563701	0.006577067365492861	0.006574845004475682	0.006575867070493558	-0.07404457574880118
0.0035344130930397583	0.007068826186079516	-0.0035344130930397575	-0.0035344130930397583	-0.0035344130930397583	0.0035344130930397583	0.007068826186079514	-0.003534413093039758	-0.0035344130930397583	-0.0035344130930397588	0.0035789741150612777	0.00704388023722779	0.99644597183379	-0.0035344154622123417	-0.003534410723867174	0.0012652164254886504
0.005301654035066707	0.01060330807013341	-0.005301654035066705	-0.005301654035066706	-0.005301654035066705	0.005301654035066705	0.010603308070133407	-0.005301654035066704	-0.005301654035066705	-0.005301654035066705	0.005337650378428813	0.01056730559864842	-0.00530164790694382	0.9946921128003523	-0.005295420870485617	0.0019196535117020127
0.01060323947575279	0.021206478951505577	-0.010603239475752787	-0.010603239475752788	-0.010603239475752788	0.010603239475752788	0.02120647895150557	-0.010603239475752787	-0.010603239475752787	-0.010603239475752785	0.010675231979232432	0.021134474191805287	-0.010603227219532132	-0.010590786698199451	0.9893843077466937	0.0038392788333155635
-0.005264164637460576	-0.010528329274921146	0.005264164637460572	0.005264164637460573	0.005264164637460573	-0.005264164637460575	-0.010528329274921144	0.005264164637460572	0.005264164637460573	0.005264164637460572	-0.2133038321760355	0.19756654013980798	0.005208962761306384	0.0052750425111063376	0.005253286763814808	0.7759740107034658