0.9977690318719107	-0.004461936256180324	0.002230968128090163	0.002230968128090162	0.0022309681280901624	-0.0022309681280901633	-0.004461936256180325	0.0022309681280901624	0.0022309681280901624	0.002230968128090162	-0.0022471739108939222	-0.004445728842619355	0.0022309664973329518	0.00223097021614051	0.0022309660400398113	-0.000759051380770769
-0.008923872512360653	0.9821522549752788	0.00892387251236065	0.008923872512360646	0.00892387251236065	-0.008923872512360652	-0.0178477450247213	0.00892387251236065	0.00892387251236065	0.008923872512360648	-0.00898869564357569	-0.017782915370477412	0.00892386598933181	0.008923880864562046	0.00892386416015925	-0.003036205523083078
0.004461936256180324	0.008923872512360648	0.9955380637438197	-0.004461936256180324	-0.004461936256180325	0.004461936256180326	0.008923872512360648	-0.004461936256180323	-0.004461936256180323	-0.004461936256180322	0.004494347821787845	0.008891457685238708	-0.004461932994665905	-0.004461940432281021	-0.0044619320800796235	0.001518102761541538
0.006692904384270489	0.013385808768540976	-0.006692904384270488	0.993307095615729	-0.006692904384270486	0.0066929043842704865	0.013385808768540971	-0.006692904384270486	-0.0066929043842704865	-0.006692904384270485	0.006741521732681764	0.013337186527858062	-0.006692899491998853	-0.006692910648421529	-0.006692898120119437	0.0022771541423123078
0.01338580876854098	0.026771617537081953	-0.013385808768540978	-0.013385808768540973	0.986614191231459	0.013385808768540975	0.026771617537081942	-0.013385808768540971	-0.013385808768540973	-0.01338580876854097	0.013483043465363527	0.026674373055716114	-0.013385798983997707	-0.01338582129684306	-0.013385796240238876	0.004554308284624617
-0.002230968128090163	-0.004461936256180326	0.0022309681280901624	0.002230968128090162	0.0022309681280901624	0.9977690318719104	-0.004461936256180325	0.0022309681280901624	0.002230968128090162	0.0022309681280901616	-0.0022471739108939227	-0.004445728842619353	0.0022309664973329526	0.002230970216140511	0.0022309660400398135	-0.0007590513807707691
-0.00892387251236065	-0.0178477450247213	0.008923872512360648	0.008923872512360645	0.008923872512360648	-0.008923872512360648	0.9821522549752791	0.008923872512360648	0.008923872512360646	0.008923872512360645	-0.008988695643575692	-0.017782915370477416	0.00892386598933181	0.008923880864562046	0.00892386416015925	-0.003036205523083078
0.004461936256180326	0.008923872512360652	-0.004461936256180325	-0.004461936256180324	-0.004461936256180325	0.004461936256180325	0.008923872512360648	0.9955380637438198	-0.004461936256180324	-0.004461936256180324	0.004494347821787846	0.008891457685238708	-0.004461932994665905	-0.004461940432281023	-0.004461932080079625	0.001518102761541539
0.00669290438427049	0.013385808768540976	-0.006692904384270489	-0.0066929043842704865	-0.0066929043842704865	0.006692904384270489	0.013385808768540975	-0.0066929043842704865	0.9933070956157296	-0.006692904384270484	0.0067415217326817645	0.013337186527858058	-0.0066928994919988535	-0.006692910648421531	-0.006692898120119436	0.0022771541423123078
0.01338580876854098	0.026771617537081956	-0.013385808768540978	-0.013385808768540975	-0.013385808768540975	0.013385808768540978	0.02677161753708195	-0.013385808768540973	-0.01338580876854097	0.9866141912314588	0.013483043465363529	0.026674373055716124	-0.01338579898399771	-0.013385821296843061	-0.013385796240238876	0.004554308284624617
-0.0022197698329717106	-0.004439539665943421	0.00221976983297171	0.0022197698329717097	0.0022197698329717106	-0.00221976983297171	-0.00443953966594342	0.00221976983297171	0.00221976983297171	0.00221976983297171	0.9573735951285433	0.03595518927731049	0.00223167592820294	0.002219376631614261	0.0022201630343291587	-0.0440479284379627
-0.008166984338428537	-0.016333968676857075	0.008166984338428537	0.008166984338428537	0.008166984338428537	-0.008166984338428539	-0.016333968676857075	0.008166984338428537	0.008166984338428536	0.008166984338428536	0.08995891132331271	0.8855382975624412	0.008168822437388904	0.008166223391583145	0.008167745285273925	-0.08638572893697649
0.004461936135479709	0.008923872270959416	-0.004461936135479707	-0.004461936135479705	-0.004461936135479706	0.004461936135479707	0.008923872270959414	-0.004461936135479707	-0.004461936135479706	-0.004461936135479706	0.004518460270172758	0.008889886526391777	0.9955155254743946	-0.004461940510328615	-0.004461931760630792	0.0014970252400554665
0.006692959487005591	0.01338591897401118	-0.00669295948700559	-0.006692959487005588	-0.0066929594870055896	0.006692959487005591	0.01338591897401118	-0.0066929594870055896	-0.006692959487005589	-0.006692959487005589	0.006742468414630791	0.01333640494084899	-0.006692954381468604	0.9932991737368387	-0.006685092710850303	0.002270230941051128
0.013385808578362687	0.026771617156725373	-0.013385808578362688	-0.013385808578362683	-0.013385808578362685	0.013385808578362688	0.026771617156725373	-0.013385808578362685	-0.013385808578362685	-0.013385808578362685	0.013484826152999105	0.02667258937102134	-0.013385798367295079	-0.013370100308083955	0.9865984831513585	0.004540418117855304
-0.006626308103584022	-0.013252616207168043	0.006626308103584022	0.00662630810358402	0.006626308103584022	-0.0066263081035840225	-0.013252616207168043	0.00662630810358402	0.00662630810358402	0.00662630810358402	-0.24888234934578235	0.22906723469049534	0.00656249844811901	0.006639663414904051	0.006612952792263988	0.7379736857147025