0.9994711014077083	-0.0010577971845827868	0.0005288985922913933	0.0005288985922913934	0.0005288985922913934	-0.0005288985922913933	-0.0010577971845827868	0.0005288985922913933	0.0005288985922913934	0.0005288985922913936	-0.000529768002871117	-0.0010569275508368792	0.0005288983691252093	0.000528898632069947	0.00052889855251284	-0.00023415562387415952
-0.0021155943691655733	0.995768811261669	0.0021155943691655737	0.0021155943691655746	0.002115594369165574	-0.002115594369165574	-0.004231188738331148	0.0021155943691655737	0.002115594369165574	0.0021155943691655746	-0.0021190720114844684	-0.004227710203347519	0.0021155934765008373	0.0021155945282797886	0.002115594210051361	-0.0009366224954966379
0.0010577971845827868	0.0021155943691655737	0.9989422028154176	-0.0010577971845827868	-0.001057797184582787	0.0010577971845827868	0.002115594369165574	-0.0010577971845827868	-0.0010577971845827868	-0.0010577971845827877	0.0010595360057422338	0.0021138551016737592	-0.0010577967382504184	-0.001057797264139894	-0.0010577971050256803	0.00046831124774831905
0.0015866957768741815	0.003173391553748363	-0.0015866957768741813	0.998413304223126	-0.0015866957768741813	0.0015866957768741808	0.003173391553748362	-0.001586695776874181	-0.0015866957768741815	-0.0015866957768741821	0.0015893040086133506	0.0031707826525106393	-0.0015866951073756283	-0.001586695896209842	-0.0015866956575385197	0.0007024668716224787
0.0031733915537483625	0.006346783107496725	-0.0031733915537483625	-0.0031733915537483625	0.9968266084462518	0.0031733915537483616	0.006346783107496723	-0.0031733915537483616	-0.0031733915537483625	-0.003173391553748363	0.003178608017226702	0.006341565305021279	-0.003173390214751256	-0.003173391792419682	-0.003173391315077039	0.001404933743244957
-0.0005288985922913935	-0.0010577971845827873	0.0005288985922913936	0.0005288985922913935	0.0005288985922913936	0.9994711014077085	-0.001057797184582787	0.0005288985922913933	0.0005288985922913935	0.0005288985922913936	-0.0005297680028711172	-0.0010569275508368796	0.0005288983691252094	0.0005288986320699471	0.0005288985525128401	-0.0002341556238741595
-0.0021155943691655733	-0.004231188738331147	0.0021155943691655737	0.0021155943691655733	0.0021155943691655737	-0.0021155943691655733	0.9957688112616688	0.0021155943691655733	0.0021155943691655737	0.0021155943691655746	-0.0021190720114844684	-0.004227710203347518	0.002115593476500837	0.0021155945282797877	0.0021155942100513606	-0.0009366224954966377
0.0010577971845827868	0.0021155943691655737	-0.0010577971845827868	-0.0010577971845827868	-0.001057797184582787	0.0010577971845827868	0.0021155943691655737	0.9989422028154172	-0.0010577971845827868	-0.0010577971845827873	0.0010595360057422342	0.0021138551016737592	-0.0010577967382504184	-0.0010577972641398938	-0.0010577971050256803	0.0004683112477483189
0.0015866957768741813	0.0031733915537483625	-0.001586695776874181	-0.0015866957768741813	-0.0015866957768741815	0.0015866957768741815	0.003173391553748363	-0.001586695776874181	0.9984133042231258	-0.0015866957768741817	0.0015893040086133509	0.003170782652510639	-0.0015866951073756285	-0.0015866958962098413	-0.00158669565753852	0.0007024668716224784
0.0031733915537483625	0.006346783107496725	-0.0031733915537483625	-0.0031733915537483625	-0.003173391553748363	0.003173391553748363	0.006346783107496726	-0.003173391553748362	-0.003173391553748362	0.996826608446252	0.003178608017226702	0.006341565305021278	-0.003173390214751258	-0.003173391792419682	-0.00317339131507704	0.001404933743244957
-0.0005286262245840764	-0.001057252449168153	0.0005286262245840765	0.0005286262245840765	0.0005286262245840767	-0.0005286262245840766	-0.0010572524491681533	0.0005286262245840765	0.0005286262245840765	0.0005286262245840767	0.9850013916761525	0.01340850282421959	0.0005328530504598889	0.0005285966744249769	0.0005286557747431761	-0.015148473164708796
-0.0020638414766902986	-0.004127682953380598	0.0020638414766902995	0.002063841476690299	0.0020638414766902995	-0.002063841476690299	-0.004127682953380598	0.002063841476690299	0.002063841476690299	0.0020638414766903	0.02953678214355886	0.9642712867910513	0.002064248112009422	0.002063783079637424	0.0020638998737431725	-0.030288249923463982
0.0010577971818827745	0.002115594363765549	-0.0010577971818827745	-0.0010577971818827743	-0.0010577971818827748	0.0010577971818827745	0.0021155943637655495	-0.0010577971818827748	-0.0010577971818827748	-0.001057797181882775	0.0010679924655135785	0.0021135596091709295	0.9989340422890808	-0.00105779727726819	-0.0010577970864973595	0.00046045149028864547
0.0015866987704791719	0.003173397540958344	-0.0015866987704791715	-0.0015866987704791719	-0.001586698770479172	0.001586698770479172	0.003173397540958344	-0.0015866987704791717	-0.001586698770479172	-0.0015866987704791723	0.0015893858011283193	0.003170709819970796	-0.0015866980801407706	0.9984114347095553	-0.0015848322505135118	0.0007006822204484696
0.003173391552378753	0.006346783104757506	-0.0031733915523787523	-0.0031733915523787528	-0.003173391552378753	0.0031733915523787528	0.0063467831047575056	-0.0031733915523787523	-0.003173391552378753	-0.003173391552378753	0.0031787656088176535	0.0063414076676430375	-0.003173390171703183	-0.0031696590033019234	0.9968228758985442	0.0014013616778599052
-0.0015851035806499962	-0.0031702071612999933	0.0015851035806499962	0.0015851035806499967	0.0015851035806499967	-0.0015851035806499967	-0.003170207161299993	0.0015851035806499962	0.0015851035806499964	0.0015851035806499964	-0.0883536185656373	0.08362191256495591	0.0015614988393813666	0.0015886589476111742	0.0015815482136888187	0.9098076750031554