0.9982780469721889	-0.003443906055623033	0.0017219530278115174	0.0017219530278115168	0.0017219530278115164	-0.001721953027811517	-0.0034439060556230323	0.0017219530278115164	0.0017219530278115166	0.0017219530278115164	-0.0017332743243589977	-0.0034325827876762866	0.0017219510564122518	0.00172195406975325	0.0017219519858697842	-0.0006293387256568828
-0.006887812111246068	0.9862243757775077	0.006887812111246068	0.006887812111246067	0.006887812111246066	-0.006887812111246068	-0.013775624222492133	0.006887812111246066	0.006887812111246066	0.006887812111246067	-0.00693309729743599	-0.01373033115070514	0.006887804225649007	0.0068878162790129965	0.006887807943479137	-0.0025173549026275303
0.0034439060556230336	0.006887812111246066	0.9965560939443772	-0.003443906055623033	-0.0034439060556230323	0.003443906055623034	0.006887812111246064	-0.003443906055623032	-0.0034439060556230323	-0.003443906055623032	0.003466548648717996	0.0068651655753525715	-0.0034439021128245028	-0.0034439081395064982	-0.003443903971739568	0.0012586774513137652
0.005165859083434548	0.010331718166869093	-0.005165859083434547	0.9948341409165651	-0.005165859083434547	0.005165859083434549	0.01033171816686909	-0.005165859083434545	-0.0051658590834345475	-0.0051658590834345475	0.005199822973076994	0.010297748363028854	-0.005165853169236756	-0.005165862209259746	-0.005165855957609353	0.0018880161769706475
0.010331718166869099	0.020663436333738194	-0.010331718166869095	-0.010331718166869097	0.9896682818331309	0.010331718166869102	0.02066343633373819	-0.010331718166869095	-0.0103317181668691	-0.010331718166869099	0.010399645946153991	0.020595496726057722	-0.010331706338473513	-0.010331724418519496	-0.010331711915218705	0.003776032353941296
-0.0017219530278115174	-0.0034439060556230344	0.0017219530278115172	0.001721953027811517	0.001721953027811517	0.9982780469721891	-0.003443906055623033	0.001721953027811517	0.001721953027811517	0.0017219530278115172	-0.0017332743243589984	-0.0034325827876762866	0.001721951056412252	0.0017219540697532498	0.0017219519858697845	-0.0006293387256568826
-0.006887812111246068	-0.013775624222492134	0.006887812111246067	0.006887812111246066	0.006887812111246066	-0.006887812111246068	0.9862243757775077	0.006887812111246066	0.006887812111246066	0.006887812111246067	-0.006933097297435992	-0.013730331150705143	0.0068878042256490055	0.006887816279012997	0.006887807943479138	-0.0025173549026275294
0.0034439060556230357	0.00688781211124607	-0.0034439060556230353	-0.003443906055623035	-0.003443906055623035	0.0034439060556230353	0.006887812111246068	0.9965560939443767	-0.003443906055623034	-0.0034439060556230336	0.0034665486487179967	0.006865165575352572	-0.003443902112824503	-0.003443908139506499	-0.0034439039717395693	0.0012586774513137652
0.00516585908343455	0.010331718166869097	-0.005165859083434548	-0.005165859083434549	-0.005165859083434549	0.005165859083434551	0.010331718166869095	-0.005165859083434549	0.9948341409165654	-0.00516585908343455	0.005199822973076995	0.010297748363028856	-0.005165853169236756	-0.005165862209259749	-0.005165855957609353	0.001888016176970648
0.010331718166869102	0.020663436333738197	-0.010331718166869099	-0.0103317181668691	-0.0103317181668691	0.010331718166869104	0.020663436333738194	-0.0103317181668691	-0.010331718166869102	0.9896682818331313	0.01039964594615399	0.020595496726057715	-0.010331706338473513	-0.010331724418519497	-0.010331711915218705	0.0037760323539412963
-0.0017160381906254692	-0.003432076381250938	0.001716038190625469	0.0017160381906254686	0.0017160381906254688	-0.001716038190625469	-0.0034320763812509367	0.001716038190625469	0.0017160381906254688	0.0017160381906254688	0.9641729065538814	0.03066872580902233	0.0017262912558452064	0.0017157867610105317	0.0017162896202404065	-0.03699523786537295
-0.006417305535274892	-0.012834611070549782	0.006417305535274892	0.006417305535274891	0.006417305535274891	-0.006417305535274893	-0.01283461107054978	0.006417305535274893	0.006417305535274891	0.006417305535274891	0.07534058059230798	0.9054058170819003	0.006418991255241626	0.00641681684774926	0.006417794222800525	-0.07276840258196487
0.003443905964478865	0.00688781192895773	-0.003443905964478865	-0.0034439059644788637	-0.0034439059644788637	0.003443905964478865	0.0068878119289577265	-0.0034439059644788645	-0.003443905964478864	-0.0034439059644788637	0.0034871772445493796	0.006863842050252735	0.9965367926341555	-0.0034439081770795063	-0.0034439037518782228	0.0012406918852466227
0.005165891574298442	0.010331783148596882	-0.005165891574298442	-0.005165891574298441	-0.005165891574298441	0.005165891574298444	0.010331783148596882	-0.005165891574298441	-0.005165891574298441	-0.005165891574298442	0.0052004401339499655	0.010297228531243627	-0.005165885516596712	0.9948280347354996	-0.005159817884096452	0.001882562236348983
0.01033171808415011	0.020663436168300214	-0.01033171808415011	-0.01033171808415011	-0.010331718084150109	0.010331718084150112	0.020663436168300214	-0.010331718084150109	-0.010331718084150109	-0.01033171808415011	0.010400815030451947	0.020594327106619972	-0.010331705968771704	-0.01031958334352005	0.98965614717522	0.0037650976371871835
-0.005130741537229622	-0.010261483074459241	0.005130741537229621	0.005130741537229621	0.005130741537229621	-0.005130741537229624	-0.010261483074459241	0.005130741537229621	0.005130741537229622	0.005130741537229621	-0.2096476940702846	0.19430977881159073	0.005076432184234637	0.005141370816964521	0.005120112257494722	0.779903912184223