0.9993320434598378	-0.0013359130803245183	0.0006679565401622593	0.0006679565401622591	0.0006679565401622587	-0.0006679565401622589	-0.0013359130803245183	0.0006679565401622593	0.000667956540162259	0.0006679565401622587	-0.0006695147098055938	-0.0013343545202159956	0.0006679561496970712	0.0006679566171283231	0.0006679564631961948	-0.0002880251818128778
-0.0026718261606490344	0.994656347678702	0.002671826160649036	0.0026718261606490366	0.0026718261606490344	-0.0026718261606490357	-0.005343652321298072	0.0026718261606490366	0.0026718261606490357	0.002671826160649035	-0.0026780588392223744	-0.005337418080863978	0.0026718245987882826	0.0026718264685132906	0.0026718258527847795	-0.0011521007272515113
0.001335913080324518	0.0026718261606490357	0.9986640869196757	-0.0013359130803245185	-0.0013359130803245176	0.001335913080324518	0.0026718261606490366	-0.0013359130803245185	-0.0013359130803245183	-0.0013359130803245179	0.0013390294196111879	0.0026687090404319902	-0.0013359122993941424	-0.001335913234256646	-0.0013359129263923902	0.0005760503636257559
0.0020038696204867767	0.004007739240973553	-0.002003869620486777	0.9979961303795137	-0.0020038696204867762	0.0020038696204867767	0.004007739240973553	-0.002003869620486777	-0.0020038696204867762	-0.0020038696204867762	0.0020085441294167812	0.004003063560647986	-0.0020038684490912137	-0.00200386985138497	-0.002003869389588585	0.0008640755454386337
0.004007739240973552	0.008015478481947105	-0.004007739240973553	-0.004007739240973553	0.9959922607590259	0.0040077392409735525	0.008015478481947105	-0.004007739240973553	-0.004007739240973552	-0.004007739240973552	0.004017088258833562	0.008006127121295968	-0.0040077368981824265	-0.0040077397027699375	-0.004007738779177169	0.0017281510908772671
-0.000667956540162259	-0.0013359130803245179	0.0006679565401622589	0.0006679565401622589	0.0006679565401622587	0.999332043459838	-0.0013359130803245183	0.0006679565401622591	0.000667956540162259	0.0006679565401622588	-0.0006695147098055938	-0.001334354520215995	0.0006679561496970711	0.0006679566171283228	0.000667956463196195	-0.0002880251818128779
-0.0026718261606490357	-0.0053436523212980706	0.0026718261606490353	0.0026718261606490353	0.0026718261606490344	-0.002671826160649035	0.9946563476787018	0.0026718261606490357	0.002671826160649035	0.002671826160649034	-0.002678058839222374	-0.005337418080863978	0.0026718245987882834	0.0026718264685132915	0.0026718258527847786	-0.0011521007272515113
0.001335913080324518	0.0026718261606490353	-0.0013359130803245176	-0.0013359130803245176	-0.0013359130803245172	0.0013359130803245174	0.0026718261606490353	0.9986640869196758	-0.001335913080324518	-0.0013359130803245172	0.0013390294196111874	0.0026687090404319907	-0.0013359122993941417	-0.0013359132342566455	-0.0013359129263923902	0.0005760503636257557
0.0020038696204867767	0.004007739240973553	-0.002003869620486777	-0.002003869620486777	-0.0020038696204867767	0.002003869620486777	0.004007739240973553	-0.002003869620486777	0.9979961303795132	-0.0020038696204867767	0.0020085441294167812	0.004003063560647986	-0.0020038684490912137	-0.002003869851384969	-0.002003869389588585	0.0008640755454386337
0.0040077392409735525	0.008015478481947107	-0.004007739240973553	-0.004007739240973553	-0.004007739240973553	0.0040077392409735525	0.008015478481947103	-0.004007739240973554	-0.004007739240973553	0.995992260759026	0.004017088258833563	0.00800612712129597	-0.004007736898182427	-0.004007739702769938	-0.00400773877917717	0.0017281510908772673
-0.0006674435497296698	-0.0013348870994593397	0.0006674435497296699	0.0006674435497296702	0.0006674435497296699	-0.0006674435497296699	-0.0013348870994593402	0.0006674435497296702	0.0006674435497296702	0.0006674435497296699	0.9819274188632289	0.016065115716653852	0.0006725783206579099	0.0006673978478371229	0.0006674892516222168	-0.01833806357206937
-0.002591159060911822	-0.005182318121823645	0.0025911590609118225	0.0025911590609118225	0.002591159060911822	-0.0025911590609118225	-0.005182318121823645	0.0025911590609118233	0.0025911590609118233	0.002591159060911822	0.03608307012613114	0.9561428721494448	0.0025917396026005723	0.0025910689749481055	0.00259124914687554	-0.036559612851947074
0.0013359130742560063	0.002671826148512012	-0.0013359130742560063	-0.0013359130742560065	-0.0013359130742560063	0.0013359130742560065	0.0026718261485120134	-0.0013359130742560067	-0.001335913074256007	-0.0013359130742560065	0.0013493045798301949	0.0026682851272374288	0.9986542364414446	-0.001335913252503438	-0.0013359128960085756	0.0005666325486928853
0.0020038744082495853	0.004007748816499171	-0.0020038744082495857	-0.0020038744082495857	-0.0020038744082495853	0.0020038744082495853	0.004007748816499171	-0.0020038744082495857	-0.0020038744082495857	-0.0020038744082495853	0.0020086679495044855	0.004002954072681881	-0.002003873205687193	0.9979937684733333	-0.0020015172898325845	0.0008618426531578486
0.004007739237766356	0.008015478475532712	-0.004007739237766357	-0.004007739237766357	-0.004007739237766356	0.004007739237766356	0.008015478475532712	-0.0040077392377663576	-0.004007739237766357	-0.004007739237766357	0.0040173263094810995	0.00800588899869585	-0.0040077368326442335	-0.0040030259459286665	0.9959875474703962	0.0017236809574825381
-0.002000856873956168	-0.004001713747912336	0.0020008568739561684	0.0020008568739561684	0.002000856873956168	-0.002000856873956168	-0.004001713747912336	0.002000856873956169	0.0020008568739561684	0.0020008568739561684	-0.10636817021708839	0.10039389810968326	0.0019725583594927794	0.002005296184410761	0.0019964175635015773	0.8908306742502752