0.9989689045081814	-0.002062190983637423	0.001031095491818711	0.0010310954918187115	0.0010310954918187113	-0.0010310954918187122	-0.002062190983637423	0.0010310954918187113	0.0010310954918187117	0.0010310954918187115	-0.0010353476565597888	-0.0020579378345817905	0.001031094507504154	0.0010310957496378651	0.0010310952339995583	-0.0004178116065023135
-0.004124381967274848	0.9917512360654505	0.004124381967274846	0.004124381967274847	0.004124381967274846	-0.004124381967274849	-0.008248763934549692	0.004124381967274846	0.004124381967274847	0.004124381967274846	-0.004141390626239157	-0.00823175133832716	0.004124378030016617	0.00412438299855146	0.004124380935998232	-0.0016712464260092547
0.002062190983637424	0.004124381967274847	0.9979378090163619	-0.002062190983637423	-0.002062190983637423	0.0020621909836374243	0.004124381967274846	-0.002062190983637423	-0.0020621909836374235	-0.002062190983637423	0.0020706953131195776	0.0041158756691635785	-0.0020621890150083074	-0.00206219149927573	-0.002062190467999116	0.0008356232130046269
0.003093286475456135	0.0061865729509122695	-0.003093286475456134	0.9969067135245433	-0.0030932864754561334	0.003093286475456136	0.006186572950912268	-0.003093286475456134	-0.0030932864754561347	-0.0030932864754561343	0.003106042969679365	0.00617381350374537	-0.0030932835225124613	-0.003093287248913594	-0.0030932857019986726	0.0012534348195069407
0.00618657295091227	0.012373145901824539	-0.006186572950912268	-0.00618657295091227	0.9938134270490874	0.006186572950912274	0.012373145901824537	-0.006186572950912269	-0.006186572950912271	-0.00618657295091227	0.006212085939358731	0.012347627007490746	-0.006186567045024924	-0.006186574497827189	-0.006186571403997347	0.0025068696390138823
-0.001031095491818712	-0.0020621909836374235	0.0010310954918187115	0.001031095491818712	0.001031095491818712	0.998968904508182	-0.002062190983637423	0.0010310954918187115	0.0010310954918187117	0.0010310954918187115	-0.0010353476565597886	-0.002057937834581791	0.001031094507504154	0.0010310957496378651	0.0010310952339995583	-0.00041781160650231357
-0.004124381967274847	-0.008248763934549692	0.004124381967274845	0.004124381967274847	0.004124381967274847	-0.004124381967274849	0.9917512360654503	0.004124381967274848	0.004124381967274849	0.004124381967274848	-0.004141390626239156	-0.008231751338327162	0.004124378030016616	0.0041243829985514605	0.0041243809359982325	-0.001671246426009255
0.0020621909836374235	0.004124381967274846	-0.0020621909836374226	-0.0020621909836374235	-0.0020621909836374235	0.0020621909836374243	0.004124381967274848	0.9979378090163622	-0.0020621909836374235	-0.002062190983637423	0.002070695313119577	0.00411587566916358	-0.002062189015008308	-0.0020621914992757294	-0.002062190467999117	0.0008356232130046271
0.0030932864754561347	0.006186572950912269	-0.0030932864754561334	-0.0030932864754561347	-0.0030932864754561347	0.003093286475456136	0.0061865729509122695	-0.003093286475456134	0.9969067135245439	-0.0030932864754561347	0.0031060429696793653	0.006173813503745372	-0.0030932835225124617	-0.0030932872489135947	-0.0030932857019986743	0.001253434819506941
0.0061865729509122695	0.012373145901824537	-0.006186572950912267	-0.0061865729509122695	-0.0061865729509122695	0.006186572950912272	0.012373145901824539	-0.006186572950912268	-0.00618657295091227	0.9938134270490876	0.0062120859393587306	0.012347627007490742	-0.006186567045024923	-0.0061865744978271894	-0.006186571403997347	0.0025068696390138814
-0.0010294806954299581	-0.002058961390859916	0.0010294806954299577	0.0010294806954299581	0.001029480695429958	-0.0010294806954299583	-0.002058961390859916	0.0010294806954299577	0.0010294806954299581	0.001029480695429958	0.9749359353916333	0.02196840986897907	0.0010366933485272342	0.0010293794659578556	0.0010295819249020583	-0.02566793940992188
-0.003942055573402673	-0.007884111146805345	0.003942055573402671	0.003942055573402672	0.003942055573402672	-0.003942055573402673	-0.007884111146805345	0.003942055573402671	0.003942055573402673	0.0039420555734026716	0.0514167451311385	0.9367560468199168	0.003943096902140102	0.003941857188949518	0.003942253957855827	-0.050858901244688746
0.0020621909590276635	0.004124381918055325	-0.0020621909590276617	-0.0020621909590276626	-0.0020621909590276626	0.002062190959027664	0.004124381918055327	-0.002062190959027662	-0.0020621909590276635	-0.002062190959027662	0.0020851424168561563	0.004115103095995148	0.997924136405204	-0.002062191527694396	-0.0020621903903609274	0.000822740594917142
0.0030932979659742074	0.006186595931948413	-0.0030932979659742056	-0.003093297965974207	-0.003093297965974207	0.003093297965974208	0.006186595931948414	-0.0030932979659742065	-0.003093297965974208	-0.003093297965974207	0.0031063050833701595	0.0061735857975567425	-0.003093294948978483	0.9969030640125243	-0.0030896599444733635	0.0012500606753136404
0.006186572936045783	0.012373145872091564	-0.00618657293604578	-0.006186572936045784	-0.006186572936045784	0.006186572936045786	0.012373145872091568	-0.006186572936045783	-0.006186572936045785	-0.006186572936045783	0.0062125871273887275	0.01234712564676687	-0.006186566902064022	-0.006179300037064359	0.9938061541649722	0.0025001112897337827
-0.0030837436242051094	-0.006167487248410218	0.0030837436242051085	0.00308374362420511	0.00308374362420511	-0.003083743624205111	-0.0061674872484102205	0.0030837436242051094	0.0030837436242051107	0.0030837436242051102	-0.1471968676957482	0.13798440679248375	0.0030449736548543195	0.0030904099170148648	0.003077077331395353	0.8472380253937597