0.9993844192863843	-0.0012311614272318314	0.0006155807136159158	0.0006155807136159156	0.0006155807136159158	-0.0006155807136159157	-0.0012311614272318317	0.0006155807136159159	0.0006155807136159158	0.0006155807136159159	-0.000616854929631006	-0.00122988688890051	0.0006155803912996846	0.0006155807747601368	0.0006155806524716947	-0.0002680357609227309
-0.002462322854463663	0.9950753542910726	0.0024623228544636633	0.0024623228544636624	0.0024623228544636633	-0.002462322854463663	-0.004924645708927327	0.0024623228544636633	0.002462322854463663	0.0024623228544636633	-0.002467419718524025	-0.004919547555602037	0.00246232156519874	0.002462323099040546	0.00246232260988678	-0.0010721430436909235
0.0012311614272318319	0.0024623228544636637	0.9987688385727685	-0.001231161427231831	-0.0012311614272318317	0.0012311614272318314	0.0024623228544636633	-0.0012311614272318319	-0.0012311614272318317	-0.0012311614272318319	0.0012337098592620122	0.002459773777801019	-0.0012311607825993699	-0.0012311615495202736	-0.0012311613049433895	0.0005360715218454615
0.001846742140847747	0.003693484281695494	-0.0018467421408477473	0.9981532578591521	-0.0018467421408477466	0.0018467421408477466	0.0036934842816954932	-0.001846742140847747	-0.0018467421408477468	-0.0018467421408477468	0.0018505647888930172	0.003689660666701529	-0.0018467411738990543	-0.0018467423242804098	-0.0018467419574150843	0.0008041072827681925
0.0036934842816954932	0.0073869685633909865	-0.0036934842816954937	-0.0036934842816954932	0.9963065157183046	0.0036934842816954937	0.0073869685633909865	-0.003693484281695494	-0.0036934842816954937	-0.0036934842816954937	0.0037011295777860348	0.007379321333403061	-0.003693482347798109	-0.00369348464856082	-0.0036934839148301682	0.0016082145655363853
-0.0006155807136159155	-0.001231161427231831	0.0006155807136159155	0.0006155807136159155	0.0006155807136159156	0.9993844192863841	-0.0012311614272318314	0.0006155807136159157	0.0006155807136159156	0.0006155807136159156	-0.0006168549296310061	-0.0012298868889005093	0.0006155803912996848	0.0006155807747601365	0.000615580652471695	-0.0002680357609227308
-0.0024623228544636633	-0.004924645708927327	0.0024623228544636633	0.0024623228544636633	0.002462322854463664	-0.0024623228544636633	0.9950753542910727	0.002462322854463664	0.002462322854463663	0.0024623228544636633	-0.0024674197185240243	-0.004919547555602039	0.0024623215651987398	0.002462323099040546	0.0024623226098867807	-0.0010721430436909235
0.0012311614272318314	0.002462322854463663	-0.0012311614272318314	-0.0012311614272318314	-0.0012311614272318317	0.0012311614272318314	0.0024623228544636633	0.9987688385727684	-0.0012311614272318312	-0.0012311614272318314	0.001233709859262012	0.0024597737778010186	-0.0012311607825993697	-0.0012311615495202732	-0.0012311613049433897	0.0005360715218454616
0.0018467421408477468	0.0036934842816954937	-0.001846742140847747	-0.0018467421408477468	-0.001846742140847747	0.0018467421408477468	0.003693484281695494	-0.0018467421408477473	0.9981532578591524	-0.0018467421408477462	0.0018505647888930172	0.0036896606667015295	-0.001846741173899054	-0.0018467423242804098	-0.001846741957415084	0.0008041072827681925
0.003693484281695493	0.007386968563390986	-0.0036934842816954932	-0.003693484281695493	-0.0036934842816954932	0.003693484281695493	0.0073869685633909865	-0.0036934842816954937	-0.003693484281695493	0.9963065157183045	0.003701129577786035	0.007379321333403061	-0.0036934823477981086	-0.003693484648560819	-0.0036934839148301687	0.0016082145655363853
-0.0006151691430690659	-0.0012303382861381315	0.0006151691430690659	0.0006151691430690658	0.0006151691430690659	-0.0006151691430690659	-0.0012303382861381317	0.000615169143069066	0.000615169143069066	0.000615169143069066	0.9830543835067174	0.015095308178480827	0.0006199700286635009	0.0006151298823257881	0.0006152084038123433	-0.017165838492511788
-0.0023932277911190027	-0.0047864555822380046	0.0023932277911190027	0.0023932277911190023	0.0023932277911190027	-0.0023932277911190023	-0.004786455582238005	0.0023932277911190023	0.0023932277911190023	0.0023932277911190027	0.033666329455530525	0.9591534731897089	0.002393741772522026	0.0023931503290797055	0.0023933052531582982	-0.0342586491016468
0.0012311614226440388	0.0024623228452880777	-0.0012311614226440388	-0.0012311614226440388	-0.0012311614226440388	0.0012311614226440388	0.0024623228452880777	-0.0012311614226440388	-0.0012311614226440386	-0.0012311614226440386	0.0012433160291341256	0.0024593991716464793	0.9987596076445076	-0.0012311615658727605	-0.0012311612794153155	0.0005272225824219541
0.0018467462030290508	0.0036934924060581017	-0.001846746203029051	-0.0018467462030290508	-0.001846746203029051	0.0018467462030290508	0.0036934924060581017	-0.0018467462030290508	-0.0018467462030290506	-0.0018467462030290506	0.0018506719878484215	0.0036895656271847418	-0.001846745208975063	0.9981510814548148	-0.001844573860872796	0.0008020424038136757
0.0036934842793094795	0.007386968558618959	-0.00369348427930948	-0.0036934842793094795	-0.0036934842793094795	0.003693484279309479	0.007386968558618959	-0.00369348427930948	-0.003693484279309479	-0.0036934842793094795	0.003701335840757074	0.00737911500906543	-0.003693482291203545	-0.003689140346952243	0.9963021717883338	0.0016040810961151669
-0.0018443286502132688	-0.003688657300426538	0.0018443286502132692	0.001844328650213269	0.0018443286502132692	-0.0018443286502132688	-0.0036886573004265375	0.0018443286502132692	0.0018443286502132688	0.0018443286502132688	-0.09976804325290084	0.09426164112877747	0.0018177448236968716	0.0018484372007973602	0.0018402200996291782	0.89780445817025