0.9986435019788672	-0.0027129960422668255	0.0013564980211334134	0.0013564980211334134	0.0013564980211334134	-0.0013564980211334134	-0.0027129960422668277	0.0013564980211334138	0.0013564980211334134	0.0013564980211334136	-0.0013639374060818543	-0.0027055551038084095	0.0013564964676234374	0.001356498567410695	0.0013564974748561326	-0.000522748798328484
-0.005425992084533652	0.9891480158309324	0.0054259920845336545	0.0054259920845336545	0.005425992084533654	-0.005425992084533653	-0.01085198416906731	0.005425992084533655	0.005425992084533653	0.005425992084533654	-0.005455749624327417	-0.010822220415233643	0.005425985870493749	0.005425994269642781	0.0054259898994245305	-0.002090995193313936
0.0027129960422668264	0.005425992084533654	0.9972870039577333	-0.002712996042266827	-0.002712996042266827	0.002712996042266827	0.005425992084533655	-0.0027129960422668273	-0.0027129960422668264	-0.0027129960422668264	0.0027278748121637077	0.005411110207616818	-0.002712992935246874	-0.0027129971348213893	-0.002712994949712265	0.0010454975966569678
0.004069494063400238	0.008138988126800476	-0.004069494063400238	0.9959305059365995	-0.004069494063400239	0.004069494063400238	0.008138988126800481	-0.004069494063400239	-0.004069494063400238	-0.004069494063400238	0.00409181221824556	0.008116665311425224	-0.004069489402870308	-0.0040694957022320835	-0.004069492424568396	0.0015682463949854512
0.00813898812680048	0.016277976253600966	-0.008138988126800481	-0.00813898812680048	0.9918610118731995	0.008138988126800478	0.016277976253600966	-0.00813898812680048	-0.008138988126800476	-0.008138988126800478	0.008183624436491121	0.016233330622850452	-0.008138978805740616	-0.00813899140446417	-0.00813898484913679	0.003136492789970903
-0.0013564980211334128	-0.002712996042266826	0.001356498021133413	0.0013564980211334132	0.0013564980211334128	0.9986435019788666	-0.002712996042266828	0.001356498021133414	0.0013564980211334136	0.0013564980211334136	-0.0013639374060818539	-0.0027055551038084103	0.0013564964676234367	0.0013564985674106949	0.0013564974748561326	-0.0005227487983284842
-0.005425992084533651	-0.010851984169067306	0.005425992084533653	0.005425992084533653	0.005425992084533652	-0.005425992084533652	0.9891480158309334	0.005425992084533656	0.0054259920845336545	0.0054259920845336545	-0.005455749624327414	-0.010822220415233638	0.005425985870493748	0.00542599426964278	0.005425989899424531	-0.002090995193313936
0.0027129960422668264	0.005425992084533654	-0.002712996042266827	-0.002712996042266827	-0.0027129960422668264	0.0027129960422668264	0.0054259920845336545	0.9972870039577335	-0.0027129960422668273	-0.0027129960422668273	0.002727874812163707	0.005411110207616819	-0.0027129929352468726	-0.0027129971348213893	-0.002712994949712265	0.0010454975966569678
0.00406949406340024	0.008138988126800481	-0.00406949406340024	-0.004069494063400239	-0.00406949406340024	0.00406949406340024	0.008138988126800483	-0.004069494063400241	0.9959305059365992	-0.00406949406340024	0.004091812218245558	0.008116665311425224	-0.004069489402870307	-0.004069495702232084	-0.004069492424568395	0.0015682463949854512
0.008138988126800481	0.01627797625360097	-0.008138988126800483	-0.008138988126800481	-0.008138988126800483	0.008138988126800481	0.01627797625360097	-0.008138988126800483	-0.00813898812680048	0.9918610118731994	0.00818362443649112	0.016233330622850452	-0.008138978805740618	-0.008138991404464169	-0.00813898484913679	0.0031364927899709023
-0.0013532410704606267	-0.002706482140921253	0.0013532410704606265	0.0013532410704606265	0.0013532410704606265	-0.0013532410704606265	-0.002706482140921254	0.001353241070460627	0.0013532410704606265	0.0013532410704606265	0.9695627581717501	0.02636874348878333	0.0013620161985450046	0.0013530757174458707	0.0013534064234753827	-0.031333088439422445
-0.0051227563533391305	-0.010245512706678263	0.005122756353339131	0.005122756353339131	0.005122756353339131	-0.005122756353339131	-0.010245512706678266	0.005122756353339132	0.005122756353339131	0.005122756353339131	0.06340350088863661	0.9212268311872597	0.005124155217425538	0.00512243369042987	0.005123079016248391	-0.06183285072368016
0.0027129959890884138	0.005425991978176828	-0.0027129959890884138	-0.0027129959890884138	-0.002712995989088414	0.002712995989088414	0.005425991978176829	-0.002712995989088414	-0.002712995989088414	-0.002712995989088414	0.002745479193544476	0.00541005041887247	0.9972704623657599	-0.0027129971672491377	-0.002712994810927693	0.00103003230218924
0.004069514079630492	0.008139028159260988	-0.004069514079630493	-0.004069514079630493	-0.004069514079630493	0.004069514079630493	0.00813902815926099	-0.004069514079630493	-0.004069514079630492	-0.004069514079630493	0.004092227807306965	0.00811630967194522	-0.004069509319991198	0.9959257004437009	-0.004064728602961611	0.0015638793557552796
0.00813898808908021	0.016277976178160427	-0.00813898808908021	-0.00813898808908021	-0.008138988089080212	0.00813898808908021	0.016277976178160427	-0.008138988089080212	-0.00813898808908021	-0.008138988089080212	0.00818441544888877	0.016232539299091766	-0.008138978569820116	-0.008129423776849313	0.9918514475986892	0.003127741682160022
-0.004050193335924371	-0.008100386671848743	0.0040501933359243705	0.0040501933359243705	0.004050193335924372	-0.0040501933359243705	-0.008100386671848744	0.0040501933359243705	0.004050193335924372	0.004050193335924372	-0.17843309038968824	0.16632912497479285	0.0040035787430466666	0.004058767163542997	0.004041619508305746	0.813559565194711