0.9990448026632238	-0.0019103946735523683	0.0009551973367761842	0.000955197336776184	0.0009551973367761838	-0.0009551973367761842	-0.0019103946735523688	0.000955197336776184	0.0009551973367761842	0.000955197336776184	-0.0009587935742108995	-0.0019067975876365557	0.000955196488295088	0.0009551975455365797	0.0009551971280157882	-0.0003918657058911203
-0.0038207893471047367	0.9923584213057907	0.003820789347104737	0.0038207893471047362	0.003820789347104736	-0.003820789347104737	-0.007641578694209475	0.003820789347104736	0.003820789347104736	0.003820789347104735	-0.003835174296843597	-0.007627190350546222	0.0038207859531803503	0.0038207901821463186	0.003820788512063151	-0.0015674628235644809
0.0019103946735523688	0.0038207893471047375	0.9980896053264475	-0.0019103946735523685	-0.0019103946735523681	0.0019103946735523688	0.0038207893471047384	-0.0019103946735523681	-0.0019103946735523681	-0.0019103946735523681	0.0019175871484217986	0.0038135951752731115	-0.0019103929765901754	-0.0019103950910731595	-0.0019103942560315754	0.0007837314117822409
0.002865592010328552	0.005731184020657104	-0.002865592010328552	0.9971344079896716	-0.0028655920103285515	0.0028655920103285515	0.005731184020657104	-0.0028655920103285507	-0.0028655920103285502	-0.002865592010328552	0.002876380722632697	0.005720392762909666	-0.002865589464885264	-0.0028655926366097395	-0.0028655913840473623	0.001175597117673361
0.005731184020657105	0.01146236804131421	-0.005731184020657105	-0.005731184020657103	0.9942688159793428	0.005731184020657104	0.01146236804131421	-0.005731184020657101	-0.0057311840206571004	-0.005731184020657104	0.005752761445265395	0.011440785525819334	-0.005731178929770527	-0.005731185273219479	-0.005731182768094726	0.002351194235346722
-0.000955197336776184	-0.001910394673552368	0.000955197336776184	0.000955197336776184	0.000955197336776184	0.9990448026632239	-0.0019103946735523685	0.000955197336776184	0.0009551973367761838	0.0009551973367761837	-0.0009587935742108993	-0.001906797587636556	0.000955196488295088	0.0009551975455365796	0.0009551971280157878	-0.0003918657058911203
-0.003820789347104735	-0.00764157869420947	0.003820789347104735	0.003820789347104735	0.003820789347104735	-0.003820789347104735	0.992358421305791	0.003820789347104735	0.003820789347104735	0.0038207893471047345	-0.0038351742968435972	-0.007627190350546221	0.003820785953180352	0.003820790182146318	0.003820788512063151	-0.0015674628235644809
0.0019103946735523677	0.0038207893471047354	-0.0019103946735523677	-0.0019103946735523677	-0.0019103946735523677	0.0019103946735523677	0.0038207893471047354	0.9980896053264472	-0.0019103946735523672	-0.001910394673552367	0.0019175871484217986	0.00381359517527311	-0.0019103929765901756	-0.001910395091073159	-0.0019103942560315752	0.0007837314117822404
0.002865592010328551	0.005731184020657103	-0.0028655920103285515	-0.0028655920103285507	-0.0028655920103285515	0.0028655920103285515	0.005731184020657103	-0.002865592010328551	0.9971344079896712	-0.002865592010328552	0.002876380722632698	0.005720392762909666	-0.0028655894648852644	-0.002865592636609739	-0.002865591384047363	0.0011755971176733615
0.005731184020657102	0.011462368041314206	-0.005731184020657103	-0.005731184020657101	-0.005731184020657103	0.005731184020657103	0.011462368041314206	-0.005731184020657102	-0.005731184020657101	0.9942688159793429	0.005752761445265395	0.011440785525819334	-0.005731178929770528	-0.005731185273219477	-0.005731182768094727	0.0023511942353467226
-0.0009538736378168489	-0.0019077472756336975	0.0009538736378168488	0.0009538736378168485	0.0009538736378168485	-0.0009538736378168488	-0.0019077472756336977	0.0009538736378168488	0.0009538736378168483	0.0009538736378168485	0.9762952115454424	0.020836357578289163	0.0009606836006344802	0.0009537854965448687	0.000953961779088828	-0.02423694320792198
-0.0036627036951646583	-0.007325407390329315	0.003662703695164658	0.003662703695164656	0.0036627036951646557	-0.0036627036951646557	-0.007325407390329312	0.0036627036951646557	0.003662703695164655	0.003662703695164655	0.04839986117850235	0.9406110797445141	0.003663651686654275	0.0036625307669403105	0.0036628766233889973	-0.04807786607239232
0.0019103946540682374	0.0038207893081364745	-0.0019103946540682372	-0.0019103946540682372	-0.0019103946540682372	0.0019103946540682372	0.0038207893081364753	-0.0019103946540682374	-0.0019103946540682368	-0.001910394654068237	0.0019312241132739558	0.0038128945475910804	0.9980766706472716	-0.0019103951179008957	-0.0019103941902355785	0.000771513395194886
0.0028656018567277835	0.005731203713455566	-0.0028656018567277835	-0.002865601856727782	-0.002865601856727783	0.002865601856727783	0.005731203713455567	-0.0028656018567277835	-0.002865601856727782	-0.0028656018567277835	0.0028766108544645208	0.005720192113702477	-0.0028655992547114337	0.9971310278068021	-0.0028622315202582725	0.0011724583657637987
0.0057311840092513	0.0114623680185026	-0.0057311840092513005	-0.005731184009251298	-0.0057311840092513	0.0057311840092513	0.011462368018502601	-0.0057311840092513005	-0.005731184009251299	-0.005731184009251301	0.005753201970351508	0.011440344853377547	-0.005731178805226458	-0.0057244458846467	0.9942620778661442	0.002344908048039344
-0.0028577765787159318	-0.005715553157431863	0.0028577765787159313	0.0028577765787159305	0.002857776578715931	-0.002857776578715931	-0.005715553157431862	0.002857776578715931	0.00285777657871593	0.0028577765787159313	-0.1392752575245137	0.1307386849617624	0.0028210194053194778	0.002863986479654029	0.002851566677777831	0.8557467335245652