0.9996011044904993	-0.0007977910190010068	0.0003988955095005033	0.00039889550950050333	0.00039889550950050344	-0.0003988955095005032	-0.0007977910190010066	0.0003988955095005033	0.0003988955095005033	0.0003988955095005033	-0.00039931231662190656	-0.0007973741027013173	0.0003988954003222172	0.00039889552726545246	0.00039889549173555426	-0.0001813179133203888
-0.0015955820380020131	0.9968088359239956	0.0015955820380020127	0.0015955820380020131	0.0015955820380020135	-0.0015955820380020127	-0.0031911640760040262	0.001595582038002013	0.0015955820380020131	0.0015955820380020131	-0.001597249266487626	-0.0031894964108052683	0.0015955816012888687	0.0015955821090618098	0.0015955819669422168	-0.0007252716532815554
0.0007977910190010064	0.001595582038002013	0.9992022089809988	-0.0007977910190010063	-0.0007977910190010066	0.0007977910190010062	0.001595582038002013	-0.0007977910190010064	-0.0007977910190010064	-0.0007977910190010064	0.000798624633243813	0.001594748205402634	-0.0007977908006444343	-0.0007977910545309045	-0.0007977909834711083	0.00036263582664077773
0.0011966865285015105	0.0023933730570030206	-0.0011966865285015103	0.9988033134714984	-0.0011966865285015108	0.0011966865285015105	0.0023933730570030215	-0.0011966865285015105	-0.0011966865285015105	-0.0011966865285015103	0.0011979369498657203	0.002392122308103952	-0.0011966862009666517	-0.0011966865817963576	-0.0011966864752066633	0.0005439537399611666
0.002393373057003021	0.004786746114006041	-0.0023933730570030206	-0.002393373057003021	0.9976066269429973	0.0023933730570030198	0.00478674611400604	-0.00239337305700302	-0.0023933730570030206	-0.0023933730570030206	0.0023958738997314397	0.004784244616207904	-0.002393372401933304	-0.0023933731635927148	-0.002393372950413326	0.0010879074799223331
-0.0003988955095005033	-0.0007977910190010066	0.00039889550950050317	0.0003988955095005031	0.00039889550950050333	0.9996011044904992	-0.0007977910190010063	0.0003988955095005031	0.00039889550950050317	0.0003988955095005033	-0.0003993123166219067	-0.0007973741027013173	0.0003988954003222173	0.00039889552726545235	0.0003988954917355541	-0.0001813179133203889
-0.0015955820380020131	-0.0031911640760040262	0.001595582038002013	0.0015955820380020127	0.0015955820380020133	-0.0015955820380020127	0.9968088359239955	0.001595582038002013	0.0015955820380020131	0.0015955820380020131	-0.0015972492664876265	-0.003189496410805269	0.0015955816012888694	0.0015955821090618096	0.0015955819669422168	-0.0007252716532815555
0.0007977910190010066	0.0015955820380020131	-0.0007977910190010064	-0.0007977910190010063	-0.0007977910190010067	0.0007977910190010064	0.001595582038002013	0.9992022089809991	-0.0007977910190010063	-0.0007977910190010063	0.0007986246332438132	0.0015947482054026341	-0.0007977908006444345	-0.0007977910545309045	-0.0007977909834711083	0.00036263582664077784
0.0011966865285015108	0.0023933730570030206	-0.0011966865285015103	-0.0011966865285015105	-0.0011966865285015108	0.0011966865285015105	0.002393373057003021	-0.001196686528501511	0.9988033134714986	-0.0011966865285015105	0.00119793694986572	0.0023921223081039516	-0.001196686200966652	-0.0011966865817963574	-0.0011966864752066626	0.0005439537399611666
0.00239337305700302	0.0047867461140060396	-0.0023933730570030198	-0.00239337305700302	-0.00239337305700302	0.00239337305700302	0.00478674611400604	-0.00239337305700302	-0.0023933730570030206	0.997606626942997	0.00239587389973144	0.004784244616207903	-0.0023933724019333034	-0.002393373163592713	-0.0023933729504133257	0.0010879074799223331
-0.00039877036791550194	-0.0007975407358310041	0.00039877036791550194	0.00039877036791550194	0.00039877036791550205	-0.0003987703679155019	-0.000797540735831004	0.000398770367915502	0.00039877036791550194	0.00039877036791550205	0.9881387858538114	0.010661591442602836	0.0004020819677548568	0.00039875303967224244	0.0003987876961587616	-0.01192055617524461
-0.0015654558775295756	-0.0031309117550591516	0.0015654558775295756	0.0015654558775295756	0.0015654558775295764	-0.0015654558775295756	-0.0031309117550591516	0.0015654558775295758	0.0015654558775295756	0.001565455877529576	0.023015384962781146	0.9722879903935642	0.0015657128885955063	0.0015654215453756852	0.001565490209683466	-0.023906100375219327
0.0007977910180221333	0.0015955820360442666	-0.0007977910180221333	-0.0007977910180221332	-0.0007977910180221334	0.0007977910180221332	0.0015955820360442664	-0.0007977910180221332	-0.0007977910180221332	-0.0007977910180221334	0.0008052490673533402	0.001594562223776133	0.9991957707449145	-0.0007977910628968278	-0.000797790973147439	0.00035638625496449834
0.0011966882269714455	0.002393376453942891	-0.0011966882269714455	-0.0011966882269714455	-0.0011966882269714455	0.0011966882269714455	0.0023933764539428915	-0.0011966882269714455	-0.0011966882269714458	-0.0011966882269714455	0.0011979859992093348	0.002392078341523574	-0.0011966878867900185	0.9988019039564462	-0.0011952804103888182	0.0005425948840864947
0.0023933730565229216	0.004786746113045842	-0.0023933730565229203	-0.002393373056522921	-0.002393373056522921	0.002393373056522921	0.004786746113045842	-0.002393373056522921	-0.002393373056522921	-0.002393373056522921	0.0023959685992046907	0.0047841498900016875	-0.002393372376160534	-0.002390557644275785	0.9976038115312297	0.0010851881747650884
-0.0011959602427545212	-0.002391920485509042	0.0011959602427545212	0.0011959602427545212	0.0011959602427545212	-0.001195960242754521	-0.002391920485509042	0.001195960242754521	0.0011959602427545212	0.0011959602427545212	-0.06993086989397684	0.06636175030145883	0.0011771991070089636	0.0011986717386075604	0.0011932487469014808	0.9290176592262339