0.9984499604249167	-0.003100079150166558	0.0015500395750832788	0.0015500395750832783	0.0015500395750832788	-0.0015500395750832792	-0.0031000791501665566	0.001550039575083278	0.0015500395750832788	0.0015500395750832783	-0.0015595319954385	-0.003090584908165159	0.0015500377534371037	0.0015500403594693778	0.0015500387906971806	-0.0005806265391745688
-0.006200158300333114	0.9875996833993338	0.006200158300333115	0.006200158300333114	0.006200158300333115	-0.006200158300333117	-0.012400316600666227	0.006200158300333113	0.006200158300333116	0.006200158300333113	-0.006238127981754002	-0.012362339632660639	0.006200151013748415	0.006200161437877512	0.0062001551627887215	-0.0023225061566982752
0.003100079150166557	0.006200158300333114	0.9968999208498335	-0.003100079150166558	-0.0031000791501665584	0.0031000791501665593	0.006200158300333115	-0.003100079150166557	-0.0031000791501665584	-0.0031000791501665575	0.0031190639908770007	0.006181169816330319	-0.0031000755068742087	-0.0031000807189387556	-0.0031000775813943607	0.001161253078349138
0.004650118725249837	0.009300237450499672	-0.004650118725249836	0.9953498812747503	-0.004650118725249836	0.004650118725249838	0.00930023745049967	-0.004650118725249835	-0.004650118725249837	-0.004650118725249835	0.0046785959863155	0.009271754724495474	-0.00465011326031131	-0.004650121078408131	-0.004650116372091537	0.0017418796175237066
0.009300237450499677	0.018600474900999354	-0.009300237450499677	-0.009300237450499675	0.9906997625495007	0.009300237450499677	0.018600474900999343	-0.009300237450499672	-0.009300237450499673	-0.009300237450499672	0.009357191972631	0.01854350944899095	-0.009300226520622621	-0.009300242156816263	-0.009300232744183075	0.003483759235047415
-0.0015500395750832788	-0.0031000791501665575	0.0015500395750832783	0.001550039575083278	0.0015500395750832788	0.9984499604249171	-0.0031000791501665575	0.0015500395750832788	0.0015500395750832792	0.0015500395750832788	-0.0015595319954385006	-0.0030905849081651598	0.0015500377534371041	0.0015500403594693778	0.0015500387906971804	-0.0005806265391745689
-0.006200158300333113	-0.012400316600666227	0.0062001583003331116	0.0062001583003331116	0.006200158300333113	-0.006200158300333115	0.9875996833993331	0.0062001583003331116	0.006200158300333114	0.0062001583003331116	-0.006238127981753999	-0.012362339632660634	0.006200151013748412	0.006200161437877509	0.006200155162788719	-0.0023225061566982752
0.003100079150166557	0.006200158300333114	-0.0031000791501665566	-0.003100079150166556	-0.003100079150166557	0.003100079150166558	0.006200158300333113	0.9968999208498328	-0.003100079150166558	-0.003100079150166557	0.0031190639908769994	0.006181169816330318	-0.003100075506874207	-0.003100080718938755	-0.00310007758139436	0.0011612530783491376
0.0046501187252498384	0.009300237450499677	-0.0046501187252498384	-0.004650118725249838	-0.004650118725249838	0.004650118725249839	0.009300237450499672	-0.004650118725249837	0.9953498812747508	-0.004650118725249835	0.0046785959863155	0.00927175472449548	-0.004650113260311311	-0.0046501210784081325	-0.004650116372091538	0.0017418796175237075
0.009300237450499673	0.018600474900999347	-0.009300237450499673	-0.009300237450499673	-0.009300237450499673	0.009300237450499673	0.018600474900999336	-0.009300237450499672	-0.009300237450499672	0.9906997625495002	0.009357191972630999	0.018543509448990955	-0.009300226520622621	-0.009300242156816263	-0.009300232744183075	0.003483759235047414
-0.0015454866919422706	-0.0030909733838845412	0.0015454866919422706	0.0015454866919422704	0.0015454866919422704	-0.0015454866919422708	-0.003090973383884541	0.0015454866919422704	0.0015454866919422702	0.0015454866919422704	0.966640376212323	0.028713572468434714	0.0015550779353579452	0.0015452774972589184	0.001545695886625623	-0.03440851349009112
-0.00581239357139705	-0.011624787142794102	0.00581239357139705	0.005812393571397049	0.00581239357139705	-0.005812393571397052	-0.011624787142794099	0.005812393571397049	0.0058123935713970485	0.0058123935713970485	0.06990177073177681	0.9126594805786322	0.005813961546796689	0.0058119862556865205	0.005812800887107577	-0.0677745635695162
0.0031000790768038284	0.006200158153607657	-0.0031000790768038284	-0.003100079076803828	-0.003100079076803828	0.0031000790768038293	0.006200158153607656	-0.003100079076803828	-0.003100079076803828	-0.0031000790768038276	0.0031383317402649967	0.00617996161814407	0.9968818647951987	-0.003100080753212341	-0.0031000774003953164	0.0011444128416322353
0.004650144961822871	0.009300289923645743	-0.0046501449618228715	-0.004650144961822871	-0.0046501449618228715	0.004650144961822872	0.00930028992364574	-0.00465014496182287	-0.004650144961822871	-0.004650144961822871	0.004679114619155371	0.009271314679370025	-0.004650139374879654	0.9953443872640436	-0.00464467718768908	0.0017369334724639672
0.009300237391832123	0.01860047478366425	-0.009300237391832125	-0.009300237391832122	-0.009300237391832122	0.009300237391832122	0.018600474783664236	-0.00930023739183212	-0.009300237391832122	-0.00930023739183212	0.009358176571576587	0.018542524430056335	-0.009300226217968683	-0.009289311367429472	0.9906888365837655	0.003473844976454335
-0.0046231084608787465	-0.009246216921757493	0.0046231084608787465	0.004623108460878746	0.004623108460878745	-0.0046231084608787465	-0.009246216921757491	0.004623108460878746	0.0046231084608787465	0.004623108460878746	-0.19537155854538613	0.1815530404543347	0.0045723011692939105	0.004632781663125983	0.004613435258631513	0.795279289383806