0.9980010006144302	-0.003997998771139033	0.0019989993855695164	0.001998999385569517	0.001998999385569517	-0.0019989993855695164	-0.003997998771139033	0.001998999385569516	0.0019989993855695164	0.001998999385569516	-0.0020131244355415393	-0.003983871762841864	0.0019989974272443716	0.001999000941556365	0.0019989978295826705	-0.0007026176856825473
-0.007995997542278071	0.9840080049154443	0.007995997542278067	0.007995997542278067	0.00799599754227807	-0.00799599754227807	-0.01599199508455614	0.007995997542278067	0.00799599754227807	0.00799599754227807	-0.008052497742166159	-0.01593548705136746	0.007995989708977492	0.007996003766225461	0.00799599131833068	-0.0028104707427301892
0.003997998771139037	0.007995997542278071	0.9960020012288606	-0.003997998771139035	-0.0039979987711390354	0.003997998771139035	0.00799599754227807	-0.003997998771139034	-0.003997998771139034	-0.003997998771139033	0.004026248871083082	0.00796774352568373	-0.003997994854488745	-0.003998001883112729	-0.003997995659165341	0.0014052353713650944
0.005996998156708549	0.011993996313417098	-0.0059969981567085506	0.9940030018432907	-0.0059969981567085506	0.0059969981567085506	0.011993996313417103	-0.00599699815670855	-0.00599699815670855	-0.0059969981567085506	0.006039373306624618	0.0119516152885256	-0.005996992281733113	-0.005997002824669094	-0.005996993488748009	0.002107853057047641
0.011993996313417101	0.023987992626834202	-0.011993996313417103	-0.011993996313417103	0.9880060036865832	0.011993996313417103	0.023987992626834213	-0.011993996313417101	-0.011993996313417103	-0.011993996313417105	0.01207874661324924	0.023903230577051206	-0.011993984563466235	-0.011994005649338186	-0.01199398697749602	0.004215706114095285
-0.0019989993855695164	-0.003997998771139031	0.001998999385569516	0.0019989993855695164	0.0019989993855695164	0.9980010006144301	-0.003997998771139034	0.001998999385569516	0.0019989993855695164	0.0019989993855695164	-0.0020131244355415397	-0.003983871762841865	0.0019989974272443724	0.001999000941556365	0.0019989978295826692	-0.000702617685682547
-0.00799599754227807	-0.01599199508455613	0.007995997542278067	0.00799599754227807	0.00799599754227807	-0.007995997542278071	0.9840080049154446	0.00799599754227807	0.00799599754227807	0.00799599754227807	-0.008052497742166164	-0.015935487051367467	0.00799598970897749	0.007996003766225461	0.007995991318330682	-0.002810470742730189
0.003997998771139033	0.007995997542278064	-0.003997998771139032	-0.003997998771139033	-0.003997998771139033	0.003997998771139034	0.007995997542278067	0.9960020012288606	-0.003997998771139034	-0.003997998771139033	0.004026248871083079	0.00796774352568373	-0.003997994854488743	-0.003998001883112729	-0.00399799565916534	0.0014052353713650944
0.0059969981567085506	0.011993996313417101	-0.005996998156708551	-0.005996998156708551	-0.005996998156708551	0.005996998156708551	0.011993996313417105	-0.005996998156708552	0.994003001843291	-0.005996998156708553	0.00603937330662462	0.011951615288525601	-0.005996992281733116	-0.005997002824669095	-0.005996993488748008	0.0021078530570476416
0.011993996313417101	0.023987992626834202	-0.011993996313417103	-0.011993996313417103	-0.011993996313417103	0.011993996313417103	0.023987992626834213	-0.011993996313417105	-0.011993996313417106	0.988006003686583	0.01207874661324924	0.023903230577051206	-0.011993984563466233	-0.011994005649338191	-0.011993986977496018	0.004215706114095284
-0.0019904500922449456	-0.0039809001844898885	0.0019904500922449447	0.0019904500922449456	0.0019904500922449456	-0.0019904500922449456	-0.003980900184489891	0.0019904500922449447	0.0019904500922449456	0.0019904500922449456	0.9603936681081838	0.03362377548504248	0.0020016562222840623	0.001990124480753196	0.001990775703736694	-0.04093089974148956
-0.007377244057746022	-0.014754488115492037	0.007377244057746021	0.007377244057746021	0.007377244057746023	-0.007377244057746021	-0.01475448811549204	0.00737724405774602	0.007377244057746021	0.007377244057746021	0.0835419386900804	0.8943245232004929	0.007379049993934431	0.007376612769788264	0.007377875345703778	-0.08036582579181245
0.003997998657194098	0.007995997314388192	-0.003997998657194097	-0.003997998657194097	-0.003997998657194098	0.003997998657194097	0.007995997314388192	-0.003997998657194097	-0.003997998657194099	-0.003997998657194098	0.004048866406729009	0.007966268090332608	0.9959808628173268	-0.003998001934647637	-0.003997995379740559	0.001385520776764646
0.005997042188844929	0.011994084377689857	-0.005997042188844929	-0.0059970421888449294	-0.0059970421888449294	0.00599704218884493	0.011994084377689862	-0.005997042188844931	-0.005997042188844931	-0.005997042188844931	0.006040162831840438	0.011950957679365957	-0.005997036133516538	0.993995907980464	-0.005989992358154095	0.002101593209557744
0.011993996179561334	0.02398799235912267	-0.011993996179561336	-0.011993996179561336	-0.011993996179561338	0.011993996179561338	0.023987992359122676	-0.011993996179561338	-0.011993996179561338	-0.01199399617956134	0.012080237230634092	0.023901739197414108	-0.011993984068925533	-0.011979915372304006	0.9879919230131812	0.004203150823546683
-0.00594618895139942	-0.01189237790279884	0.005946188951399421	0.005946188951399421	0.005946188951399421	-0.005946188951399421	-0.011892377902798843	0.005946188951399421	0.005946188951399421	0.005946188951399423	-0.2314725267320416	0.21369357333477101	0.00588657549447171	0.005958320745471927	0.005934057157326917	0.7565079797543304