0.9975985522530496	-0.004802895493901179	0.002401447746950588	0.0024014477469505888	0.0024014477469505896	-0.002401447746950589	-0.00480289549390118	0.002401447746950589	0.0024014477469505883	0.0024014477469505888	-0.002418968120644666	-0.004785373954232611	0.0024014465809760986	0.0024014502895224597	0.002401445204378719	-0.0007976547701312956
-0.00960579098780236	0.9807884180243958	0.009605790987802352	0.009605790987802357	0.00960579098780236	-0.009605790987802357	-0.01921158197560472	0.009605790987802357	0.009605790987802355	0.009605790987802357	-0.009675872482578665	-0.019141495816930452	0.009605786323904398	0.009605801158089842	0.009605780817514877	-0.003190619080525182
0.00480289549390118	0.009605790987802362	0.9951971045060986	-0.0048028954939011775	-0.00480289549390118	0.004802895493901178	0.00960579098780236	-0.004802895493901178	-0.0048028954939011775	-0.004802895493901178	0.004837936241289331	0.009570747908465226	-0.004802893161952197	-0.004802900579044919	-0.004802890408757435	0.001595309540262591
0.00720434324085177	0.014408686481703542	-0.007204343240851769	0.9927956567591483	-0.007204343240851772	0.007204343240851769	0.014408686481703546	-0.00720434324085177	-0.007204343240851768	-0.007204343240851769	0.0072569043619339964	0.014356121862697841	-0.0072043397429283	-0.007204350868567378	-0.007204335613136158	0.002392964310393887
0.014408686481703539	0.02881737296340708	-0.014408686481703539	-0.014408686481703535	0.9855913135182969	0.014408686481703539	0.028817372963407088	-0.01440868648170354	-0.014408686481703537	-0.014408686481703539	0.014513808723867998	0.028712243725395693	-0.0144086794858566	-0.014408701737134759	-0.014408671226272318	0.004785928620787774
-0.0024014477469505896	-0.00480289549390118	0.0024014477469505896	0.002401447746950588	0.0024014477469505896	0.9975985522530492	-0.004802895493901181	0.002401447746950589	0.0024014477469505883	0.0024014477469505888	-0.002418968120644666	-0.004785373954232613	0.0024014465809761	0.00240145028952246	0.0024014452043787183	-0.0007976547701312956
-0.00960579098780236	-0.019211581975604724	0.00960579098780236	0.009605790987802353	0.009605790987802362	-0.009605790987802358	0.9807884180243962	0.009605790987802358	0.009605790987802355	0.009605790987802358	-0.009675872482578665	-0.019141495816930462	0.0096057863239044	0.009605801158089842	0.009605780817514875	-0.0031906190805251824
0.004802895493901179	0.00960579098780236	-0.004802895493901179	-0.004802895493901176	-0.004802895493901179	0.004802895493901178	0.00960579098780236	0.9951971045060992	-0.0048028954939011775	-0.004802895493901179	0.004837936241289332	0.00957074790846523	-0.0048028931619522	-0.004802900579044921	-0.004802890408757437	0.0015953095402625912
0.007204343240851773	0.014408686481703546	-0.007204343240851772	-0.00720434324085177	-0.007204343240851773	0.00720434324085177	0.014408686481703549	-0.007204343240851773	0.9927956567591482	-0.007204343240851769	0.007256904361934001	0.014356121862697845	-0.0072043397429283	-0.007204350868567377	-0.007204335613136158	0.002392964310393887
0.014408686481703539	0.02881737296340708	-0.014408686481703537	-0.014408686481703535	-0.014408686481703539	0.014408686481703535	0.028817372963407084	-0.014408686481703539	-0.014408686481703533	0.9855913135182964	0.014513808723867993	0.02871224372539568	-0.014408679485856595	-0.01440870173713475	-0.014408671226272315	0.004785928620787773
-0.002388027442582294	-0.004776054885164589	0.0023880274425822938	0.002388027442582292	0.0023880274425822938	-0.002388027442582293	-0.0047760548851645875	0.0023880274425822938	0.002388027442582292	0.0023880274425822933	0.9552191607497644	0.0376043884970647	0.00240039586800641	0.002387581543920428	0.002388473341244159	-0.04625490620529099
-0.008739270831164552	-0.01747854166232911	0.008739270831164552	0.008739270831164549	0.00873927083116455	-0.00873927083116455	-0.017478541662329105	0.00873927083116455	0.008739270831164549	0.008739270831164556	0.09445719373237037	0.8793231720992474	0.008741092506053491	0.008738408930565121	0.008740132731763979	-0.09065015977544978
0.004802895379827683	0.00960579075965537	-0.004802895379827683	-0.00480289537982768	-0.004802895379827683	0.004802895379827682	0.009605790759655368	-0.004802895379827683	-0.00480289537982768	-0.004802895379827682	0.0048630602791003555	0.009569123419628059	0.9951736070609275	-0.004802900689540687	-0.004802890070114673	0.0015732679150440333
0.007204407308466019	0.01440881461693204	-0.007204407308466018	-0.007204407308466016	-0.007204407308466018	0.007204407308466016	0.014408814616932039	-0.007204407308466019	-0.007204407308466016	-0.007204407308466018	0.007257974051116646	0.014355244137699254	-0.007204403571883861	0.9927871257802707	-0.007195940397202455	0.0023855601258814937
0.01440868624111847	0.028817372482236942	-0.014408686241118468	-0.014408686241118466	-0.01440868624111847	0.014408686241118468	0.028817372482236946	-0.014408686241118471	-0.014408686241118468	-0.014408686241118468	0.014515819419997206	0.028710231830180236	-0.0144086787679405	-0.01439178318932614	0.9855744107070893	0.004771070022221697
-0.0071244996541728915	-0.014248999308345781	0.007124499654172891	0.007124499654172888	0.0071244996541728915	-0.007124499654172888	-0.014248999308345783	0.0071244996541728915	0.007124499654172888	0.007124499654172889	-0.2612877428833184	0.23998103016251326	0.007057713412459296	0.00713873492470063	0.007110264383645154	0.7248466324859861