0.9982092592693643	-0.0035814814612716815	0.0017907407306358414	0.0017907407306358412	0.001790740730635841	-0.0017907407306358412	-0.003581481461271682	0.0017907407306358412	0.001790740730635841	0.0017907407306358412	-0.0018027808775855656	-0.0035694393135286607	0.0017907387298425421	0.00179074188847703	0.0017907395727946513	-0.0006481316158144704
-0.007162962922543363	0.9856740741549134	0.007162962922543364	0.007162962922543364	0.007162962922543363	-0.007162962922543363	-0.014325925845086724	0.007162962922543363	0.007162962922543362	0.007162962922543362	-0.007211123510342262	-0.014277757254114636	0.007162954919370168	0.007162967553908121	0.007162958291178603	-0.0025925264632578812
0.0035814814612716815	0.007162962922543363	0.9964185185387285	-0.0035814814612716824	-0.003581481461271682	0.003581481461271682	0.007162962922543362	-0.0035814814612716815	-0.0035814814612716815	-0.003581481461271682	0.0036055617551711315	0.00713887862705732	-0.0035814774596850843	-0.0035814837769540613	-0.0035814791455893026	0.001296263231628941
0.005372222191907522	0.010744444383815043	-0.0053722221919075205	0.9946277778080928	-0.005372222191907522	0.005372222191907523	0.010744444383815045	-0.005372222191907521	-0.0053722221919075205	-0.0053722221919075205	0.005408342632756698	0.010708317940585983	-0.005372216189527628	-0.005372225665431093	-0.0053722187183839545	0.0019443948474434107
0.010744444383815045	0.021488888767630086	-0.010744444383815041	-0.010744444383815041	0.9892555556161848	0.010744444383815046	0.021488888767630086	-0.010744444383815043	-0.010744444383815043	-0.010744444383815041	0.010816685265513395	0.021416635881171965	-0.010744432379055252	-0.010744451330862185	-0.010744437436767909	0.003888789694886822
-0.0017907407306358408	-0.0035814814612716815	0.0017907407306358405	0.001790740730635841	0.0017907407306358408	0.9982092592693645	-0.003581481461271682	0.0017907407306358412	0.001790740730635841	0.001790740730635841	-0.0018027808775855653	-0.0035694393135286603	0.0017907387298425421	0.0017907418884770307	0.0017907395727946513	-0.0006481316158144705
-0.007162962922543361	-0.014325925845086723	0.007162962922543361	0.007162962922543363	0.007162962922543362	-0.007162962922543363	0.9856740741549134	0.007162962922543362	0.007162962922543363	0.007162962922543364	-0.00721112351034226	-0.014277757254114634	0.0071629549193701686	0.007162967553908121	0.007162958291178604	-0.0025925264632578817
0.003581481461271681	0.007162962922543362	-0.0035814814612716806	-0.0035814814612716815	-0.003581481461271681	0.003581481461271682	0.007162962922543362	0.9964185185387283	-0.003581481461271682	-0.003581481461271682	0.0036055617551711302	0.007138878627057317	-0.0035814774596850834	-0.0035814837769540604	-0.003581479145589303	0.001296263231628941
0.005372222191907526	0.01074444438381505	-0.005372222191907524	-0.005372222191907524	-0.005372222191907523	0.005372222191907525	0.010744444383815046	-0.005372222191907523	0.9946277778080924	-0.005372222191907521	0.005408342632756699	0.010708317940585988	-0.00537221618952763	-0.005372225665431093	-0.005372218718383956	0.0019443948474434113
0.010744444383815051	0.0214888887676301	-0.010744444383815048	-0.010744444383815048	-0.010744444383815046	0.01074444438381505	0.021488888767630093	-0.010744444383815046	-0.010744444383815046	0.989255555616185	0.010816685265513394	0.021416635881171976	-0.01074443237905526	-0.010744451330862185	-0.01074443743676791	0.0038887896948868227
-0.0017842234371724694	-0.0035684468743449388	0.0017842234371724694	0.0017842234371724694	0.0017842234371724694	-0.0017842234371724694	-0.0035684468743449383	0.0017842234371724692	0.0017842234371724694	0.0017842234371724694	0.963213964477906	0.03142286288834427	0.0017947257594053121	0.001783954278083391	0.0017844925962615472	-0.03799719006983559
-0.006657356455023635	-0.01331471291004727	0.006657356455023634	0.006657356455023635	0.006657356455023634	-0.006657356455023635	-0.013314712910047268	0.006657356455023634	0.006657356455023635	0.006657356455023634	0.07743791573132315	0.90258829116702	0.006659080191609445	0.006656833652298591	0.006657879257748678	-0.07470243618418115
0.0035814813635242646	0.007162962727048529	-0.0035814813635242646	-0.0035814813635242646	-0.0035814813635242646	0.003581481363524265	0.007162962727048529	-0.0035814813635242637	-0.0035814813635242646	-0.003581481363524264	0.003626706622546404	0.0071375134688478475	0.9963987426356542	-0.0035814838167380547	-0.0035814789103104736	0.0012778361888463345
0.005372257379124596	0.010744514758249193	-0.0053722573791245955	-0.0053722573791245955	-0.005372257379124595	0.005372257379124596	0.010744514758249191	-0.0053722573791245955	-0.0053722573791245955	-0.005372257379124595	0.005409001031976625	0.010707764950615114	-0.005372251224342549	0.9946214265257494	-0.005365941283998732	0.0019387393980465452
0.010744444289895965	0.021488888579791924	-0.01074444428989596	-0.010744444289895964	-0.010744444289895962	0.010744444289895964	0.02148888857979192	-0.01074444428989596	-0.01074444428989596	-0.010744444289895958	0.010817931407021147	0.021415389153127712	-0.010744431980356925	-0.010731826140998036	0.9892429375612065	0.0038774498896294056
-0.005333517193242427	-0.010667034386484853	0.005333517193242427	0.0053335171932424276	0.005333517193242427	-0.0053335171932424276	-0.010667034386484853	0.005333517193242425	0.005333517193242427	0.0053335171932424276	-0.215189978923671	0.19924508899931775	0.005277855537868559	0.005344523851335966	0.005322510535148889	0.7739481213954502