0.9978904765323837	-0.004219046935232427	0.0021095234676162125	0.0021095234676162125	0.002109523467616213	-0.002109523467616214	-0.0042190469352324286	0.0021095234676162134	0.0021095234676162134	0.002109523467616214	-0.002124677534733011	-0.00420389102525369	0.0021095216247542735	0.002109525265060037	0.0021095216701723903	-0.0007300659534700011
-0.008438093870464855	0.9831238122590699	0.008438093870464847	0.008438093870464845	0.008438093870464847	-0.00843809387046485	-0.016876187740929704	0.00843809387046485	0.00843809387046485	0.008438093870464852	-0.008498710138932039	-0.016815564101014754	0.008438086499017089	0.008438101060240144	0.008438086680689561	-0.0029202638138800035
0.004219046935232425	0.00843809387046485	0.9957809530647671	-0.004219046935232423	-0.004219046935232424	0.004219046935232426	0.008438093870464852	-0.004219046935232425	-0.004219046935232425	-0.004219046935232425	0.00424935506946602	0.008407782050507379	-0.004219043249508544	-0.00421905053012007	-0.004219043340344779	0.0014601319069400024
0.006328570402848639	0.012657140805697277	-0.006328570402848638	0.9936714295971509	-0.006328570402848635	0.006328570402848638	0.012657140805697279	-0.006328570402848636	-0.006328570402848637	-0.006328570402848637	0.00637403260419903	0.012611673075761063	-0.006328564874262818	-0.006328575795180106	-0.006328565010517169	0.002190197860410003
0.01265714080569728	0.025314281611394557	-0.012657140805697277	-0.012657140805697275	0.9873428591943019	0.012657140805697277	0.025314281611394564	-0.012657140805697275	-0.012657140805697277	-0.012657140805697277	0.012748065208398067	0.025223346151522132	-0.012657129748525639	-0.012657151590360214	-0.012657130021034342	0.004380395720820006
-0.0021095234676162134	-0.004219046935232427	0.0021095234676162134	0.002109523467616213	0.002109523467616213	0.9978904765323838	-0.004219046935232428	0.002109523467616213	0.0021095234676162125	0.002109523467616213	-0.0021246775347330115	-0.00420389102525369	0.002109521624754272	0.0021095252650600365	0.0021095216701723894	-0.0007300659534700011
-0.008438093870464852	-0.016876187740929704	0.008438093870464852	0.008438093870464848	0.00843809387046485	-0.008438093870464852	0.9831238122590702	0.00843809387046485	0.008438093870464848	0.008438093870464848	-0.008498710138932044	-0.016815564101014757	0.008438086499017089	0.008438101060240143	0.008438086680689558	-0.0029202638138800035
0.004219046935232425	0.00843809387046485	-0.004219046935232425	-0.004219046935232423	-0.004219046935232424	0.004219046935232425	0.00843809387046485	0.9957809530647671	-0.004219046935232424	-0.004219046935232424	0.00424935506946602	0.008407782050507377	-0.0042190432495085445	-0.00421905053012007	-0.004219043340344779	0.0014601319069400018
0.006328570402848639	0.012657140805697277	-0.006328570402848638	-0.006328570402848637	-0.0063285704028486385	0.0063285704028486385	0.012657140805697279	-0.0063285704028486385	0.9936714295971512	-0.006328570402848637	0.006374032604199034	0.01261167307576107	-0.006328564874262819	-0.006328575795180107	-0.006328565010517172	0.002190197860410003
0.012657140805697279	0.025314281611394557	-0.012657140805697277	-0.012657140805697274	-0.012657140805697277	0.012657140805697277	0.025314281611394557	-0.012657140805697277	-0.012657140805697275	0.9873428591943021	0.012748065208398064	0.025223346151522132	-0.012657129748525637	-0.012657151590360212	-0.012657130021034343	0.004380395720820007
-0.00209976426855728	-0.00419952853711456	0.0020997642685572806	0.00209976426855728	0.0020997642685572806	-0.0020997642685572806	-0.004199528537114562	0.00209976426855728	0.00209976426855728	0.0020997642685572806	0.9589406166146193	0.034748540368217895	0.0021113144800475785	0.002099407056998629	0.0021001214801159344	-0.04243393092869459
-0.007755112227987363	-0.015510224455974726	0.007755112227987363	0.007755112227987362	0.007755112227987363	-0.007755112227987363	-0.01551022445597473	0.007755112227987363	0.007755112227987363	0.007755112227987365	0.08664545304250311	0.8900873811593004	0.007756941342222453	0.007754420293673718	0.007755804162301007	-0.08326819523421189
0.0042190468161878774	0.008438093632375757	-0.0042190468161878774	-0.004219046816187877	-0.004219046816187878	0.004219046816187878	0.008438093632375757	-0.004219046816187877	-0.004219046816187876	-0.004219046816187877	0.004272702856624843	0.008406257544299345	0.9957591332314516	-0.004219050592132603	-0.004219043040243155	0.0014397597125179436
0.006328619548485837	0.012657239096971674	-0.006328619548485836	-0.006328619548485835	-0.006328619548485836	0.0063286195484858355	0.012657239096971673	-0.0063286195484858355	-0.006328619548485835	-0.0063286195484858355	0.006374895546047673	0.012610957375023787	-0.0063286138240997904	0.9936639413314513	-0.00632118042842302	0.002183620667287509
0.012657140646664514	0.02531428129332903	-0.012657140646664513	-0.012657140646664511	-0.012657140646664516	0.012657140646664514	0.02531428129332903	-0.012657140646664514	-0.012657140646664514	-0.012657140646664514	0.012749692383937663	0.02522171810729938	-0.012657129197908012	-0.012642284178164815	0.987328002884836	0.004367201939290017
-0.006270551511413775	-0.01254110302282755	0.006270551511413774	0.006270551511413772	0.006270551511413774	-0.006270551511413774	-0.01254110302282755	0.006270551511413774	0.006270551511413773	0.006270551511413773	-0.23985206074382204	0.22110204259653546	0.006208915124458977	0.006283270089385143	0.006257832933442406	0.747571449929267