0.9979937543862252	-0.00401249122755032	0.0020062456137751607	0.0020062456137751607	0.0020062456137751607	-0.002006245613775161	-0.004012491227550321	0.00200624561377516	0.0020062456137751603	0.0020062456137751607	-0.0020204400106574624	-0.00399829487779362	0.002006243660900759	0.0020062471849365865	0.002006244042613735	-0.0007044484292136252
-0.008024982455100643	0.9839500350897985	0.008024982455100641	0.008024982455100643	0.008024982455100643	-0.008024982455100645	-0.016049964910201282	0.00802498245510064	0.008024982455100641	0.008024982455100643	-0.008081760042629844	-0.015993179511174477	0.008024974643603033	0.008024988739746344	0.008024976170454943	-0.0028177937168545014
0.00401249122755032	0.008024982455100634	0.9959875087724498	-0.004012491227550321	-0.004012491227550321	0.004012491227550322	0.008024982455100641	-0.00401249122755032	-0.004012491227550321	-0.004012491227550321	0.004040880021314923	0.007996589755587239	-0.004012487321801517	-0.00401249436987317	-0.004012488085227471	0.00140889685842725
0.006018736841325485	0.012037473682650969	-0.006018736841325484	0.993981263158675	-0.006018736841325485	0.006018736841325485	0.012037473682650969	-0.0060187368413254835	-0.006018736841325483	-0.006018736841325485	0.006061320031972387	0.011994884633380862	-0.006018730982702281	-0.006018741554809758	-0.006018732127841208	0.0021133452876408764
0.012037473682650967	0.024074947365301934	-0.012037473682650967	-0.012037473682650967	0.9879625263173492	0.012037473682650965	0.024074947365301923	-0.012037473682650963	-0.012037473682650962	-0.012037473682650965	0.012122640063944768	0.023989769266761725	-0.012037461965404552	-0.012037483109619515	-0.01203746425568241	0.004226690575281753
-0.0020062456137751603	-0.004012491227550319	0.0020062456137751594	0.0020062456137751594	0.0020062456137751603	0.9979937543862251	-0.00401249122755032	0.00200624561377516	0.00200624561377516	0.00200624561377516	-0.002020440010657461	-0.003998294877793619	0.002006243660900759	0.0020062471849365856	0.002006244042613736	-0.0007044484292136251
-0.008024982455100641	-0.016049964910201272	0.008024982455100638	0.008024982455100638	0.00802498245510064	-0.008024982455100641	0.9839500350897986	0.008024982455100641	0.008024982455100641	0.008024982455100641	-0.008081760042629844	-0.01599317951117448	0.008024974643603036	0.008024988739746343	0.008024976170454943	-0.002817793716854501
0.004012491227550321	0.008024982455100636	-0.004012491227550319	-0.00401249122755032	-0.00401249122755032	0.00401249122755032	0.00802498245510064	0.9959875087724492	-0.0040124912275503214	-0.004012491227550322	0.004040880021314923	0.007996589755587237	-0.004012487321801519	-0.004012494369873171	-0.004012488085227472	0.00140889685842725
0.0060187368413254835	0.012037473682650965	-0.006018736841325483	-0.006018736841325483	-0.0060187368413254835	0.0060187368413254835	0.012037473682650965	-0.006018736841325483	0.9939812631586744	-0.006018736841325484	0.006061320031972384	0.011994884633380862	-0.006018730982702279	-0.006018741554809757	-0.006018732127841207	0.0021133452876408772
0.012037473682650969	0.024074947365301934	-0.012037473682650967	-0.012037473682650967	-0.012037473682650969	0.012037473682650969	0.024074947365301934	-0.012037473682650967	-0.012037473682650965	0.987962526317349	0.01212264006394477	0.02398976926676172	-0.012037461965404558	-0.012037483109619515	-0.012037464255682416	0.004226690575281753
-0.0019976198452997937	-0.0039952396905995865	0.0019976198452997924	0.0019976198452997932	0.0019976198452997937	-0.0019976198452997937	-0.003995239690599587	0.0019976198452997937	0.0019976198452997932	0.0019976198452997937	0.9602975490324952	0.03369836213561761	0.002008849141287257	0.0019972921962718554	0.0019979474943277306	-0.04103051050104026
-0.007402106628102889	-0.014804213256205774	0.007402106628102887	0.007402106628102888	0.007402106628102889	-0.007402106628102889	-0.014804213256205775	0.007402106628102888	0.007402106628102887	0.007402106628102888	0.08374813922783333	0.8940437329950209	0.007403914520940013	0.007401471428154037	0.007402741828051736	-0.08055815299417932
0.0040124911131822144	0.008024982226364427	-0.004012491113182213	-0.004012491113182213	-0.004012491113182214	0.004012491113182214	0.008024982226364427	-0.004012491113182214	-0.004012491113182213	-0.004012491113182214	0.004063546479761978	0.007995110905333754	0.9959663248412687	-0.004012494421990654	-0.004012487804373772	0.0013891386497699167
0.0060187811997675185	0.012037562399535035	-0.006018781199767517	-0.006018781199767517	-0.006018781199767518	0.006018781199767518	0.012037562399535033	-0.006018781199767516	-0.006018781199767515	-0.006018781199767518	0.006062114289213906	0.01199422327011275	-0.006018775159791619	0.9939741434443393	-0.006011705843874498	0.002107064562267035
0.012037473547232835	0.024074947094465664	-0.012037473547232832	-0.012037473547232834	-0.012037473547232835	0.012037473547232835	0.024074947094465667	-0.012037473547232832	-0.012037473547232832	-0.012037473547232835	0.012124139489654446	0.02398826907211297	-0.012037461467301743	-0.012023341872948254	0.9879483947784826	0.004214093285076688
-0.005967471979740844	-0.011934943959481687	0.005967471979740844	0.005967471979740844	0.005967471979740844	-0.005967471979740844	-0.011934943959481688	0.005967471979740843	0.005967471979740844	0.005967471979740845	-0.2320270198575532	0.21418435144502995	0.005907724453041795	0.005979642461061728	0.005955301498419962	0.7559157618254753