0.9986525438845961	-0.002694912230807802	0.0013474561154039014	0.0013474561154039016	0.0013474561154039018	-0.0013474561154039014	-0.0026949122308078024	0.0013474561154039012	0.0013474561154039016	0.0013474561154039018	-0.001354801182157867	-0.002687565624948171	0.0013474545762982367	0.0013474566518312605	0.001347455578976542	-0.0005199644759660379
-0.005389824461615606	0.989220351076769	0.005389824461615605	0.0053898244616156065	0.0053898244616156065	-0.005389824461615605	-0.010779648923231208	0.005389824461615604	0.005389824461615606	0.005389824461615606	-0.005419204728631467	-0.010750262499792683	0.005389818305192946	0.005389826607325042	0.005389822315906167	-0.0020798579038641507
0.0026949122308078033	0.005389824461615606	0.9973050877691922	-0.0026949122308078033	-0.0026949122308078037	0.002694912230807803	0.005389824461615606	-0.002694912230807803	-0.0026949122308078033	-0.0026949122308078033	0.0027096023643157336	0.005375131249896341	-0.0026949091525964725	-0.0026949133036625215	-0.002694911157953083	0.0010399289519320753
0.004042368346211703	0.008084736692423409	-0.004042368346211704	0.9959576316537885	-0.004042368346211704	0.004042368346211703	0.008084736692423407	-0.004042368346211704	-0.004042368346211704	-0.0040423683462117044	0.004064403546473599	0.008062696874844517	-0.0040423637288947096	-0.004042369955493783	-0.004042366736929627	0.0015598934278981131
0.008084736692423404	0.016169473384846814	-0.008084736692423405	-0.008084736692423407	0.9919152633075772	0.008084736692423407	0.016169473384846814	-0.008084736692423405	-0.008084736692423407	-0.008084736692423407	0.008128807092947197	0.01612539374968904	-0.00808472745778942	-0.008084739910987569	-0.008084733473859247	0.0031197868557962267
-0.0013474561154039012	-0.002694912230807802	0.001347456115403901	0.001347456115403901	0.0013474561154039012	0.9986525438845961	-0.002694912230807802	0.001347456115403901	0.0013474561154039014	0.0013474561154039016	-0.0013548011821578666	-0.002687565624948171	0.0013474545762982362	0.0013474566518312612	0.0013474555789765418	-0.0005199644759660378
-0.005389824461615605	-0.010779648923231206	0.005389824461615604	0.005389824461615603	0.005389824461615605	-0.005389824461615605	0.9892203510767689	0.005389824461615604	0.005389824461615606	0.0053898244616156065	-0.005419204728631466	-0.010750262499792681	0.005389818305192945	0.005389826607325044	0.005389822315906166	-0.0020798579038641507
0.0026949122308078024	0.005389824461615602	-0.002694912230807802	-0.0026949122308078015	-0.002694912230807802	0.0026949122308078024	0.005389824461615605	0.9973050877691919	-0.002694912230807803	-0.002694912230807803	0.002709602364315733	0.005375131249896342	-0.002694909152596472	-0.0026949133036625215	-0.0026949111579530833	0.0010399289519320751
0.004042368346211702	0.008084736692423407	-0.004042368346211703	-0.004042368346211704	-0.0040423683462117044	0.004042368346211704	0.00808473669242341	-0.004042368346211704	0.9959576316537883	-0.004042368346211704	0.0040644035464735976	0.008062696874844516	-0.00404236372889471	-0.004042369955493783	-0.004042366736929625	0.0015598934278981131
0.008084736692423404	0.016169473384846814	-0.008084736692423405	-0.008084736692423407	-0.008084736692423409	0.008084736692423407	0.01616947338484682	-0.008084736692423407	-0.008084736692423407	0.9919152633075767	0.008128807092947197	0.016125393749689028	-0.008084727457789416	-0.00808473991098756	-0.008084733473859254	0.0031197868557962262
-0.0013442537376747094	-0.002688507475349419	0.0013442537376747094	0.0013442537376747092	0.0013442537376747098	-0.0013442537376747094	-0.002688507475349419	0.001344253737674709	0.0013442537376747094	0.0013442537376747094	0.969703630666671	0.02625487307167045	0.001352988786308988	0.0013440903328703706	0.0013444171424790486	-0.031184625061889158
-0.005090311344750195	-0.01018062268950039	0.005090311344750194	0.005090311344750195	0.0050903113447501955	-0.0050903113447501955	-0.010180622689500391	0.005090311344750194	0.0050903113447501955	0.005090311344750196	0.0630892795474396	0.9216383963335274	0.005091701429532389	0.0050899924487674015	0.0050906302407329905	-0.06154582056380343
0.0026949121785378428	0.005389824357075685	-0.0026949121785378423	-0.0026949121785378423	-0.002694912178537843	0.0026949121785378428	0.0053898243570756855	-0.002694912178537842	-0.0026949121785378428	-0.002694912178537843	0.002727125376765253	0.005374078847601819	0.997288620132709	-0.0026949133360157232	-0.0026949110210599627	0.0010245304591759141
0.004042388092935469	0.008084776185870942	-0.00404238809293547	-0.004042388092935471	-0.004042388092935472	0.004042388092935471	0.008084776185870942	-0.00404238809293547	-0.004042388092935472	-0.004042388092935472	0.004064814529890308	0.008062345033524041	-0.004042383377543409	0.9959528583096395	-0.004037634495510349	0.001555553643250827
0.008084736655536306	0.016169473311072616	-0.008084736655536306	-0.008084736655536306	-0.008084736655536308	0.008084736655536306	0.016169473311072616	-0.008084736655536306	-0.00808473665553631	-0.00808473665553631	0.008129589435611423	0.016124611100231622	-0.008084727224770438	-0.008075235982482288	0.9919057626714096	0.0031110904736337017
-0.004023392140925971	-0.008046784281851944	0.004023392140925971	0.004023392140925971	0.004023392140925972	-0.004023392140925971	-0.008046784281851948	0.004023392140925971	0.004023392140925974	0.004023392140925975	-0.1776157049050049	0.16559193967816682	0.0039769809449861325	0.004031913989161659	0.004014870292690288	0.8144420570544924