0.9981187283182504	-0.0037625433634991563	0.0018812716817495775	0.0018812716817495773	0.0018812716817495781	-0.001881271681749577	-0.0037625433634991554	0.0018812716817495781	0.0018812716817495775	0.001881271681749578	-0.0018942378778746614	-0.003749575159153579	0.001881269673529083	0.0018812730037751043	0.0018812703597240533	-0.0006722613453019221
-0.007525086726998312	0.9849498265460038	0.007525086726998312	0.007525086726998312	0.007525086726998315	-0.007525086726998311	-0.015050173453996625	0.007525086726998316	0.0075250867269983125	0.007525086726998314	-0.007576951511498644	-0.014998300636614316	0.007525078694116334	0.00752509201510042	0.007525081438896214	-0.0026890453812076893
0.003762543363499156	0.007525086726998312	0.996237456636501	-0.0037625433634991554	-0.003762543363499157	0.003762543363499155	0.0075250867269983125	-0.003762543363499157	-0.0037625433634991554	-0.0037625433634991563	0.003788475755749323	0.00749915031830716	-0.0037625393470581653	-0.0037625460075502094	-0.003762540719448106	0.0013445226906038444
0.005643815045248735	0.01128763009049747	-0.005643815045248734	0.9943561849547511	-0.005643815045248734	0.005643815045248733	0.011287630090497467	-0.005643815045248736	-0.0056438150452487335	-0.005643815045248734	0.005682713633623984	0.011248725477460733	-0.005643809020587248	-0.005643819011325311	-0.005643811079172159	0.0020167840359057677
0.011287630090497469	0.02257526018099494	-0.011287630090497467	-0.011287630090497467	0.9887123699095031	0.011287630090497467	0.022575260180994934	-0.011287630090497472	-0.011287630090497467	-0.011287630090497469	0.011365427267247971	0.02249745095492148	-0.011287618041174497	-0.011287638022650624	-0.011287622158344321	0.0040335680718115345
-0.0018812716817495773	-0.0037625433634991545	0.001881271681749577	0.0018812716817495775	0.0018812716817495777	0.9981187283182499	-0.0037625433634991554	0.0018812716817495786	0.0018812716817495777	0.0018812716817495781	-0.0018942378778746614	-0.0037495751591535794	0.001881269673529083	0.0018812730037751043	0.001881270359724053	-0.0006722613453019226
-0.007525086726998308	-0.015050173453996616	0.007525086726998308	0.00752508672699831	0.00752508672699831	-0.007525086726998309	0.9849498265460033	0.0075250867269983125	0.007525086726998309	0.007525086726998311	-0.007576951511498646	-0.014998300636614316	0.007525078694116332	0.007525092015100416	0.007525081438896211	-0.0026890453812076897
0.003762543363499156	0.0075250867269983125	-0.003762543363499156	-0.0037625433634991563	-0.0037625433634991567	0.003762543363499156	0.0075250867269983125	0.9962374566365015	-0.0037625433634991563	-0.003762543363499157	0.003788475755749323	0.007499150318307158	-0.0037625393470581657	-0.0037625460075502094	-0.0037625407194481065	0.0013445226906038453
0.005643815045248737	0.011287630090497474	-0.005643815045248736	-0.005643815045248736	-0.005643815045248735	0.005643815045248735	0.01128763009049747	-0.005643815045248735	0.9943561849547511	-0.005643815045248735	0.005682713633623982	0.011248725477460735	-0.0056438090205872486	-0.005643819011325312	-0.00564381107917216	0.0020167840359057677
0.011287630090497476	0.02257526018099495	-0.011287630090497474	-0.011287630090497472	-0.011287630090497472	0.01128763009049747	0.022575260180994944	-0.011287630090497472	-0.011287630090497469	0.9887123699095027	0.01136542726724797	0.022497450954921484	-0.011287618041174499	-0.011287638022650627	-0.011287622158344323	0.004033568071811537
-0.0018739100292863393	-0.003747820058572679	0.0018739100292863393	0.0018739100292863393	0.0018739100292863393	-0.001873910029286339	-0.0037478200585726786	0.0018739100292863397	0.0018739100292863395	0.0018739100292863397	0.9619735770311287	0.03239387542861231	0.0018847274816861585	0.001873616835669703	0.0018742032229029774	-0.039289988128763234
-0.006971562481575268	-0.01394312496315054	0.00697156248157527	0.00697156248157527	0.006971562481575269	-0.006971562481575268	-0.013943124963150538	0.0069715624815752724	0.006971562481575269	0.00697156248157527	0.08013494389011182	0.8989486030620348	0.006973328084702854	0.006970993466884931	0.006972131496265611	-0.0771979393773856
0.0037625432578685812	0.007525086515737164	-0.003762543257868582	-0.0037625432578685825	-0.003762543257868582	0.0037625432578685817	0.007525086515737164	-0.003762543257868583	-0.003762543257868582	-0.003762543257868583	0.0038102769926480077	0.007497734321959463	0.9962170752011297	-0.003762546051370558	-0.0037625404643666103	0.0013255274468452639
0.005643853951088122	0.011287707902176246	-0.005643853951088121	-0.005643853951088121	-0.005643853951088121	0.00564385395108812	0.011287707902176241	-0.005643853951088121	-0.00564385395108812	-0.005643853951088121	0.005683427876293978	0.011248127787942395	-0.005643847762060129	0.9943495109650027	-0.005637218867178463	0.0020108648108726965
0.011287629980367498	0.022575259960734995	-0.011287629980367496	-0.011287629980367496	-0.011287629980367496	0.011287629980367496	0.022575259960734992	-0.011287629980367496	-0.011287629980367494	-0.011287629980367494	0.011366777621764657	0.022496099941305973	-0.011287617602335643	-0.01127437583890313	0.9886991158781685	0.0040216978841744406
-0.005600081100398421	-0.011200162200796844	0.005600081100398422	0.005600081100398421	0.005600081100398421	-0.00560008110039842	-0.011200162200796842	0.005600081100398421	0.005600081100398419	0.00560008110039842	-0.22235429298986048	0.2056114538323099	0.005542676956753826	0.0056115800354170145	0.005588582165379831	0.7662631315735392