0.9987881515462494	-0.00242369690749998	0.0012118484537499907	0.0012118484537499909	0.0012118484537499907	-0.0012118484537499902	-0.002423696907499981	0.0012118484537499909	0.0012118484537499907	0.0012118484537499909	-0.0012178105806598227	-0.0024177334708019712	0.0012118471439618134	0.0012118488554116748	0.001211848052088306	-0.00047732156388209044
-0.00484739381499996	0.9903052123699994	0.004847393814999964	0.004847393814999965	0.004847393814999964	-0.004847393814999962	-0.009694787629999924	0.004847393814999964	0.0048473938149999635	0.0048473938149999635	-0.004871242322639289	-0.009670933883207887	0.004847388575847253	0.004847395421646699	0.004847392208353226	-0.0019092862555283626
0.0024236969074999813	0.004847393814999962	0.9975763030925002	-0.0024236969074999818	-0.0024236969074999813	0.0024236969074999805	0.004847393814999962	-0.0024236969074999818	-0.0024236969074999813	-0.0024236969074999818	0.002435621161319645	0.004835466941603944	-0.002423694287923626	-0.0024236977108233497	-0.0024236961041766126	0.0009546431277641809
0.0036355453612499727	0.0072710907224999444	-0.0036355453612499727	0.99636445463875	-0.0036355453612499735	0.0036355453612499722	0.0072710907224999444	-0.003635545361249973	-0.003635545361249973	-0.003635545361249974	0.003653431741979467	0.007253200412405917	-0.003635541431885439	-0.0036355465662350267	-0.003635544156264919	0.0014319646916462715
0.007271090722499946	0.014542181444999889	-0.007271090722499946	-0.007271090722499948	0.9927289092775006	0.007271090722499944	0.014542181444999887	-0.007271090722499945	-0.007271090722499946	-0.007271090722499947	0.007306863483958934	0.014506400824811836	-0.007271082863770878	-0.007271093132470054	-0.007271088312529838	0.002863929383292544
-0.0012118484537499898	-0.002423696907499979	0.00121184845374999	0.00121184845374999	0.0012118484537499905	0.9987881515462498	-0.0024236969074999805	0.0012118484537499909	0.0012118484537499909	0.001211848453749991	-0.001217810580659822	-0.0024177334708019712	0.0012118471439618128	0.0012118488554116746	0.0012118480520883065	-0.00047732156388209033
-0.00484739381499996	-0.009694787629999918	0.004847393814999961	0.004847393814999961	0.004847393814999963	-0.00484739381499996	0.9903052123699998	0.0048473938149999635	0.0048473938149999635	0.004847393814999964	-0.00487124232263929	-0.009670933883207887	0.004847388575847252	0.004847395421646703	0.004847392208353226	-0.001909286255528362
0.0024236969074999813	0.004847393814999962	-0.0024236969074999818	-0.0024236969074999818	-0.0024236969074999826	0.0024236969074999813	0.004847393814999963	0.9975763030925001	-0.002423696907499982	-0.0024236969074999826	0.0024356211613196436	0.004835466941603943	-0.0024236942879236256	-0.0024236977108233505	-0.0024236961041766126	0.000954643127764181
0.003635545361249972	0.007271090722499942	-0.003635545361249972	-0.0036355453612499722	-0.003635545361249973	0.0036355453612499714	0.007271090722499943	-0.0036355453612499722	0.9963644546387499	-0.003635545361249974	0.0036534317419794674	0.007253200412405916	-0.0036355414318854384	-0.0036355465662350267	-0.003635544156264919	0.001431964691646272
0.007271090722499944	0.014542181444999884	-0.007271090722499944	-0.0072710907224999444	-0.007271090722499946	0.007271090722499943	0.014542181444999885	-0.0072710907224999444	-0.007271090722499945	0.9927289092775005	0.007306863483958935	0.014506400824811833	-0.007271082863770876	-0.007271093132470054	-0.007271088312529838	0.002863929383292544
-0.0012094022867083836	-0.0024188045734167673	0.0012094022867083839	0.001209402286708384	0.0012094022867083843	-0.0012094022867083836	-0.002418804573416767	0.0012094022867083839	0.0012094022867083836	0.001209402286708384	0.9718698090601041	0.02449387226109231	0.0012175141053873387	0.001209266986013232	0.0012095375874035356	-0.028900530148468963
-0.0046012482167088154	-0.00920249643341763	0.0046012482167088154	0.0046012482167088154	0.004601248216708818	-0.004601248216708815	-0.00920249643341763	0.004601248216708818	0.004601248216708818	0.00460124821670882	0.05825312004632439	0.9279418854243826	0.004602498095875301	0.004600983718080551	0.004601512715337083	-0.05712665422842704
0.002423696868185194	0.004847393736370387	-0.0024236968681851942	-0.0024236968681851947	-0.002423696868185195	0.0024236968681851942	0.0048473937363703885	-0.002423696868185195	-0.0024236968681851947	-0.002423696868185195	0.002451881867767222	0.004834529736702739	0.9975609821319	-0.0024236977419075175	-0.002423695994462872	0.0009402779971683867
0.00363556129038662	0.007271122580773238	-0.0036355612903866204	-0.0036355612903866213	-0.003635561290386622	0.0036355612903866204	0.007271122580773239	-0.0036355612903866217	-0.0036355612903866217	-0.0036355612903866226	0.003653775943860697	0.007252903914973594	-0.0036355572780610483	0.9963601632620508	-0.0036312858428236166	0.0014280358954585266
0.007271090696679597	0.014542181393359192	-0.007271090696679599	-0.0072710906966795994	-0.007271090696679601	0.007271090696679596	0.014542181393359192	-0.0072710906966795994	-0.0072710906966795994	-0.0072710906966796	0.007307519933748486	0.0145057441316537	-0.007271082672042982	-0.007262544690327765	0.9927203632969678	0.002856058069454393
-0.0036210645540513133	-0.007242129108102622	0.003621064554051312	0.003621064554051312	0.0036210645540513133	-0.003621064554051311	-0.007242129108102622	0.003621064554051312	0.0036210645540513133	0.0036210645540513133	-0.16503643518315061	0.15421650979708632	0.003577796277961655	0.0036287999570944435	0.003613329151008179	0.8280196769090282