0.9979176584359263	-0.004164683128147	0.0020823415640735016	0.0020823415640735016	0.002082341564073501	-0.0020823415640735016	-0.0041646831281470014	0.002082341564073501	0.0020823415640735025	0.0020823415640735016	-0.002097248487875179	-0.004149774326520409	0.0020823396862485882	0.0020823433001323274	0.0020823398280146784	-0.000723409800454725
-0.008329366256294001	0.9833412674874109	0.008329366256294005	0.008329366256294001	0.008329366256294001	-0.008329366256294005	-0.016658732512588006	0.008329366256294005	0.008329366256294008	0.008329366256294005	-0.00838899395150071	-0.01659909730608164	0.008329358744994353	0.008329373200529306	0.008329359312058712	-0.002893639201818899
0.0041646831281470014	0.008329366256293998	0.9958353168718532	-0.0041646831281470014	-0.0041646831281470014	0.004164683128147003	0.008329366256294003	-0.004164683128147002	-0.004164683128147004	-0.004164683128147003	0.004194496975750358	0.008299548653040823	-0.004164679372497178	-0.004164686600264652	-0.004164679656029354	0.0014468196009094494
0.006247024692220506	0.012494049384441009	-0.006247024692220507	0.9937529753077796	-0.006247024692220507	0.006247024692220509	0.01249404938444101	-0.006247024692220507	-0.00624702469222051	-0.006247024692220511	0.006291745463625539	0.012449322979561238	-0.006247019058745765	-0.006247029900396979	-0.006247019484044031	0.0021702294013641746
0.01249404938444101	0.024988098768882014	-0.012494049384441014	-0.012494049384441016	0.9875059506155587	0.012494049384441017	0.024988098768882017	-0.012494049384441014	-0.012494049384441019	-0.012494049384441019	0.012583490927251077	0.02489864595912248	-0.012494038117491528	-0.012494059800793959	-0.012494038968088064	0.00434045880272835
-0.002082341564073502	-0.0041646831281470014	0.002082341564073501	0.002082341564073501	0.0020823415640735016	0.997917658435927	-0.004164683128147002	0.0020823415640735016	0.0020823415640735025	0.002082341564073502	-0.0020972484878751785	-0.00414977432652041	0.002082339686248589	0.002082343300132327	0.002082339828014678	-0.000723409800454725
-0.008329366256294005	-0.016658732512588	0.008329366256294001	0.008329366256294001	0.008329366256294003	-0.008329366256294006	0.9833412674874115	0.008329366256294005	0.00832936625629401	0.008329366256294006	-0.008388993951500716	-0.01659909730608164	0.008329358744994353	0.008329373200529306	0.008329359312058708	-0.002893639201818899
0.004164683128147003	0.008329366256294001	-0.0041646831281470014	-0.0041646831281470014	-0.004164683128147002	0.004164683128147004	0.008329366256294003	0.9958353168718527	-0.004164683128147005	-0.004164683128147003	0.004194496975750358	0.00829954865304082	-0.0041646793724971765	-0.004164686600264652	-0.004164679656029354	0.0014468196009094496
0.006247024692220506	0.012494049384441009	-0.006247024692220508	-0.006247024692220508	-0.006247024692220508	0.006247024692220509	0.012494049384441012	-0.006247024692220508	0.9937529753077803	-0.006247024692220511	0.006291745463625541	0.01244932297956124	-0.006247019058745767	-0.0062470299003969795	-0.006247019484044034	0.0021702294013641746
0.012494049384441014	0.02498809876888202	-0.012494049384441016	-0.012494049384441017	-0.012494049384441017	0.012494049384441017	0.024988098768882028	-0.012494049384441017	-0.01249404938444102	0.9875059506155591	0.012583490927251077	0.024898645959122473	-0.012494038117491531	-0.012494059800793959	-0.012494038968088065	0.00434045880272835
-0.002072888612962195	-0.004145777225924388	0.0020728886129621946	0.0020728886129621955	0.002072888612962196	-0.002072888612962196	-0.00414577722592439	0.0020728886129621955	0.0020728886129621964	0.002072888612962196	0.9592954636511596	0.03447440310116549	0.0020843560217499897	0.002072539276059214	0.002073237949865177	-0.0420674391450343
-0.007662448771104199	-0.015324897542208393	0.007662448771104198	0.007662448771104199	0.007662448771104199	-0.007662448771104202	-0.015324897542208393	0.007662448771104199	0.007662448771104204	0.007662448771104204	0.08589027450154033	0.8911205544467612	0.007664273509489848	0.0076617719449426185	0.00766312559726579	-0.08256042610071523
0.004164683010071567	0.008329366020143131	-0.004164683010071566	-0.004164683010071567	-0.004164683010071567	0.0041646830100715675	0.008329366020143131	-0.0041646830100715675	-0.004164683010071569	-0.004164683010071569	0.0042176682879347055	0.008298035621023544	0.9958136621111856	-0.004164686659368545	-0.004164679360774592	0.001426607665025861
0.006247072553133889	0.012494145106267776	-0.00624707255313389	-0.0062470725531338905	-0.0062470725531338905	0.0062470725531338905	0.012494145106267776	-0.00624707255313389	-0.006247072553133892	-0.0062470725531338905	0.006292590103245331	0.01244862173071986	-0.006247066727697414	0.9937455840597095	-0.00623972916597786	0.0021637300378147093
0.01249404923187163	0.024988098463743256	-0.012494049231871633	-0.012494049231871635	-0.012494049231871635	0.012494049231871635	0.02498809846374326	-0.012494049231871635	-0.012494049231871638	-0.012494049231871637	0.012585084079718794	0.024897051965040305	-0.01249403758101584	-0.012479383487551041	0.9874912850238077	0.004327421630582662
-0.006190830850759622	-0.012381661701519242	0.006190830850759622	0.0061908308507596255	0.006190830850759626	-0.006190830850759626	-0.01238166170151925	0.006190830850759626	0.006190830850759628	0.006190830850759627	-0.23780626365094204	0.21929491420288297	0.006129687746539967	0.006203405768655439	0.00617825593286381	0.7497505996534577