0.9994151204592531	-0.0011697590814946015	0.0005848795407473007	0.0005848795407473007	0.0005848795407473007	-0.0005848795407473005	-0.001169759081494601	0.0005848795407473004	0.0005848795407473005	0.0005848795407473005	-0.000586001004003231	-0.0011686373330520594	0.0005848792555606893	0.000584879593659263	0.000584879487835338	-0.000256152531780317
-0.002339518162989201	0.9953209636740213	0.002339518162989202	0.0023395181629892025	0.002339518162989202	-0.002339518162989201	-0.004679036325978402	0.002339518162989201	0.002339518162989201	0.002339518162989201	-0.002344004016012924	-0.004674549332208237	0.0023395170222427573	0.0023395183746370523	0.002339517951341351	-0.0010246101271212682
0.0011697590814946012	0.0023395181629892025	0.9988302409185054	-0.0011697590814946017	-0.0011697590814946015	0.0011697590814946012	0.0023395181629892025	-0.001169759081494601	-0.0011697590814946012	-0.0011697590814946012	0.0011720020080064624	0.002337274666104118	-0.001169758511121378	-0.0011697591873185253	-0.0011697589756706755	0.000512305063560634
0.0017546386222419019	0.0035092772444838033	-0.001754638622241902	0.9982453613777584	-0.0017546386222419014	0.0017546386222419014	0.0035092772444838024	-0.0017546386222419014	-0.001754638622241902	-0.0017546386222419017	0.0017580030120096948	0.003505911999156176	-0.0017546377666820675	-0.0017546387809777905	-0.001754638463506014	0.0007684575953409505
0.0035092772444838024	0.007018554488967604	-0.003509277244483803	-0.0035092772444838033	0.9964907227555161	0.0035092772444838024	0.007018554488967604	-0.0035092772444838024	-0.0035092772444838037	-0.003509277244483803	0.0035160060240193897	0.0070118239983123515	-0.0035092755333641346	-0.0035092775619555787	-0.0035092769270120283	0.001536915190681901
-0.0005848795407473005	-0.001169759081494601	0.0005848795407473006	0.0005848795407473006	0.0005848795407473006	0.9994151204592528	-0.0011697590814946012	0.0005848795407473005	0.0005848795407473006	0.0005848795407473006	-0.0005860010040032313	-0.0011686373330520592	0.0005848792555606892	0.000584879593659263	0.0005848794878353378	-0.00025615253178031693
-0.0023395181629892016	-0.004679036325978403	0.002339518162989202	0.002339518162989202	0.002339518162989202	-0.002339518162989201	0.9953209636740215	0.002339518162989202	0.002339518162989202	0.002339518162989202	-0.0023440040160129247	-0.004674549332208236	0.002339517022242757	0.0023395183746370515	0.0023395179513413513	-0.001024610127121268
0.0011697590814946006	0.002339518162989201	-0.0011697590814946008	-0.0011697590814946008	-0.0011697590814946008	0.0011697590814946004	0.002339518162989201	0.9988302409185051	-0.0011697590814946008	-0.0011697590814946008	0.0011720020080064626	0.002337274666104118	-0.0011697585111213784	-0.001169759187318526	-0.0011697589756706755	0.0005123050635606339
0.0017546386222419017	0.003509277244483803	-0.0017546386222419019	-0.001754638622241902	-0.0017546386222419019	0.0017546386222419017	0.0035092772444838037	-0.0017546386222419019	0.9982453613777582	-0.001754638622241902	0.001758003012009695	0.003505911999156176	-0.001754637766682068	-0.00175463878097779	-0.0017546384635060146	0.0007684575953409509
0.003509277244483803	0.007018554488967605	-0.0035092772444838033	-0.0035092772444838037	-0.0035092772444838033	0.003509277244483803	0.007018554488967607	-0.0035092772444838037	-0.0035092772444838037	0.9964907227555161	0.003516006024019389	0.0070118239983123515	-0.003509275533364135	-0.0035092775619555783	-0.0035092769270120287	0.001536915190681901
-0.0005845212655837296	-0.0011690425311674589	0.0005845212655837296	0.0005845212655837298	0.0005845212655837297	-0.0005845212655837293	-0.0011690425311674589	0.0005845212655837294	0.0005845212655837294	0.0005845212655837294	0.9837318503329251	0.014509985172581138	0.0005891219633262508	0.0005844855817127567	0.0005845569494547024	-0.016462728983104077
-0.002276826083644313	-0.0045536521672886274	0.0022768260836443137	0.0022768260836443137	0.0022768260836443137	-0.0022768260836443124	-0.004553652167288626	0.002276826083644313	0.0022768260836443137	0.0022768260836443137	0.03222266911841891	0.9609463771525224	0.0022773015617700227	0.0022767556392023595	0.002276896528086265	-0.03287638907153535
0.0011697590776521694	0.002339518155304339	-0.0011697590776521694	-0.0011697590776521694	-0.0011697590776521694	0.0011697590776521688	0.002339518155304338	-0.0011697590776521692	-0.0011697590776521694	-0.0011697590776521692	0.0011812071815983675	0.002336928492321343	0.9988213824813847	-0.0011697592025369256	-0.0011697589527674122	0.0005037994102552884
0.001754642287125658	0.003509284574251316	-0.0017546422871256582	-0.0017546422871256586	-0.0017546422871256584	0.0017546422871256584	0.0035092845742513167	-0.0017546422871256586	-0.001754642287125659	-0.001754642287125659	0.0017581009051874518	0.0035058250758108977	-0.001754641406747032	0.9982432936847273	-0.0017525782589785435	0.0007664916511434888
0.0035092772425034738	0.0070185544850069476	-0.003509277242503475	-0.0035092772425034755	-0.0035092772425034755	0.0035092772425034755	0.00701855448500695	-0.003509277242503476	-0.003509277242503476	-0.0035092772425034764	0.003516194471749248	0.007011635495005648	-0.003509275481747947	-0.0035051498376298144	0.9964865953526232	0.0015329799419411645
-0.0017525397694646205	-0.003505079538929242	0.0017525397694646211	0.0017525397694646216	0.0017525397694646211	-0.0017525397694646211	-0.0035050795389292423	0.0017525397694646214	0.0017525397694646214	0.0017525397694646211	-0.09579801807515073	0.0905659483892462	0.0017269901469753111	0.0017564532291973241	0.001748626309731918	0.9019877011623667