0.9990737135776455	-0.0018525728447080178	0.0009262864223540088	0.0009262864223540092	0.0009262864223540091	-0.000926286422354009	-0.001852572844708018	0.0009262864223540088	0.000926286422354009	0.0009262864223540089	-0.0009296442724593501	-0.0018492141969094127	0.0009262856246607445	0.0009262866140903376	0.0009262862306176807	-0.00038182668044438057
-0.003705145689416036	0.9925897086211675	0.003705145689416034	0.0037051456894160364	0.003705145689416036	-0.003705145689416035	-0.007410291378832072	0.0037051456894160346	0.0037051456894160355	0.003705145689416035	-0.0037185770898374012	-0.007396856787637651	0.0037051424986429783	0.00370514645636135	0.0037051449224707223	-0.0015273067217775225
0.0018525728447080173	0.003705145689416034	0.9981474271552911	-0.0018525728447080175	-0.0018525728447080173	0.001852572844708017	0.0037051456894160346	-0.0018525728447080167	-0.0018525728447080173	-0.001852572844708017	0.0018592885449187	0.003698428393818823	-0.0018525712493214878	-0.0018525732281806742	-0.0018525724612353605	0.000763653360888761
0.0027788592670620273	0.005557718534124054	-0.0027788592670620264	0.997221140732938	-0.0027788592670620264	0.0027788592670620264	0.005557718534124054	-0.002778859267062026	-0.0027788592670620264	-0.0027788592670620264	0.0027889328173780524	0.0055476425907282365	-0.002778856873982234	-0.0027788598422710123	-0.00277885869185304	0.0011454800413331408
0.005557718534124055	0.011115437068248107	-0.005557718534124053	-0.005557718534124054	0.994442281465876	0.005557718534124053	0.01111543706824811	-0.005557718534124053	-0.005557718534124054	-0.005557718534124055	0.005577865634756104	0.011095285181456478	-0.005557713747964467	-0.005557719684542024	-0.005557717383706081	0.002290960082666284
-0.0009262864223540091	-0.001852572844708018	0.0009262864223540088	0.0009262864223540091	0.0009262864223540091	0.9990737135776455	-0.0018525728447080184	0.0009262864223540088	0.000926286422354009	0.000926286422354009	-0.00092964427245935	-0.0018492141969094127	0.0009262856246607448	0.0009262866140903375	0.0009262862306176808	-0.0003818266804443807
-0.003705145689416036	-0.007410291378832071	0.0037051456894160346	0.003705145689416036	0.003705145689416036	-0.0037051456894160364	0.9925897086211681	0.003705145689416034	0.003705145689416035	0.003705145689416035	-0.0037185770898373995	-0.00739685678763765	0.0037051424986429774	0.003705146456361349	0.003705144922470722	-0.0015273067217775218
0.0018525728447080173	0.003705145689416034	-0.0018525728447080167	-0.0018525728447080173	-0.0018525728447080173	0.0018525728447080175	0.003705145689416034	0.9981474271552915	-0.0018525728447080173	-0.0018525728447080173	0.0018592885449186995	0.0036984283938188236	-0.0018525712493214883	-0.0018525732281806742	-0.0018525724612353605	0.0007636533608887608
0.0027788592670620273	0.005557718534124054	-0.0027788592670620264	-0.002778859267062027	-0.002778859267062027	0.002778859267062027	0.005557718534124053	-0.002778859267062026	0.9972211407329379	-0.0027788592670620264	0.002788932817378052	0.005547642590728238	-0.0027788568739822335	-0.0027788598422710115	-0.0027788586918530414	0.0011454800413331413
0.0055577185341240554	0.01111543706824811	-0.005557718534124053	-0.005557718534124055	-0.0055577185341240554	0.005557718534124055	0.01111543706824811	-0.005557718534124053	-0.005557718534124053	0.9944422814658758	0.005577865634756103	0.011095285181456478	-0.005557713747964467	-0.005557719684542025	-0.005557717383706082	0.0022909600826662825
-0.0009250648573710295	-0.001850129714742059	0.0009250648573710293	0.0009250648573710295	0.0009250648573710295	-0.0009250648573710296	-0.001850129714742059	0.0009250648573710294	0.0009250648573710296	0.0009250648573710295	0.9768255818921403	0.020392571105857488	0.000931717287260205	0.0009249815040346351	0.000925148210707424	-0.02367916133034819
-0.0035558873396118254	-0.00711177467922365	0.0035558873396118245	0.0035558873396118254	0.003555887339611825	-0.0035558873396118254	-0.00711177467922365	0.0035558873396118245	0.0035558873396118254	0.003555887339611825	0.04722626475917236	0.9421051614582948	0.0035567991033093036	0.003555723733271754	0.0035560509459518965	-0.046992620671580304
0.0018525728270022083	0.0037051456540044157	-0.0018525728270022076	-0.001852572827002208	-0.0018525728270022083	0.0018525728270022085	0.0037051456540044166	-0.0018525728270022078	-0.0018525728270022085	-0.0018525728270022083	0.0018726088524422314	0.0036977554705753253	0.9981347813309869	-0.001852573254322719	-0.001852572399681699	0.0007516958726378866
0.0027788685211635415	0.005557737042327083	-0.0027788685211635406	-0.0027788685211635415	-0.0027788685211635415	0.002778868521163541	0.005557737042327082	-0.00277886852116354	-0.0027788685211635406	-0.0027788685211635406	0.002789151172008363	0.0055474519446009445	-0.0027788660742822232	0.997217863112645	-0.0027756001549722894	0.0011424313646130407
0.005557718523877333	0.011115437047754665	-0.00555771852387733	-0.005557718523877332	-0.005557718523877332	0.005557718523877331	0.011115437047754662	-0.00555771852387733	-0.005557718523877332	-0.005557718523877332	0.005578283794330272	0.011094866883546287	-0.005557713630121898	-0.005551184133014292	0.9944357470852601	0.00228485454523433
-0.002771649648906171	-0.005543299297812341	0.0027716496489061703	0.002771649648906171	0.002771649648906172	-0.0027716496489061707	-0.005543299297812342	0.0027716496489061703	0.0027716496489061707	0.002771649648906171	-0.1361821992633984	0.12790321905353383	0.0027356809120522283	0.0027776844928148374	0.0027656148049975066	0.8590635254562896