0.9995776334551614	-0.0008447330896765148	0.0004223665448382574	0.0004223665448382575	0.00042236654483825755	-0.0004223665448382574	-0.0008447330896765151	0.0004223665448382575	0.0004223665448382575	0.0004223665448382574	-0.0004228514396811027	-0.0008442480682670866	0.00042236641827167427	0.0004223665657706442	0.00042236652390587097	-0.00019104879254988635
-0.0016894661793530306	0.9966210676412935	0.0016894661793530302	0.0016894661793530304	0.0016894661793530306	-0.0016894661793530302	-0.0033789323587060617	0.0016894661793530302	0.0016894661793530304	0.0016894661793530302	-0.0016914057587244116	-0.003376992273068346	0.0016894656730866969	0.0016894662630825763	0.0016894660956234837	-0.0007641951701995453
0.0008447330896765151	0.0016894661793530304	0.9991552669103234	-0.0008447330896765154	-0.0008447330896765155	0.0008447330896765152	0.001689466179353031	-0.0008447330896765153	-0.0008447330896765153	-0.0008447330896765151	0.0008457028793622054	0.0016884961365341736	-0.0008447328365433483	-0.0008447331315412881	-0.000844733047811742	0.00038209758509977264
0.001267099634514772	0.002534199269029544	-0.0012670996345147722	0.9987329003654852	-0.0012670996345147724	0.0012670996345147724	0.002534199269029545	-0.0012670996345147722	-0.0012670996345147726	-0.0012670996345147722	0.001268554319043308	0.00253274420480126	-0.001267099254815023	-0.0012670996973119322	-0.0012670995717176132	0.000573146377649659
0.002534199269029545	0.005068398538059091	-0.0025341992690295456	-0.002534199269029546	0.9974658007309705	0.0025341992690295447	0.0050683985380590895	-0.0025341992690295443	-0.002534199269029545	-0.0025341992690295447	0.0025371086380866163	0.005065488409602524	-0.002534198509630046	-0.0025341993946238644	-0.002534199143435227	0.0011462927552993176
-0.0004223665448382575	-0.0008447330896765151	0.0004223665448382576	0.0004223665448382576	0.0004223665448382575	0.9995776334551616	-0.0008447330896765153	0.00042236654483825755	0.00042236654483825755	0.0004223665448382575	-0.00042285143968110275	-0.0008442480682670863	0.00042236641827167427	0.0004223665657706441	0.00042236652390587097	-0.00019104879254988635
-0.00168946617935303	-0.0033789323587060604	0.0016894661793530306	0.0016894661793530306	0.00168946617935303	-0.00168946617935303	0.996621067641294	0.0016894661793530302	0.0016894661793530306	0.0016894661793530302	-0.0016914057587244108	-0.0033769922730683462	0.0016894656730866969	0.0016894662630825767	0.001689466095623484	-0.0007641951701995455
0.0008447330896765151	0.0016894661793530304	-0.0008447330896765153	-0.0008447330896765153	-0.0008447330896765151	0.0008447330896765151	0.0016894661793530302	0.9991552669103235	-0.0008447330896765153	-0.0008447330896765152	0.0008457028793622056	0.0016884961365341733	-0.0008447328365433486	-0.0008447331315412882	-0.0008447330478117423	0.0003820975850997728
0.001267099634514772	0.002534199269029544	-0.001267099634514772	-0.0012670996345147724	-0.0012670996345147722	0.0012670996345147724	0.0025341992690295443	-0.0012670996345147722	0.9987329003654853	-0.0012670996345147722	0.0012685543190433083	0.0025327442048012606	-0.0012670992548150233	-0.001267099697311932	-0.001267099571717613	0.0005731463776496589
0.0025341992690295447	0.00506839853805909	-0.002534199269029545	-0.0025341992690295456	-0.0025341992690295456	0.0025341992690295456	0.00506839853805909	-0.002534199269029545	-0.002534199269029546	0.9974658007309701	0.0025371086380866163	0.005065488409602522	-0.0025341985096300457	-0.0025341993946238644	-0.0025341991434352264	0.0011462927552993178
-0.000422219895423091	-0.0008444397908461819	0.000422219895423091	0.000422219895423091	0.000422219895423091	-0.000422219895423091	-0.000844439790846182	0.000422219895423091	0.000422219895423091	0.00042221989542309097	0.9875512279851107	0.01117863038617247	0.0004257018378705982	0.0004222005769057641	0.0004222392139404174	-0.012522812745573486
-0.0016558351852517463	-0.0033116703705034925	0.0016558351852517463	0.0016558351852517463	0.001655835185251746	-0.001655835185251746	-0.0033116703705034925	0.0016558351852517463	0.0016558351852517463	0.0016558351852517463	0.024223595296726824	0.9708086164763148	0.001656117856454882	0.0016557969280673677	0.0016558734424361233	-0.025099689062611154
0.0008447330884709472	0.0016894661769418944	-0.0008447330884709474	-0.0008447330884709472	-0.0008447330884709472	0.0008447330884709472	0.0016894661769418944	-0.0008447330884709472	-0.0008447330884709472	-0.0008447330884709471	0.000852668221464743	0.0016882914343574157	0.9991485065211199	-0.000844733140740736	-0.0008447330362011579	0.0003755449888151464
0.001267101539620807	0.002534203079241614	-0.0012671015396208073	-0.0012671015396208075	-0.0012671015396208073	0.0012671015396208078	0.002534203079241615	-0.0012671015396208075	-0.0012671015396208078	-0.0012671015396208075	0.0012686087715279267	0.002532695453625711	-0.0012671011459120226	0.9987314078247564	-0.0012656109039980473	0.0005717101252088809
0.0025341992684348564	0.005068398536869713	-0.0025341992684348564	-0.002534199268434857	-0.0025341992684348564	0.0025341992684348572	0.005068398536869714	-0.002534199268434857	-0.0025341992684348577	-0.002534199268434857	0.0025372137300484175	0.005065383287839156	-0.002534198481017858	-0.0025312182570431424	0.9974628197201734	0.00114341846859734
-0.0012662471366790336	-0.002532494273358067	0.0012662471366790334	0.0012662471366790334	0.001266247136679033	-0.0012662471366790336	-0.002532494273358066	0.0012662471366790334	0.0012662471366790338	0.0012662471366790334	-0.07338368148308731	0.06960461226168357	0.001246574948045638	0.0012691122994952706	0.0012633819738627958	0.925433133175719