0.9987863436948886	-0.002427312610223379	0.0012136563051116894	0.0012136563051116896	0.0012136563051116896	-0.0012136563051116896	-0.0024273126102233784	0.0012136563051116894	0.0012136563051116896	0.0012136563051116894	-0.001219636402141666	-0.0024213312002196365	0.0012136549921379228	0.0012136567084138235	0.0012136559018095564	-0.0004779011171268792
-0.004854625220446758	0.9902907495591059	0.004854625220446758	0.0048546252204467585	0.0048546252204467585	-0.0048546252204467585	-0.009709250440893514	0.004854625220446758	0.0048546252204467585	0.004854625220446758	-0.004878545608566666	-0.009685324800878551	0.00485461996855169	0.004854626833655295	0.004854623607238225	-0.0019116044685075161
0.0024273126102233793	0.0048546252204467585	0.9975726873897763	-0.0024273126102233793	-0.0024273126102233797	0.0024273126102233793	0.0048546252204467585	-0.002427312610223379	-0.0024273126102233793	-0.0024273126102233793	0.002439272804283332	0.004842662400439274	-0.0024273099842758456	-0.002427313416827647	-0.002427311803619114	0.0009558022342537581
0.0036409689153350695	0.007281937830670138	-0.00364096891533507	0.996359031084665	-0.003640968915335069	0.003640968915335069	0.0072819378306701365	-0.00364096891533507	-0.0036409689153350713	-0.0036409689153350704	0.0036589092064249983	0.00726399360065891	-0.00364096497641377	-0.003640970125241472	-0.0036409677054286683	0.0014337033513806376
0.007281937830670136	0.01456387566134027	-0.0072819378306701365	-0.007281937830670137	0.9927180621693301	0.007281937830670137	0.01456387566134027	-0.007281937830670138	-0.00728193783067014	-0.007281937830670137	0.007317818412849993	0.014527987201317817	-0.007281929952827539	-0.0072819402504829414	-0.007281935410857337	0.0028674067027612744
-0.0012136563051116903	-0.00242731261022338	0.00121365630511169	0.0012136563051116903	0.0012136563051116898	0.9987863436948885	-0.0024273126102233793	0.0012136563051116898	0.00121365630511169	0.0012136563051116898	-0.0012196364021416662	-0.002421331200219638	0.0012136549921379228	0.0012136567084138233	0.0012136559018095562	-0.00047790111712687914
-0.004854625220446759	-0.009709250440893519	0.004854625220446759	0.004854625220446759	0.0048546252204467585	-0.004854625220446759	0.990290749559106	0.004854625220446758	0.004854625220446759	0.0048546252204467585	-0.004878545608566664	-0.009685324800878548	0.00485461996855169	0.004854626833655293	0.004854623607238224	-0.0019116044685075163
0.00242731261022338	0.004854625220446759	-0.0024273126102233797	-0.00242731261022338	-0.0024273126102233797	0.0024273126102233797	0.004854625220446759	0.9975726873897768	-0.0024273126102233797	-0.0024273126102233797	0.002439272804283333	0.004842662400439274	-0.0024273099842758456	-0.002427313416827647	-0.0024273118036191124	0.0009558022342537581
0.0036409689153350695	0.007281937830670138	-0.00364096891533507	-0.0036409689153350704	-0.0036409689153350695	0.0036409689153350704	0.007281937830670138	-0.00364096891533507	0.9963590310846654	-0.00364096891533507	0.003658909206424998	0.007263993600658913	-0.0036409649764137706	-0.003640970125241472	-0.0036409677054286705	0.001433703351380638
0.007281937830670136	0.01456387566134027	-0.0072819378306701365	-0.007281937830670137	-0.007281937830670135	0.007281937830670137	0.01456387566134027	-0.0072819378306701365	-0.007281937830670137	0.99271806216933	0.007317818412849995	0.014527987201317821	-0.007281929952827539	-0.007281940250482942	-0.007281935410857338	0.0028674067027612757
-0.0012112008155035015	-0.0024224016310070017	0.001211200815503501	0.0012112008155035013	0.0012112008155035013	-0.0012112008155035013	-0.0024224016310070012	0.001211200815503501	0.0012112008155035008	0.0012112008155035004	0.9718402318068868	0.024518045339482757	0.0012193212226234674	0.001211065154130522	0.0012113364768764796	-0.028931725362727756
-0.004607798758440882	-0.00921559751688176	0.00460779875844088	0.004607798758440881	0.00460779875844088	-0.00460779875844088	-0.009215597516881757	0.004607798758440879	0.00460779875844088	0.004607798758440878	0.05831917066278076	0.927856181213733	0.004609050606604539	0.004607533560972931	0.004608063955908831	-0.057187055453385455
0.0024273125707454275	0.0048546251414908525	-0.0024273125707454267	-0.0024273125707454275	-0.002427312570745427	0.0024273125707454275	0.0048546251414908525	-0.002427312570745427	-0.002427312570745427	-0.0024273125707454267	0.002455550872105254	0.004841723608221906	0.9975573506611636	-0.002427313447931748	-0.0024273116935591057	0.0009414229158437507
0.003640984892606703	0.007281969785213405	-0.0036409848926067024	-0.0036409848926067033	-0.0036409848926067024	0.0036409848926067033	0.007281969785213405	-0.0036409848926067037	-0.0036409848926067037	-0.0036409848926067024	0.00365925426993527	0.007263696385806042	-0.003640980870527906	0.9963547332849663	-0.0036367030701795794	0.0014297690480083985
0.0072819378047192015	0.014563875609438401	-0.007281937804719201	-0.0072819378047192015	-0.0072819378047192015	0.007281937804719204	0.014563875609438401	-0.007281937804719204	-0.007281937804719204	-0.007281937804719202	0.007318476489199779	0.014527328880814809	-0.007281929760576187	-0.007273379068525245	0.992709503459087	0.002859524335269927
-0.0036264327077490124	-0.007252865415498023	0.0036264327077490124	0.0036264327077490124	0.003626432707749012	-0.0036264327077490132	-0.007252865415498025	0.0036264327077490132	0.0036264327077490132	0.0036264327077490124	-0.1652083274019091	0.15437234066342437	0.003583121322986601	0.0036341786814741545	0.003618686734023873	0.8278342311012802