0.999862846671876	-0.0002743066562482523	0.00013715332812412617	0.00013715332812412617	0.00013715332812412612	-0.0001371533281241262	-0.0002743066562482523	0.00013715332812412614	0.00013715332812412617	0.00013715332812412612	-0.00013717467939520763	-0.0002742852991780939	0.00013715332232504927	0.0001371533289139614	0.00013715332733429071	-0.00006617032701437871
-0.0005486133124965049	0.9989027733750071	0.0005486133124965045	0.0005486133124965045	0.0005486133124965045	-0.0005486133124965048	-0.001097226624993009	0.0005486133124965045	0.0005486133124965046	0.0005486133124965045	-0.0005486987175808306	-0.0010971411967123747	0.0005486132893001974	0.0005486133156558457	0.0005486133093371631	-0.00026468130805751484
0.0002743066562482524	0.0005486133124965045	0.9997256933437517	-0.00027430665624825223	-0.0002743066562482522	0.0002743066562482523	0.0005486133124965044	-0.0002743066562482521	-0.0002743066562482522	-0.00027430665624825207	0.0002743493587904155	0.0005485705983561875	-0.0002743066446500985	-0.00027430665782792287	-0.0002743066546685816	0.0001323406540287574
0.00041145998437237813	0.0008229199687447562	-0.00041145998437237813	0.9995885400156274	-0.0004114599843723782	0.0004114599843723782	0.0008229199687447563	-0.00041145998437237813	-0.00041145998437237813	-0.00041145998437237813	0.000411524038185623	0.0008228558975342813	-0.00041145996697514794	-0.0004114599867418841	-0.0004114599820028724	0.0001985109810431361
0.0008229199687447564	0.0016458399374895125	-0.0008229199687447564	-0.0008229199687447564	0.9991770800312554	0.0008229199687447565	0.0016458399374895125	-0.0008229199687447563	-0.0008229199687447563	-0.0008229199687447563	0.0008230480763712461	0.0016457117950685629	-0.000822919933950296	-0.0008229199734837686	-0.0008229199640057449	0.0003970219620862721
-0.00013715332812412617	-0.00027430665624825223	0.00013715332812412612	0.00013715332812412612	0.00013715332812412614	0.9998628466718762	-0.0002743066562482523	0.00013715332812412614	0.00013715332812412617	0.00013715332812412612	-0.00013717467939520773	-0.0002742852991780938	0.00013715332232504924	0.0001371533289139614	0.00013715332733429077	-0.00006617032701437871
-0.0005486133124965046	-0.0010972266249930087	0.0005486133124965044	0.0005486133124965044	0.0005486133124965045	-0.0005486133124965045	0.9989027733750068	0.0005486133124965044	0.0005486133124965045	0.0005486133124965042	-0.0005486987175808308	-0.001097141196712375	0.0005486132893001971	0.0005486133156558456	0.000548613309337163	-0.0002646813080575147
0.00027430665624825234	0.0005486133124965045	-0.00027430665624825223	-0.00027430665624825223	-0.0002743066562482523	0.0002743066562482523	0.0005486133124965045	0.9997256933437514	-0.0002743066562482523	-0.00027430665624825223	0.00027434935879041547	0.0005485705983561878	-0.0002743066446500986	-0.00027430665782792287	-0.00027430665466858165	0.00013234065402875736
0.00041145998437237824	0.0008229199687447564	-0.00041145998437237824	-0.00041145998437237824	-0.0004114599843723782	0.00041145998437237824	0.0008229199687447563	-0.00041145998437237813	0.9995885400156274	-0.00041145998437237824	0.000411524038185623	0.0008228558975342813	-0.000411459966975148	-0.00041145998674188414	-0.0004114599820028725	0.00019851098104313607
0.0008229199687447563	0.0016458399374895123	-0.0008229199687447563	-0.0008229199687447563	-0.0008229199687447562	0.0008229199687447563	0.001645839937489512	-0.000822919968744756	-0.000822919968744756	0.9991770800312553	0.0008230480763712459	0.0016457117950685624	-0.0008229199339502962	-0.0008229199734837683	-0.000822919964005745	0.00039702196208627215
-0.00013714719312599646	-0.00027429438625199286	0.00013714719312599646	0.00013714719312599648	0.00013714719312599646	-0.00013714719312599646	-0.00027429438625199286	0.00013714719312599643	0.00013714719312599646	0.00013714719312599646	0.9954597415073758	0.004127579346991104	0.0001383847593811223	0.00013714500286296353	0.0001371493833890294	-0.004508948502388135
-0.000544861878150414	-0.0010897237563008279	0.0005448618781504139	0.000544861878150414	0.0005448618781504139	-0.000544861878150414	-0.0010897237563008276	0.0005448618781504138	0.0005448618781504139	0.0005448618781504138	0.008497113645187047	0.9898682628605756	0.00054489973793613	0.0005448575135497978	0.0005448662427510306	-0.009106286939844745
0.00027430665623126707	0.000548613312462534	-0.000274306656231267	-0.000274306656231267	-0.000274306656231267	0.000274306656231267	0.0005486133124625339	-0.00027430665623126696	-0.00027430665623126696	-0.00027430665623126696	0.00027682454164164614	0.0005485434275862395	0.9997232453432348	-0.0002743066590102217	-0.0002743066534523121	0.00012991997367755193
0.00041146018413132807	0.000822920368262656	-0.0004114601841313279	-0.0004114601841313279	-0.000411460184131328	0.000411460184131328	0.0008229203682626558	-0.0004114601841313279	-0.00041146018413132785	-0.0004114601841313279	0.00041153057697808154	0.0008228499562886088	-0.0004114601650040348	0.9995880556955696	-0.00041097606383241756	0.00019803334082083108
0.0008229199687368258	0.0016458399374736513	-0.0008229199687368256	-0.0008229199687368256	-0.0008229199687368256	0.0008229199687368258	0.0016458399374736509	-0.0008229199687368254	-0.0008229199687368254	-0.0008229199687368255	0.0008230607543955705	0.0016456991135603294	-0.0008229199304822485	-0.0008219517385461355	0.9991761118010728	0.00039606648698944295
-0.00041142626479085634	-0.0008228525295817127	0.00041142626479085634	0.0004114262647908563	0.00041142626479085634	-0.0004114262647908564	-0.0008228525295817127	0.0004114262647908563	0.00041142626479085634	0.00041142626479085634	-0.02681536180906862	0.025588345722437827	0.00040416355704908186	0.00041238135576198494	0.00041047117381972763	0.973143830191229