0.9978777907626761	-0.0042444184746478885	0.0021222092373239443	0.002122209237323945	0.0021222092373239443	-0.0021222092373239434	-0.004244418474647887	0.002122209237323944	0.0021222092373239443	0.002122209237323944	-0.0021374772413104656	-0.004229148645636459	0.002122207412299038	0.0021222110638689303	0.0021222074107789574	-0.0007331512890749848
-0.008488836949295775	0.9830223261014085	0.008488836949295777	0.00848883694929578	0.008488836949295779	-0.008488836949295775	-0.01697767389859155	0.008488836949295777	0.008488836949295779	0.008488836949295777	-0.008549908965241864	-0.01691659458254583	0.008488829649196146	0.008488844255475725	0.008488829643115828	-0.0029326051562999383
0.004244418474647888	0.008488836949295775	0.995755581525352	-0.004244418474647889	-0.004244418474647888	0.004244418474647886	0.008488836949295772	-0.004244418474647887	-0.004244418474647888	-0.004244418474647888	0.004274954482620932	0.008458297291272919	-0.004244414824598073	-0.00424442212773786	-0.004244414821557915	0.0014663025781499694
0.006366627711971829	0.01273325542394366	-0.006366627711971829	0.9936333722880287	-0.0063666277119718276	0.006366627711971827	0.01273325542394366	-0.00636662771197183	-0.006366627711971829	-0.006366627711971829	0.0064124317239313946	0.012687445936909377	-0.006366622236897113	-0.006366633191606789	-0.006366622232336874	0.002199453867224955
0.012733255423943655	0.025466510847887314	-0.012733255423943655	-0.012733255423943659	0.987266744576056	0.012733255423943652	0.02546651084788732	-0.012733255423943659	-0.012733255423943657	-0.012733255423943659	0.012824863447862789	0.02537489187381875	-0.012733244473794229	-0.012733266383213577	-0.012733244464673743	0.0043989077344499085
-0.0021222092373239447	-0.004244418474647889	0.0021222092373239447	0.002122209237323944	0.0021222092373239443	0.9978777907626758	-0.004244418474647887	0.0021222092373239434	0.0021222092373239434	0.002122209237323943	-0.002137477241310466	-0.004229148645636459	0.0021222074122990366	0.0021222110638689303	0.002122207410778957	-0.0007331512890749846
-0.00848883694929578	-0.01697767389859156	0.00848883694929578	0.008488836949295777	0.008488836949295779	-0.008488836949295777	0.9830223261014085	0.008488836949295775	0.008488836949295777	0.008488836949295775	-0.008549908965241866	-0.016916594582545835	0.008488829649196148	0.008488844255475723	0.008488829643115831	-0.0029326051562999387
0.004244418474647889	0.008488836949295779	-0.004244418474647889	-0.0042444184746478885	-0.0042444184746478885	0.004244418474647888	0.008488836949295775	0.9957555815253523	-0.004244418474647888	-0.004244418474647888	0.004274954482620935	0.008458297291272916	-0.004244414824598076	-0.004244422127737861	-0.004244414821557915	0.0014663025781499694
0.006366627711971829	0.01273325542394366	-0.006366627711971829	-0.006366627711971831	-0.00636662771197183	0.006366627711971829	0.01273325542394366	-0.00636662771197183	0.9936333722880285	-0.00636662771197183	0.006412431723931397	0.012687445936909377	-0.0063666222368971145	-0.006366633191606791	-0.006366622232336874	0.002199453867224955
0.012733255423943657	0.025466510847887317	-0.012733255423943657	-0.012733255423943659	-0.012733255423943659	0.012733255423943657	0.025466510847887314	-0.012733255423943657	-0.012733255423943659	0.9872667445760567	0.012824863447862793	0.02537489187381875	-0.012733244473794227	-0.012733266383213579	-0.012733244464673749	0.004398907734449909
-0.0021123051496713735	-0.004224610299342746	0.0021123051496713735	0.002112305149671373	0.0021123051496713726	-0.0021123051496713726	-0.004224610299342746	0.0021123051496713735	0.0021123051496713726	0.002112305149671373	0.9587755453706306	0.03487595072460136	0.0021238936054248057	0.0021119442402261898	0.0021126660591165554	-0.04260429371266353
-0.007798298360059216	-0.015596596720118431	0.007798298360059216	0.007798298360059214	0.0077982983600592155	-0.007798298360059212	-0.015596596720118427	0.0077982983600592155	0.007798298360059212	0.007798298360059212	0.0869961469694441	0.8896071270899883	0.007800129220449294	0.007797599332095973	0.007798997388022446	-0.0835972161373236
0.00424441835522062	0.008488836710441242	-0.004244418355220621	-0.00424441835522062	-0.00424441835522062	0.004244418355220619	0.00848883671044124	-0.004244418355220622	-0.00424441835522062	-0.004244418355220622	0.004298383949850523	0.00845676756101493	0.9957336851995756	-0.004244422191187748	-0.004244414519253491	0.0014458559035237248
0.006366677463259605	0.012733354926519213	-0.006366677463259606	-0.006366677463259606	-0.006366677463259606	0.006366677463259605	0.012733354926519213	-0.006366677463259607	-0.006366677463259605	-0.006366677463259605	0.006413303262490698	0.012686723454612943	-0.006366671790584426	0.9936258387399615	-0.006359193666480043	0.002192840399478698
0.0127332552618323	0.0254665105236646	-0.0127332552618323	-0.0127332552618323	-0.012733255261832298	0.012733255261832298	0.025466510523664602	-0.012733255261832301	-0.012733255261832298	-0.012733255261832301	0.012826506599931379	0.02537324784022996	-0.012733243916496734	-0.012718309791473651	0.9872517992678097	0.004385640956711137
-0.006307745338931709	-0.012615490677863418	0.006307745338931709	0.006307745338931709	0.006307745338931709	-0.0063077453389317065	-0.012615490677863416	0.006307745338931708	0.006307745338931707	0.006307745338931707	-0.24080362641576775	0.22194225610317234	0.006245879634732324	0.006320530818594607	0.006294959859268812	0.7465584514277567