0.9975568211721543	-0.004886357655691123	0.002443178827845561	0.002443178827845561	0.0024431788278455615	-0.0024431788278455606	-0.004886357655691122	0.00244317882784556	0.002443178827845561	0.002443178827845561	-0.002460989512436039	-0.0048685459509143405	0.002443177807659256	0.0024431814902466835	0.0024431761654444407	-0.0008067312399416724
-0.009772715311382244	0.980454569377236	0.009772715311382244	0.009772715311382244	0.009772715311382246	-0.009772715311382242	-0.019545430622764492	0.009772715311382244	0.009772715311382246	0.009772715311382248	-0.009843958049744151	-0.01947418380365736	0.009772711230637023	0.009772725960986738	0.009772704661777758	-0.003226924959766689
0.004886357655691121	0.009772715311382244	0.9951136423443091	-0.004886357655691122	-0.004886357655691123	0.004886357655691121	0.009772715311382246	-0.004886357655691121	-0.004886357655691122	-0.004886357655691122	0.0049219790248720766	0.009737091901828681	-0.0048863556153185125	-0.004886362980493367	-0.004886352330888878	0.0016134624798833444
0.007329536483536682	0.014659072967073366	-0.007329536483536682	0.992670463516463	-0.007329536483536684	0.007329536483536683	0.014659072967073368	-0.007329536483536681	-0.007329536483536683	-0.007329536483536684	0.007382968537308115	0.014605637852743023	-0.007329533422977773	-0.00732954447074005	-0.007329528496333318	0.0024201937198250166
0.014659072967073368	0.029318145934146736	-0.014659072967073366	-0.014659072967073368	0.9853409270329267	0.01465907296707337	0.02931814593414674	-0.014659072967073368	-0.01465907296707337	-0.01465907296707337	0.014765937074616226	0.029211275705486046	-0.014659066845955545	-0.014659088941480101	-0.014659056992666635	0.004840387439650033
-0.0024431788278455606	-0.004886357655691122	0.00244317882784556	0.002443178827845561	0.002443178827845561	0.9975568211721545	-0.004886357655691124	0.002443178827845561	0.0024431788278455623	0.002443178827845562	-0.0024609895124360387	-0.0048685459509143405	0.002443177807659257	0.0024431814902466844	0.00244317616544444	-0.0008067312399416724
-0.00977271531138224	-0.019545430622764485	0.009772715311382239	0.009772715311382242	0.009772715311382242	-0.009772715311382242	0.9804545693772356	0.009772715311382239	0.009772715311382242	0.009772715311382242	-0.00984395804974415	-0.01947418380365735	0.009772711230637027	0.009772725960986729	0.009772704661777754	-0.003226924959766689
0.004886357655691123	0.009772715311382248	-0.004886357655691123	-0.004886357655691124	-0.004886357655691124	0.004886357655691124	0.009772715311382248	0.9951136423443088	-0.004886357655691125	-0.004886357655691125	0.004921979024872076	0.009737091901828681	-0.0048863556153185125	-0.004886362980493366	-0.00488635233088888	0.0016134624798833444
0.007329536483536682	0.014659072967073366	-0.007329536483536681	-0.007329536483536682	-0.007329536483536683	0.007329536483536682	0.014659072967073363	-0.0073295364835366805	0.9926704635164633	-0.007329536483536684	0.007382968537308113	0.014605637852743025	-0.007329533422977773	-0.0073295444707400514	-0.007329528496333317	0.0024201937198250157
0.014659072967073366	0.02931814593414674	-0.014659072967073368	-0.014659072967073366	-0.01465907296707337	0.014659072967073368	0.029318145934146736	-0.014659072967073366	-0.014659072967073368	0.9853409270329269	0.01476593707461623	0.029211275705486046	-0.014659066845955545	-0.014659088941480103	-0.014659056992666637	0.004840387439650035
-0.0024291773768779336	-0.004858354753755868	0.0024291773768779336	0.0024291773768779336	0.002429177376877934	-0.0024291773768779336	-0.004858354753755866	0.002429177376877933	0.0024291773768779336	0.002429177376877933	0.9546989596180055	0.03800103301013578	0.0024416526181028782	0.002428718199890167	0.0024296365538656987	-0.04678570141701746
-0.008878310485940621	-0.01775662097188125	0.008878310485940621	0.008878310485940621	0.008878310485940623	-0.008878310485940623	-0.017756620971881246	0.008878310485940623	0.008878310485940623	0.008878310485940623	0.09553355876949093	0.8778296972458453	0.008880123012782465	0.008877423163641124	0.008879197808240124	-0.09167601886194217
0.004886357545133341	0.009772715090266684	-0.00488635754513334	-0.00488635754513334	-0.004886357545133341	0.00488635754513334	0.00977271509026668	-0.0048863575451333395	-0.00488635754513334	-0.0048863575451333395	0.004947340363933188	0.009735456404505835	0.9950899183218276	-0.004886363100997362	-0.004886351989269319	0.001591188906040075
0.0073296028535548546	0.014659205707109709	-0.0073296028535548546	-0.0073296028535548546	-0.007329602853554856	0.007329602853554855	0.014659205707109709	-0.0073296028535548546	-0.007329602853554855	-0.007329602853554856	0.007384069314233257	0.014604735940840078	-0.007329599547963627	0.992661783367839	-0.007320989074948104	0.00241267263730708
0.014659072712872982	0.029318145425745963	-0.014659072712872983	-0.014659072712872982	-0.014659072712872987	0.014659072712872987	0.029318145425745967	-0.014659072712872983	-0.014659072712872983	-0.014659072712872983	0.014768005322856393	0.02920920620456009	-0.014659066101670521	-0.014641877373126019	0.9853237319473801	0.004825293404870976
-0.007246227562231488	-0.01449245512446298	0.007246227562231488	0.007246227562231488	0.00724622756223149	-0.00724622756223149	-0.01449245512446298	0.00724622756223149	0.00724622756223149	0.00724622756223149	-0.264281504595741	0.24261032531160867	0.007178724159669299	0.0072606758097501865	0.007231779314712791	0.7216888529744717