0.998766456892637	-0.002467086214726143	0.0012335431073630717	0.001233543107363072	0.0012335431073630723	-0.001233543107363072	-0.002467086214726143	0.0012335431073630717	0.0012335431073630721	0.0012335431073630717	-0.001239721821355631	-0.002460906152896496	0.0012335417595259828	0.001233543528983872	0.001233542685742272	-0.00048425638275846015
-0.004934172429452288	0.9901316551410952	0.004934172429452288	0.004934172429452288	0.004934172429452289	-0.004934172429452288	-0.009868344858904572	0.004934172429452286	0.004934172429452288	0.004934172429452286	-0.00495888728542252	-0.009843624611585985	0.004934167038103931	0.004934174115935487	0.00493417074296909	-0.0019370255310338408
0.002467086214726144	0.004934172429452288	0.9975329137852736	-0.002467086214726144	-0.0024670862147261447	0.002467086214726144	0.004934172429452286	-0.0024670862147261434	-0.002467086214726144	-0.002467086214726143	0.0024794436427112614	0.004921812305792993	-0.0024670835190519656	-0.0024670870579677428	-0.0024670853714845436	0.0009685127655169203
0.0037006293220892164	0.007401258644178432	-0.003700629322089215	0.9962993706779107	-0.0037006293220892177	0.003700629322089217	0.007401258644178431	-0.0037006293220892147	-0.003700629322089217	-0.0037006293220892147	0.003719165464066891	0.007382718458689486	-0.003700625278577949	-0.0037006305869516165	-0.0037006280572268145	0.0014527691482753803
0.007401258644178435	0.014802517288356869	-0.007401258644178433	-0.0074012586441784345	0.9925987413558224	0.007401258644178434	0.014802517288356862	-0.007401258644178429	-0.007401258644178434	-0.00740125864417843	0.007438330928133785	0.014765436917378975	-0.0074012505571558985	-0.007401261173903235	-0.007401256114453628	0.0029055382965507614
-0.0012335431073630717	-0.002467086214726144	0.0012335431073630717	0.001233543107363072	0.001233543107363072	0.9987664568926371	-0.0024670862147261425	0.0012335431073630715	0.0012335431073630717	0.0012335431073630715	-0.0012397218213556305	-0.002460906152896495	0.0012335417595259828	0.001233543528983872	0.0012335426857422711	-0.00048425638275846
-0.004934172429452288	-0.009868344858904577	0.004934172429452288	0.0049341724294522885	0.0049341724294522885	-0.004934172429452288	0.9901316551410952	0.004934172429452287	0.0049341724294522885	0.004934172429452288	-0.0049588872854225245	-0.009843624611585984	0.004934167038103931	0.004934174115935488	0.004934170742969089	-0.0019370255310338406
0.0024670862147261447	0.00493417242945229	-0.0024670862147261447	-0.002467086214726145	-0.002467086214726145	0.0024670862147261447	0.0049341724294522885	0.9975329137852733	-0.0024670862147261443	-0.0024670862147261434	0.002479443642711262	0.004921812305792992	-0.0024670835190519656	-0.0024670870579677436	-0.0024670853714845436	0.0009685127655169204
0.003700629322089217	0.007401258644178433	-0.0037006293220892155	-0.0037006293220892164	-0.0037006293220892164	0.0037006293220892164	0.007401258644178431	-0.003700629322089215	0.996299370677911	-0.003700629322089215	0.0037191654640668925	0.0073827184586894865	-0.003700625278577949	-0.0037006305869516174	-0.0037006280572268154	0.0014527691482753803
0.007401258644178433	0.014802517288356864	-0.00740125864417843	-0.007401258644178432	-0.007401258644178431	0.007401258644178432	0.01480251728835686	-0.007401258644178429	-0.007401258644178432	0.9925987413558212	0.0074383309281337824	0.014765436917378973	-0.007401250557155895	-0.007401261173903232	-0.007401256114453628	0.0029055382965507606
-0.0012309837265686836	-0.0024619674531373673	0.0012309837265686834	0.0012309837265686836	0.0012309837265686836	-0.0012309837265686834	-0.0024619674531373664	0.0012309837265686832	0.0012309837265686839	0.0012309837265686836	0.9715161809455972	0.024782653502017825	0.001239198099246959	0.0012308440723333325	0.0012311233808040352	-0.029273498732765267
-0.004679801369606107	-0.009359602739212217	0.004679801369606107	0.0046798013696061095	0.00467980136960611	-0.0046798013696061095	-0.009359602739212217	0.004679801369606109	0.00467980136960611	0.004679801369606109	0.05904285176700822	0.9269164707864492	0.004681074707330015	0.004679528437002281	0.004680074302209936	-0.057848717461349855
0.0024670861734346007	0.0049341723468692015	-0.0024670861734346007	-0.0024670861734346016	-0.002467086173434601	0.0024670861734346007	0.004934172346869201	-0.0024670861734346003	-0.0024670861734346016	-0.0024670861734346007	0.002495911716552906	0.004920856140163292	0.9975174044901529	-0.0024670870892842447	-0.0024670852575849568	0.0009539781461861954
0.003700645833767284	0.0074012916675345675	-0.0037006458337672837	-0.003700645833767284	-0.0037006458337672837	0.0037006458337672846	0.0074012916675345675	-0.0037006458337672837	-0.003700645833767284	-0.0037006458337672837	0.0037195200574504867	0.00738241331501234	-0.003700641704928264	0.9962950022194826	-0.0036962938870170434	0.0014487743155080454
0.007401258616761679	0.014802517233523355	-0.007401258616761677	-0.007401258616761679	-0.007401258616761678	0.00740125861676168	0.014802517233523355	-0.0074012586167616756	-0.007401258616761678	-0.007401258616761676	0.007439006990640295	0.014764760601981824	-0.00740125035909877	-0.007392559853972077	0.9925900426204484	0.0028975344346742434
-0.003685475694189157	-0.007370951388378312	0.003685475694189155	0.003685475694189157	0.003685475694189157	-0.0036854756941891564	-0.007370951388378312	0.0036854756941891555	0.003685475694189157	0.003685475694189156	-0.16709134924989608	0.15607870549954383	0.003641692361973742	0.003693337792130604	0.0036776135962477063	0.8258025118965119