0.9995036044066352	-0.0009927911867295377	0.0004963955933647688	0.0004963955933647691	0.0004963955933647687	-0.0004963955933647688	-0.0009927911867295375	0.0004963955933647687	0.0004963955933647691	0.0004963955933647688	-0.0004971344716972341	-0.0009920521177395343	0.0004963954027072306	0.0004963956265751533	0.0004963955601543852	-0.0002211819124476809
-0.001985582373459076	0.996028835253082	0.0019855823734590754	0.0019855823734590762	0.0019855823734590754	-0.001985582373459076	-0.003971164746918152	0.0019855823734590754	0.0019855823734590762	0.001985582373459076	-0.0019885378867889373	-0.003968208470958136	0.0019855816108289223	0.0019855825063006135	0.0019855822406175403	-0.0008847276497907235
0.0009927911867295377	0.001985582373459076	0.9990072088132705	-0.000992791186729538	-0.0009927911867295375	0.0009927911867295375	0.001985582373459075	-0.0009927911867295375	-0.000992791186729538	-0.0009927911867295377	0.0009942689433944684	0.001984104235479068	-0.000992790805414461	-0.0009927912531503065	-0.00099279112030877	0.0004423638248953617
0.001489186780094308	0.0029783735601886154	-0.0014891867800943077	0.9985108132199061	-0.0014891867800943075	0.0014891867800943077	0.0029783735601886154	-0.0014891867800943077	-0.0014891867800943081	-0.0014891867800943077	0.0014914034150917035	0.002976156353218603	-0.001489186208121691	-0.0014891868797254609	-0.0014891866804631556	0.0006635457373430425
0.0029783735601886146	0.005956747120377228	-0.002978373560188614	-0.002978373560188615	0.997021626439811	0.0029783735601886146	0.005956747120377229	-0.0029783735601886146	-0.002978373560188615	-0.0029783735601886146	0.0029828068301834066	0.005952312706437206	-0.0029783724162433817	-0.002978373759450921	-0.0029783733609263104	0.0013270914746860848
-0.000496395593364769	-0.000992791186729538	0.000496395593364769	0.0004963955933647691	0.000496395593364769	0.9995036044066352	-0.000992791186729538	0.000496395593364769	0.0004963955933647692	0.000496395593364769	-0.0004971344716972342	-0.0009920521177395345	0.0004963954027072305	0.0004963956265751533	0.000496395560154385	-0.00022118191244768082
-0.0019855823734590762	-0.003971164746918153	0.0019855823734590762	0.0019855823734590767	0.0019855823734590762	-0.0019855823734590762	0.9960288352530818	0.001985582373459076	0.0019855823734590767	0.0019855823734590762	-0.0019885378867889377	-0.003968208470958139	0.0019855816108289223	0.0019855825063006135	0.0019855822406175403	-0.0008847276497907236
0.000992791186729538	0.0019855823734590762	-0.000992791186729538	-0.0009927911867295383	-0.000992791186729538	0.000992791186729538	0.0019855823734590762	0.9990072088132702	-0.0009927911867295385	-0.0009927911867295381	0.0009942689433944686	0.0019841042354790694	-0.000992790805414461	-0.000992791253150307	-0.0009927911203087701	0.00044236382489536174
0.0014891867800943075	0.0029783735601886146	-0.0014891867800943073	-0.001489186780094308	-0.0014891867800943075	0.0014891867800943073	0.002978373560188615	-0.001489186780094308	0.9985108132199059	-0.0014891867800943075	0.0014914034150917037	0.0029761563532186034	-0.0014891862081216913	-0.0014891868797254604	-0.0014891866804631556	0.0006635457373430424
0.002978373560188615	0.005956747120377229	-0.0029783735601886146	-0.0029783735601886154	-0.002978373560188615	0.0029783735601886146	0.00595674712037723	-0.0029783735601886154	-0.0029783735601886154	0.9970216264398113	0.002982806830183406	0.005952312706437205	-0.002978372416243382	-0.00297837375945092	-0.002978373360926311	0.0013270914746860846
-0.0004961666650914615	-0.000992333330182923	0.0004961666650914615	0.0004961666650914616	0.0004961666650914615	-0.0004961666650914615	-0.000992333330182923	0.0004961666650914616	0.0004961666650914616	0.0004961666650914615	0.9857599550602545	0.01274754061730902	0.0005001709922536721	0.0004961404405028282	0.0004961928896800954	-0.014365354304719915
-0.0019397376970199773	-0.0038794753940399555	0.0019397376970199775	0.0019397376970199782	0.0019397376970199775	-0.0019397376970199773	-0.0038794753940399555	0.0019397376970199782	0.0019397376970199784	0.0019397376970199777	0.027944523179557385	0.9662358960411523	0.001940105385250389	0.0019396858395587275	0.0019397895544812273	-0.028743266864953283
0.0009927911845736732	0.0019855823691473464	-0.0009927911845736732	-0.0009927911845736734	-0.0009927911845736732	0.0009927911845736732	0.001985582369147347	-0.0009927911845736734	-0.0009927911845736734	-0.0009927911845736734	0.0010022799296539292	0.00198383733113857	0.9989994651083547	-0.0009927912650646137	-0.0009927911040827331	0.00043489158008688046
0.0014891894153824458	0.002978378830764891	-0.0014891894153824456	-0.0014891894153824458	-0.0014891894153824458	0.0014891894153824456	0.002978378830764891	-0.0014891894153824458	-0.0014891894153824458	-0.0014891894153824454	0.0014914763937348787	0.0029760912617912993	-0.001489188824761288	0.9985090587436696	-0.0014874375744343108	0.0006618668967643415
0.002978373559104663	0.005956747118209326	-0.0029783735591046626	-0.002978373559104663	-0.0029783735591046626	0.0029783735591046617	0.0059567471182093235	-0.0029783735591046617	-0.002978373559104662	-0.0029783735591046617	0.00298294751191496	0.005952171984157703	-0.0029783723778633413	-0.0029748702876550904	0.997018123169446	0.0013237313516013286
-0.0014878504646195058	-0.0029757009292390117	0.0014878504646195056	0.0014878504646195058	0.0014878504646195052	-0.0014878504646195056	-0.0029757009292390104	0.0014878504646195052	0.0014878504646195058	0.0014878504646195052	-0.08390261807114473	0.07946150513913061	0.0014654120027751062	0.0014911964877501944	0.0014845044414888173	0.9144677163461994