0.9975223420701256	-0.004955315859749825	0.002477657929874912	0.002477657929874913	0.002477657929874912	-0.0024776579298749126	-0.004955315859749825	0.0024776579298749126	0.002477657929874913	0.0024776579298749126	-0.0024956986503455038	-0.004937274249522812	0.002477657040118485	0.0024776606938854903	0.0024776551658643353	-0.0008141191646135777
-0.00991063171949965	0.9801787365610004	0.00991063171949965	0.009910631719499654	0.009910631719499649	-0.00991063171949965	-0.0198212634389993	0.009910631719499652	0.009910631719499652	0.00991063171949965	-0.009982794601382019	-0.01974909699809125	0.009910628160473944	0.00991064277554196	0.00991062066345734	-0.0032564766584543105
0.004955315859749827	0.009910631719499654	0.9950446841402505	-0.004955315859749827	-0.004955315859749824	0.004955315859749824	0.00991063171949965	-0.004955315859749825	-0.004955315859749827	-0.004955315859749826	0.00499139730069101	0.00987454849904562	-0.0049553140802369704	-0.004955321387770979	-0.0049553103317286715	0.0016282383292271544
0.007432973789624742	0.014865947579249483	-0.007432973789624742	0.992567026210376	-0.007432973789624739	0.0074329737896247396	0.014865947579249483	-0.007432973789624741	-0.007432973789624744	-0.007432973789624742	0.007487095951036513	0.014811822748568427	-0.00743297112035546	-0.007432982081656468	-0.0074329654975930125	0.0024423574938407322
0.014865947579249474	0.02973189515849894	-0.014865947579249472	-0.014865947579249479	0.9851340524207503	0.014865947579249472	0.02973189515849895	-0.014865947579249476	-0.01486594757924948	-0.014865947579249476	0.014974191902073015	0.029623645497136836	-0.014865942240710915	-0.014865964163312928	-0.014865930995186016	0.0048847149876814645
-0.002477657929874914	-0.004955315859749827	0.0024776579298749135	0.002477657929874914	0.002477657929874913	0.9975223420701251	-0.004955315859749826	0.002477657929874913	0.0024776579298749135	0.002477657929874913	-0.0024956986503455038	-0.00493727424952281	0.0024776570401184857	0.0024776606938854894	0.0024776551658643358	-0.0008141191646135775
-0.00991063171949965	-0.0198212634389993	0.009910631719499649	0.009910631719499652	0.009910631719499645	-0.00991063171949965	0.9801787365610006	0.00991063171949965	0.009910631719499654	0.009910631719499652	-0.009982794601382017	-0.01974909699809124	0.009910628160473943	0.009910642775541958	0.009910620663457341	-0.0032564766584543088
0.004955315859749826	0.009910631719499652	-0.004955315859749826	-0.004955315859749827	-0.004955315859749824	0.004955315859749826	0.009910631719499652	0.9950446841402505	-0.004955315859749827	-0.004955315859749826	0.0049913973006910075	0.009874548499045621	-0.004955314080236972	-0.00495532138777098	-0.004955310331728671	0.0016282383292271548
0.00743297378962474	0.014865947579249479	-0.00743297378962474	-0.007432973789624743	-0.0074329737896247396	0.007432973789624741	0.01486594757924948	-0.007432973789624741	0.9925670262103758	-0.00743297378962474	0.007487095951036511	0.014811822748568425	-0.00743297112035546	-0.007432982081656466	-0.00743296549759301	0.0024423574938407322
0.014865947579249476	0.02973189515849894	-0.014865947579249474	-0.014865947579249479	-0.01486594757924947	0.014865947579249476	0.029731895158498948	-0.014865947579249476	-0.014865947579249477	0.9851340524207506	0.014974191902073015	0.029623645497136846	-0.014865942240710917	-0.014865964163312931	-0.014865930995186016	0.0048847149876814645
-0.0024631649697161194	-0.00492632993943224	0.0024631649697161194	0.002463164969716119	0.002463164969716119	-0.00246316496971612	-0.004926329939432239	0.002463164969716119	0.0024631649697161194	0.002463164969716118	0.9542711172575096	0.038326826168061316	0.002475726634996768	0.002462694711246402	0.002463635228185836	-0.04722165315011979
-0.008992876480620055	-0.017985752961240106	0.008992876480620051	0.008992876480620053	0.008992876480620048	-0.008992876480620051	-0.0179857529612401	0.008992876480620048	0.00899287648062005	0.008992876480620048	0.09641604790592342	0.8766035191922481	0.008994679940588755	0.008991967947044542	0.008993785014195555	-0.09251862941104474
0.004955315752725596	0.009910631505451193	-0.004955315752725596	-0.004955315752725597	-0.004955315752725595	0.004955315752725596	0.00991063150545119	-0.004955315752725595	-0.004955315752725597	-0.004955315752725595	0.005016951782303163	0.009872904484818472	0.9950207752383302	-0.004955321517223026	-0.004955309988228159	0.0016057742029358573
0.007433042094116024	0.014866084188232046	-0.007433042094116024	-0.007433042094116026	-0.007433042094116022	0.007433042094116024	0.014866084188232048	-0.007433042094116025	-0.007433042094116026	-0.007433042094116024	0.007488222704884548	0.014810900657848637	-0.007433039174501141	0.9925582227942429	-0.007424306982475017	0.002434740077030299
0.014865947313400508	0.02973189462680102	-0.01486594731340051	-0.014865947313400515	-0.014865947313400508	0.014865947313400511	0.02973189462680102	-0.01486594731340051	-0.014865947313400511	-0.014865947313400506	0.014976308219938542	0.029621527881007505	-0.014865941474145026	-0.01484851053425621	0.9851166159074549	0.004869426912411058
-0.00734673385233545	-0.014693467704670893	0.007346733852335446	0.00734673385233545	0.007346733852335447	-0.00734673385233545	-0.014693467704670895	0.007346733852335447	0.007346733852335447	0.007346733852335446	-0.26674330348140396	0.24477119479916906	0.007278640977564099	0.007361357354780444	0.0073321103498904475	0.7190951118823868