0.99968956549091	-0.0006208690181796795	0.0003104345090898397	0.00031043450908983973	0.0003104345090898397	-0.00031043450908983973	-0.0006208690181796795	0.0003104345090898397	0.00031043450908983984	0.00031043450908983973	-0.00031064666637829774	-0.0006206568046021451	0.00031043445280076314	0.00031043451770873184	0.00031043450047094756	-0.00014382337156288274
-0.0012417380363593587	0.9975165239272817	0.0012417380363593587	0.001241738036359359	0.0012417380363593587	-0.001241738036359359	-0.002483476072718718	0.0012417380363593585	0.001241738036359359	0.0012417380363593587	-0.0012425866655131907	-0.0024826272184085814	0.0012417378112030521	0.001241738070834927	0.0012417380018837905	-0.0005752934862515306
0.0006208690181796795	0.001241738036359359	0.99937913098182	-0.0006208690181796795	-0.0006208690181796795	0.0006208690181796795	0.001241738036359359	-0.0006208690181796794	-0.0006208690181796796	-0.0006208690181796796	0.0006212933327565954	0.00124131360920429	-0.0006208689056015258	-0.0006208690354174637	-0.0006208690009418953	0.00028764674312576526
0.0009313035272695196	0.0018626070545390391	-0.0009313035272695191	0.9990686964727308	-0.0009313035272695198	0.0009313035272695196	0.001862607054539039	-0.0009313035272695191	-0.0009313035272695194	-0.0009313035272695195	0.0009319399991348933	0.0018619704138064354	-0.0009313033584022901	-0.000931303553126196	-0.0009313035014128433	0.00043147011468864794
0.0018626070545390394	0.0037252141090780787	-0.0018626070545390387	-0.0018626070545390394	0.9981373929454611	0.001862607054539039	0.0037252141090780774	-0.0018626070545390387	-0.001862607054539039	-0.0018626070545390387	0.001863879998269787	0.0037239408276128713	-0.0018626067168045798	-0.0018626071062523921	-0.0018626070028256866	0.0008629402293772957
-0.0003104345090898396	-0.0006208690181796792	0.0003104345090898395	0.0003104345090898397	0.0003104345090898395	0.9996895654909103	-0.0006208690181796794	0.00031043450908983957	0.0003104345090898397	0.0003104345090898397	-0.00031064666637829774	-0.0006206568046021449	0.000310434452800763	0.00031043451770873195	0.00031043450047094746	-0.00014382337156288266
-0.0012417380363593585	-0.002483476072718717	0.001241738036359358	0.0012417380363593587	0.001241738036359358	-0.0012417380363593585	0.9975165239272814	0.001241738036359358	0.0012417380363593587	0.0012417380363593585	-0.0012425866655131905	-0.0024826272184085797	0.0012417378112030517	0.0012417380708349272	0.0012417380018837903	-0.0005752934862515305
0.0006208690181796797	0.0012417380363593594	-0.0006208690181796795	-0.0006208690181796798	-0.0006208690181796795	0.0006208690181796797	0.0012417380363593594	0.9993791309818199	-0.0006208690181796796	-0.0006208690181796796	0.0006212933327565956	0.00124131360920429	-0.0006208689056015261	-0.0006208690354174639	-0.0006208690009418953	0.0002876467431257654
0.0009313035272695195	0.001862607054539039	-0.000931303527269519	-0.0009313035272695195	-0.0009313035272695194	0.0009313035272695194	0.001862607054539038	-0.000931303527269519	0.9990686964727308	-0.0009313035272695196	0.0009319399991348932	0.001861970413806435	-0.00093130335840229	-0.000931303553126196	-0.000931303501412843	0.00043147011468864794
0.0018626070545390394	0.0037252141090780787	-0.0018626070545390387	-0.0018626070545390394	-0.0018626070545390391	0.0018626070545390391	0.0037252141090780774	-0.0018626070545390387	-0.0018626070545390391	0.9981373929454612	0.0018638799982697866	0.00372394082761287	-0.0018626067168045798	-0.001862607106252392	-0.0018626070028256864	0.0008629402293772956
-0.0003103723909349754	-0.0006207447818699508	0.0003103723909349752	0.00031037239093497537	0.00031037239093497526	-0.0003103723909349754	-0.0006207447818699508	0.00031037239093497526	0.0003103723909349755	0.00031037239093497537	0.9904462948937002	0.008619940048852715	0.0003130202755774666	0.0003103616656917536	0.0003103831161781973	-0.009565789772389113
-0.0012231849528635105	-0.0024463699057270215	0.0012231849528635103	0.0012231849528635107	0.00122318495286351	-0.0012231849528635105	-0.002446369905727021	0.00122318495286351	0.0012231849528635105	0.0012231849528635103	0.018331103376058155	0.977999174316903	0.0012233524013117996	0.0012231636636623317	0.0012232062420646885	-0.019226474766085615
0.0006208690177922251	0.0012417380355844504	-0.0006208690177922249	-0.000620869017792225	-0.0006208690177922249	0.0006208690177922251	0.0012417380355844501	-0.000620869017792225	-0.0006208690177922251	-0.000620869017792225	0.0006265896978405826	0.0012411927734844697	0.9993739555642597	-0.0006208690408422899	-0.0006208689947421601	0.0002825935734521545
0.0009313045541567196	0.0018626091083134393	-0.0009313045541567193	-0.0009313045541567197	-0.0009313045541567196	0.0009313045541567196	0.001862609108313439	-0.0009313045541567196	-0.0009313045541567197	-0.0009313045541567196	0.0009319708689801772	0.001861942616596216	-0.0009313043772629537	0.9990675997850257	-0.0009302088933392396	0.0004304052008368238
0.0018626070543528027	0.0037252141087056054	-0.001862607054352802	-0.001862607054352803	-0.0018626070543528027	0.0018626070543528027	0.003725214108705605	-0.0018626070543528025	-0.001862607054352803	-0.0018626070543528027	0.0018639396832757262	0.00372388112599534	-0.0018626067005654613	-0.0018604158408547862	0.9981352017321492	0.0008608094267068375
-0.0009309459952681244	-0.0018618919905362488	0.0009309459952681243	0.0009309459952681246	0.0009309459952681244	-0.0009309459952681245	-0.0018618919905362486	0.0009309459952681243	0.0009309459952681245	0.0009309459952681244	-0.05635933772259716	0.053581665660162404	0.0009157800718984875	0.0009330728830497105	0.000928819107486538	0.9430344466566262