0.9989020331734974	-0.0021959336530047884	0.0010979668265023944	0.0010979668265023942	0.0010979668265023947	-0.001097966826502394	-0.0021959336530047884	0.001097966826502394	0.0010979668265023942	0.0010979668265023947	-0.0011028296630291622	-0.002191069711019756	0.001097965721044131	0.0010979671329797232	0.0010979665200250652	-0.0004401945161220649
-0.004391867306009579	0.9912162653879806	0.004391867306009578	0.004391867306009577	0.004391867306009579	-0.004391867306009577	-0.008783734612019157	0.004391867306009578	0.004391867306009578	0.004391867306009579	-0.004411318652116648	-0.008764278844079024	0.004391862884176525	0.004391868531918893	0.004391866080100263	-0.0017607780644882597
0.002195933653004789	0.004391867306009579	0.9978040663469953	-0.002195933653004789	-0.0021959336530047897	0.002195933653004789	0.004391867306009579	-0.002195933653004789	-0.0021959336530047893	-0.0021959336530047897	0.0022056593260583236	0.004382139422039511	-0.002195931442088263	-0.002195934265959447	-0.0021959330400501305	0.0008803890322441297
0.003293900479507182	0.0065878009590143675	-0.0032939004795071837	0.9967060995204927	-0.0032939004795071833	0.003293900479507182	0.006587800959014366	-0.0032939004795071824	-0.003293900479507182	-0.0032939004795071824	0.0033084889890874877	0.00657320913305927	-0.0032938971631323944	-0.0032939013989391704	-0.003293899560075196	0.001320583548366194
0.006587800959014363	0.013175601918028733	-0.006587800959014367	-0.006587800959014366	0.993412199040986	0.006587800959014363	0.01317560191802873	-0.006587800959014366	-0.006587800959014364	-0.006587800959014365	0.006616977978174975	0.01314641826611854	-0.006587794326264789	-0.006587802797878339	-0.006587799120150392	0.0026411670967323875
-0.0010979668265023942	-0.002195933653004789	0.0010979668265023944	0.0010979668265023944	0.0010979668265023947	0.9989020331734976	-0.0021959336530047884	0.001097966826502394	0.0010979668265023942	0.0010979668265023944	-0.0011028296630291616	-0.002191069711019755	0.0010979657210441307	0.0010979671329797228	0.0010979665200250655	-0.00044019451612206466
-0.004391867306009579	-0.008783734612019157	0.004391867306009579	0.004391867306009579	0.0043918673060095795	-0.004391867306009577	0.9912162653879808	0.004391867306009577	0.004391867306009579	0.004391867306009579	-0.004411318652116648	-0.008764278844079026	0.0043918628841765235	0.004391868531918893	0.004391866080100262	-0.0017607780644882584
0.002195933653004789	0.004391867306009578	-0.002195933653004789	-0.002195933653004789	-0.0021959336530047893	0.002195933653004788	0.004391867306009577	0.997804066346995	-0.002195933653004789	-0.0021959336530047893	0.0022056593260583236	0.004382139422039512	-0.0021959314420882626	-0.0021959342659594464	-0.002195933040050131	0.0008803890322441294
0.0032939004795071807	0.006587800959014365	-0.0032939004795071824	-0.003293900479507182	-0.003293900479507182	0.0032939004795071807	0.006587800959014363	-0.0032939004795071824	0.9967060995204927	-0.003293900479507182	0.003308488989087487	0.0065732091330592685	-0.0032938971631323935	-0.003293901398939169	-0.003293899560075196	0.0013205835483661938
0.006587800959014364	0.013175601918028735	-0.0065878009590143675	-0.006587800959014367	-0.006587800959014367	0.006587800959014364	0.013175601918028731	-0.0065878009590143675	-0.006587800959014366	0.9934121990409859	0.006616977978174975	0.013146418266118539	-0.00658779432626479	-0.00658780279787834	-0.006587799120150395	0.002641167096732389
-0.0010960674538386965	-0.0021921349076773934	0.001096067453838697	0.0010960674538386967	0.001096067453838697	-0.001096067453838696	-0.002192134907677393	0.0010960674538386967	0.0010960674538386967	0.001096067453838697	0.9737752052022598	0.02292903757968383	0.0011036223103785064	0.0010959540859950395	0.0010961808216823556	-0.026891185579563652
-0.00418691981240822	-0.008373839624816441	0.0041869198124082204	0.00418691981240822	0.004186919812408221	-0.004186919812408218	-0.00837383962481644	0.00418691981240822	0.004186919812408219	0.00418691981240822	0.05400111834428055	0.9334370012219432	0.004188040808959917	0.004186697850113589	0.004187141774702847	-0.05323286373762727
0.0021959336233465265	0.004391867246693054	-0.002195933623346527	-0.0021959336233465265	-0.002195933623346527	0.002195933623346525	0.004391867246693052	-0.002195933623346526	-0.002195933623346526	-0.002195933623346527	0.0022207957930953357	0.004381304682786726	0.9977897667708117	-0.002195934295535823	-0.0021959329511572283	0.0008669424587121572
0.0032939135260172977	0.006587827052034597	-0.003293913526017298	-0.003293913526017298	-0.0032939135260172986	0.0032939135260172973	0.006587827052034596	-0.003293913526017299	-0.0032939135260172977	-0.003293913526017299	0.0033087805207408054	0.0065729566700624235	-0.0032939101387686348	0.9967022126184709	-0.003290039670504997	0.0013170032561142565
0.006587800940562968	0.013175601881125938	-0.006587800940562969	-0.006587800940562969	-0.006587800940562969	0.006587800940562967	0.013175601881125938	-0.00658780094056297	-0.006587800940562969	-0.006587800940562971	0.006617534877560389	0.013145861169642609	-0.006587794166077063	-0.0065800569640240315	0.9934044550828982	0.002633995159066701
-0.0032826680172576782	-0.00656533603451536	0.0032826680172576795	0.0032826680172576787	0.00328266801725768	-0.003282668017257678	-0.006565336034515357	0.0032826680172576795	0.0032826680172576787	0.0032826680172576795	-0.15395507619731452	0.14414755187981496	0.003242188282984158	0.003289732702908614	0.0032756033316067457	0.8399652000725472