0.9993085632956153	-0.0013828734087702789	0.0006914367043851397	0.0006914367043851397	0.0006914367043851397	-0.0006914367043851398	-0.0013828734087702789	0.0006914367043851397	0.0006914367043851398	0.0006914367043851395	-0.0006931315657810056	-0.0013811781244955261	0.0006914362815062526	0.0006914367892003895	0.0006914366195698901	-0.0002968739010109697
-0.0027657468175405586	0.9944685063649181	0.002765746817540558	0.0027657468175405586	0.002765746817540558	-0.0027657468175405586	-0.0055314936350811155	0.0027657468175405586	0.002765746817540559	0.002765746817540558	-0.002772526263124022	-0.005524712497982104	0.0027657451260250103	0.0027657471568015572	0.0027657464782795595	-0.001187495604043879
0.0013828734087702784	0.0027657468175405564	0.99861712659123	-0.001382873408770279	-0.0013828734087702789	0.0013828734087702789	0.002765746817540557	-0.0013828734087702789	-0.0013828734087702789	-0.0013828734087702784	0.001386263131562011	0.0027623562489910514	-0.0013828725630125045	-0.0013828735784007786	-0.0013828732391397796	0.0005937478020219393
0.002074310113155419	0.004148620226310838	-0.002074310113155419	0.9979256898868444	-0.0020743101131554193	0.0020743101131554193	0.004148620226310836	-0.002074310113155419	-0.0020743101131554184	-0.0020743101131554184	0.002079394697343017	0.004143534373486576	-0.0020743088445187583	-0.002074310367601167	-0.0020743098587096684	0.0008906217030329092
0.004148620226310837	0.008297240452621672	-0.004148620226310837	-0.004148620226310836	0.9958513797736894	0.004148620226310837	0.008297240452621668	-0.004148620226310837	-0.004148620226310837	-0.004148620226310837	0.004158789394686036	0.008287068746973152	-0.004148617689037518	-0.004148620735202334	-0.004148619717419337	0.0017812434060658184
-0.0006914367043851395	-0.0013828734087702789	0.0006914367043851395	0.0006914367043851397	0.0006914367043851394	0.9993085632956152	-0.001382873408770279	0.0006914367043851398	0.0006914367043851399	0.0006914367043851395	-0.0006931315657810059	-0.0013811781244955261	0.0006914362815062527	0.0006914367892003894	0.00069143661956989	-0.0002968739010109699
-0.002765746817540557	-0.005531493635081113	0.002765746817540557	0.0027657468175405573	0.0027657468175405564	-0.002765746817540557	0.9944685063649186	0.0027657468175405577	0.002765746817540558	0.002765746817540557	-0.002772526263124022	-0.005524712497982103	0.0027657451260250094	0.0027657471568015572	0.0027657464782795587	-0.0011874956040438794
0.001382873408770279	0.0027657468175405577	-0.001382873408770279	-0.0013828734087702793	-0.0013828734087702789	0.001382873408770279	0.0027657468175405577	0.99861712659123	-0.0013828734087702795	-0.0013828734087702789	0.0013862631315620117	0.002762356248991052	-0.0013828725630125058	-0.001382873578400779	-0.0013828732391397802	0.0005937478020219397
0.002074310113155419	0.004148620226310837	-0.002074310113155419	-0.0020743101131554184	-0.002074310113155418	0.002074310113155419	0.004148620226310837	-0.0020743101131554193	0.9979256898868447	-0.0020743101131554175	0.002079394697343017	0.004143534373486576	-0.0020743088445187587	-0.0020743103676011667	-0.002074309858709668	0.0008906217030329093
0.004148620226310836	0.00829724045262167	-0.004148620226310836	-0.004148620226310835	-0.004148620226310834	0.004148620226310836	0.00829724045262167	-0.004148620226310837	-0.004148620226310835	0.9958513797736891	0.004158789394686035	0.008287068746973153	-0.004148617689037517	-0.004148620735202334	-0.004148619717419338	0.0017812434060658184
-0.0006908738367104376	-0.001381747673420875	0.0006908738367104376	0.0006908738367104376	0.0006908738367104375	-0.0006908738367104377	-0.001381747673420875	0.0006908738367104379	0.0006908738367104376	0.0006908738367104376	0.981433419131356	0.01648867794257412	0.0006961552526486916	0.0006908251112120163	0.0006909225622088591	-0.01885288154166197
-0.0026796298308693943	-0.005359259661738788	0.0026796298308693943	0.0026796298308693948	0.002679629830869394	-0.0026796298308693943	-0.005359259661738788	0.002679629830869395	0.0026796298308693943	0.002679629830869394	0.03714816673936884	0.9548123331308893	0.002680240468003415	0.002679533824432556	0.0026797258373062304	-0.0375687884821948
0.0013828734019481995	0.002765746803896398	-0.0013828734019481995	-0.0013828734019481995	-0.0013828734019481995	0.0013828734019481997	0.002765746803896398	-0.0013828734019482	-0.0013828734019481997	-0.0013828734019481993	0.0013968321998812955	0.002761909972762384	0.9986070046312527	-0.0013828735974743998	-0.001382873206421999	0.0005840814953442708
0.002074315245803212	0.004148630491606423	-0.0020743152458032113	-0.0020743152458032113	-0.002074315245803211	0.0020743152458032113	0.004148630491606422	-0.0020743152458032113	-0.0020743152458032113	-0.0020743152458032113	0.0020795262645794833	0.0041434181711428875	-0.002074313944115947	0.9979232448027858	-0.002071875294391802	0.0008883137948049628
0.004148620222678444	0.008297240445356886	-0.004148620222678444	-0.004148620222678445	-0.004148620222678444	0.004148620222678444	0.008297240445356886	-0.004148620222678445	-0.004148620222678444	-0.004148620222678444	0.004159042248112451	0.008286815816551316	-0.004148617619306883	-0.004143741360547821	0.9958465009151909	0.0017766229395133131
-0.002071002459210352	-0.004142004918420704	0.002071002459210352	0.002071002459210352	0.0020710024592103518	-0.002071002459210352	-0.0041420049184207035	0.0020710024592103518	0.0020710024592103518	0.0020710024592103518	-0.10925970511264217	0.1030757456009113	0.002041954593310208	0.0020755892217822714	0.002066415696638432	0.8877681326871161