0.9991785037507377	-0.0016429924985243145	0.0008214962492621573	0.0008214962492621571	0.0008214962492621569	-0.000821496249262157	-0.0016429924985243143	0.0008214962492621571	0.0008214962492621571	0.0008214962492621569	-0.0008240487521416841	-0.0016404393749996364	0.0008214956286170075	0.0008214963866236665	0.0008214961119006465	-0.00034469062042508694
-0.00328598499704863	0.9934280300059032	0.003285984997048629	0.003285984997048628	0.0032859849970486277	-0.0032859849970486286	-0.006571969994097257	0.0032859849970486286	0.003285984997048628	0.0032859849970486277	-0.0032961950085667363	-0.006561757499998543	0.0032859825144680296	0.003285985546494666	0.003285984447602587	-0.0013787624817003478
0.0016429924985243143	0.0032859849970486277	0.9983570075014759	-0.0016429924985243143	-0.0016429924985243139	0.001642992498524314	0.003285984997048628	-0.001642992498524314	-0.0016429924985243139	-0.0016429924985243134	0.0016480975042833684	0.003280878749999273	-0.0016429912572340148	-0.0016429927732473332	-0.0016429922238012935	0.0006893812408501739
0.0024644887477864707	0.004928977495572941	-0.0024644887477864716	0.9975355112522136	-0.002464488747786471	0.002464488747786471	0.004928977495572942	-0.0024644887477864716	-0.002464488747786472	-0.002464488747786471	0.002472146256425053	0.004921318124998909	-0.0024644868858510224	-0.0024644891598710004	-0.0024644883357019406	0.0010340718612752604
0.004928977495572941	0.009857954991145883	-0.004928977495572944	-0.004928977495572944	0.9950710225044269	0.004928977495572942	0.009857954991145884	-0.004928977495572942	-0.004928977495572943	-0.004928977495572942	0.004944292512850104	0.009842636249997818	-0.004928973771702047	-0.004928978319742002	-0.004928976671403883	0.002068143722550521
-0.0008214962492621573	-0.001642992498524314	0.0008214962492621571	0.0008214962492621569	0.0008214962492621568	0.9991785037507378	-0.001642992498524314	0.000821496249262157	0.0008214962492621569	0.0008214962492621567	-0.0008240487521416843	-0.001640439374999636	0.0008214956286170073	0.0008214963866236666	0.000821496111900647	-0.0003446906204250869
-0.0032859849970486286	-0.006571969994097256	0.003285984997048628	0.0032859849970486273	0.003285984997048627	-0.0032859849970486273	0.9934280300059031	0.0032859849970486286	0.003285984997048628	0.0032859849970486273	-0.0032961950085667376	-0.006561757499998546	0.00328598251446803	0.0032859855464946663	0.003285984447602588	-0.0013787624817003475
0.0016429924985243145	0.003285984997048628	-0.0016429924985243143	-0.0016429924985243139	-0.0016429924985243136	0.0016429924985243139	0.0032859849970486273	0.9983570075014756	-0.0016429924985243134	-0.001642992498524313	0.0016480975042833684	0.0032808787499992724	-0.0016429912572340146	-0.001642992773247333	-0.0016429922238012928	0.0006893812408501736
0.00246448874778647	0.00492897749557294	-0.0024644887477864707	-0.002464488747786471	-0.0024644887477864716	0.002464488747786471	0.004928977495572943	-0.0024644887477864716	0.9975355112522136	-0.002464488747786471	0.002472146256425053	0.0049213181249989114	-0.002464486885851024	-0.002464489159871	-0.002464488335701942	0.0010340718612752602
0.0049289774955729405	0.009857954991145881	-0.004928977495572943	-0.004928977495572943	-0.004928977495572943	0.004928977495572943	0.009857954991145888	-0.004928977495572945	-0.004928977495572944	0.9950710225044268	0.004944292512850106	0.009842636249997818	-0.0049289737717020474	-0.004928978319742001	-0.004928976671403882	0.002068143722550521
-0.0008206054663881028	-0.0016412109327762056	0.0008206054663881029	0.0008206054663881028	0.0008206054663881026	-0.0008206054663881027	-0.0016412109327762054	0.0008206054663881027	0.0008206054663881027	0.0008206054663881026	0.9788117793409078	0.01872034286065424	0.0008266668656617636	0.0008205385233284667	0.0008206724094477388	-0.02159397727922932
-0.003166808784521213	-0.006333617569042425	0.0031668087845212133	0.0031668087845212124	0.003166808784521212	-0.0031668087845212124	-0.006333617569042424	0.0031668087845212124	0.003166808784521212	0.003166808784521211	0.04285342206744402	0.9476453733346946	0.003167587028819151	0.0031666771712362206	0.003166940397806203	-0.042928839275355755
0.0016429924864498583	0.003285984972899716	-0.0016429924864498583	-0.001642992486449858	-0.0016429924864498578	0.001642992486449858	0.0032859849728997166	-0.0016429924864498583	-0.0016429924864498583	-0.001642992486449858	0.0016602308891406545	0.0032803070418947885	0.9983454470418641	-0.001642992796544131	-0.0016429921763555853	0.0006784053461592878
0.0024644960114966713	0.004928992022993343	-0.002464496011496672	-0.0024644960114966717	-0.002464496011496672	0.0024644960114966717	0.0049289920229933434	-0.0024644960114966717	-0.0024644960114966717	-0.0024644960114966717	0.0024723238745646982	0.004921162253852862	-0.00246449410542422	0.9975326052426643	-0.002461597265658119	0.0010313516563796867
0.004928977488854173	0.009857954977708347	-0.004928977488854175	-0.004928977488854175	-0.004928977488854175	0.004928977488854174	0.00985795497770835	-0.004928977488854175	-0.004928977488854174	-0.004928977488854174	0.004944633193655363	0.009842295460767314	-0.004928973676714336	-0.00492318167766104	0.9950652266999529	0.0020626968215949103
-0.0024592399481329725	-0.004918479896265945	0.0024592399481329725	0.0024592399481329725	0.0024592399481329725	-0.0024592399481329725	-0.004918479896265945	0.0024592399481329725	0.0024592399481329725	0.0024592399481329725	-0.12458824775572556	0.11724352887449943	0.0024262389849601528	0.002464634511469185	0.00245384538479676	0.8714640153997454