0.9999584956148796	-0.0000830087702401979	0.000041504385120098966	0.00004150438512009896	0.00004150438512009897	-0.00004150438512009895	-0.00008300877024019792	0.000041504385120098966	0.00004150438512009896	0.00004150438512009897	-0.00004150503115256822	-0.00008300812403009838	0.00004150438494246866	0.00004150438514279195	0.000041504385097406005	-0.00002052109870016251
-0.00016601754048039584	0.9996679649190388	0.00016601754048039584	0.0001660175404803958	0.00016601754048039586	-0.00016601754048039578	-0.0003320350809607916	0.00016601754048039586	0.0001660175404803958	0.0001660175404803959	-0.00016602012461027282	-0.00033203249612039353	0.00016601753976987465	0.00016601754057116774	0.00016601754038962407	-0.00008208439480065
0.00008300877024019792	0.0001660175404803958	0.9999169912297599	-0.00008300877024019789	-0.00008300877024019792	0.00008300877024019788	0.00016601754048039578	-0.0000830087702401979	-0.00008300877024019789	-0.00008300877024019792	0.00008301006230513643	0.00016601624806019682	-0.00008300876988493739	-0.0000830087702855839	-0.00008300877019481201	0.00004104219740032501
0.0001245131553602969	0.0002490263107205938	-0.00012451315536029693	0.9998754868446402	-0.00012451315536029687	0.0001245131553602969	0.00024902631072059374	-0.0001245131553602969	-0.00012451315536029687	-0.00012451315536029687	0.00012451509345770456	0.00024902437209029524	-0.000124513154827406	-0.00012451315542837585	-0.00012451315529221795	0.00006156329610048749
0.00024902631072059374	0.0004980526214411875	-0.0002490263107205938	-0.00024902631072059374	0.9997509736892795	0.0002490263107205938	0.0004980526214411876	-0.00024902631072059385	-0.00024902631072059374	-0.00024902631072059374	0.00024903018691540917	0.0004980487441805904	-0.0002490263096548121	-0.0002490263108567516	-0.00024902631058443584	0.00012312659220097498
-0.00004150438512009896	-0.0000830087702401979	0.00004150438512009896	0.00004150438512009896	0.000041504385120098966	0.9999584956148798	-0.00008300877024019792	0.00004150438512009897	0.000041504385120098966	0.00004150438512009898	-0.0000415050311525682	-0.0000830081240300984	0.00004150438494246868	0.000041504385142791955	0.00004150438509740599	-0.000020521098700162503
-0.0001660175404803958	-0.00033203508096079157	0.0001660175404803958	0.0001660175404803958	0.00016601754048039584	-0.0001660175404803958	0.9996679649190389	0.0001660175404803958	0.0001660175404803958	0.00016601754048039586	-0.00016602012461027282	-0.0003320324961203936	0.00016601753976987473	0.00016601754057116776	0.00016601754038962396	-0.00008208439480065001
0.00008300877024019789	0.00016601754048039576	-0.00008300877024019789	-0.00008300877024019789	-0.0000830087702401979	0.00008300877024019789	0.00016601754048039578	0.9999169912297599	-0.0000830087702401979	-0.00008300877024019793	0.00008301006230513641	0.00016601624806019676	-0.00008300876988493739	-0.00008300877028558388	-0.00008300877019481198	0.00004104219740032501
0.00012451315536029693	0.00024902631072059385	-0.00012451315536029693	-0.00012451315536029693	-0.00012451315536029693	0.00012451315536029693	0.00024902631072059385	-0.00012451315536029695	0.9998754868446399	-0.0001245131553602969	0.00012451509345770458	0.0002490243720902952	-0.00012451315482740603	-0.00012451315542837582	-0.00012451315529221792	0.00006156329610048749
0.0002490263107205938	0.0004980526214411876	-0.0002490263107205938	-0.0002490263107205938	-0.0002490263107205938	0.0002490263107205938	0.0004980526214411876	-0.00024902631072059385	-0.0002490263107205938	0.9997509736892795	0.00024903018691540917	0.0004980487441805903	-0.0002490263096548121	-0.0002490263108567516	-0.0002490263105844358	0.000123126592200975
-0.00004150417267896496	-0.00008300834535792993	0.00004150417267896497	0.00004150417267896497	0.000041504172678964987	-0.000041504172678964966	-0.00008300834535792993	0.000041504172678964987	0.00004150417267896497	0.000041504172678964987	0.998564536096747	0.0013105642073857383	0.00004189135050921749	0.00004150396669905376	0.000041504378658876194	-0.0014183927651276972
-0.0001656666895795077	-0.0003313333791590154	0.0001656666895795077	0.0001656666895795077	0.00016566668957950772	-0.0001656666895795077	-0.0003313333791590154	0.00016566668957950772	0.0001656666895795077	0.00016566668957950772	0.0026449713154720685	0.9968580248452215	0.0001656704601475265	0.00016566627816387802	0.00016566710099513758	-0.002872970888174736
0.0000830087702400514	0.00016601754048010283	-0.00008300877024005142	-0.0000830087702400514	-0.00008300877024005143	0.00008300877024005142	0.00016601754048010283	-0.00008300877024005142	-0.00008300877024005142	-0.00008300877024005144	0.00008378441831263816	0.00016601355079420206	0.9999162195713732	-0.00008300877039892157	-0.00008300877008118129	0.000040273240789457335
0.00012451317361830702	0.00024902634723661404	-0.00012451317361830705	-0.00012451317361830702	-0.00012451317361830705	0.00012451317361830702	0.00024902634723661404	-0.00012451317361830705	-0.000124513173618307	-0.00012451317361830702	0.00012451572247710577	0.00024902379767677605	-0.0001245131729172677	0.999875340316915	-0.00012436666415155102	0.0000614174080009261
0.0002490263107205239	0.0004980526214410478	-0.0002490263107205239	-0.0002490263107205239	-0.0002490263107205239	0.0002490263107205239	0.0004980526214410478	-0.000249026310720524	-0.0002490263107205239	-0.0002490263107205239	0.0002490314084377192	0.0004980475223217742	-0.0002490263093184454	-0.00024873329214494713	0.9997506806707042	0.0001228347979219139
-0.00012451217098587307	-0.0002490243419717461	0.0001245121709858731	0.00012451217098587307	0.00012451217098587307	-0.00012451217098587307	-0.00024902434197174615	0.0001245121709858731	0.00012451217098587307	0.00012451217098587307	-0.008483640673738649	0.00811241105072677	0.00012220528104013196	0.0001248039537497423	0.00012422038822200397	0.9915509115251102