0.9985241315849958	-0.0029517368300098455	0.001475868415004922	0.0014758684150049225	0.001475868415004923	-0.0014758684150049228	-0.0029517368300098447	0.0014758684150049221	0.0014758684150049223	0.0014758684150049225	-0.0014845687837945413	-0.0029430347320893845	0.0014758666858740814	0.0014758691018667064	0.001475867728143139	-0.0005588311181653802
-0.005903473660019688	0.9881930526799614	0.005903473660019686	0.005903473660019688	0.005903473660019691	-0.005903473660019689	-0.011806947320039375	0.005903473660019688	0.005903473660019688	0.005903473660019689	-0.005938275135178164	-0.011772138928357536	0.005903466743496325	0.005903476407466824	0.005903470912572556	-0.0022353244726615205
0.002951736830009844	0.005903473660019688	0.9970482631699895	-0.0029517368300098447	-0.002951736830009846	0.002951736830009845	0.005903473660019689	-0.0029517368300098447	-0.0029517368300098447	-0.002951736830009845	0.002969137567589082	0.005886069464178768	-0.0029517333717481633	-0.0029517382037334123	-0.002951735456286278	0.0011176622363307603
0.004427605245014765	0.00885521049002953	-0.004427605245014764	0.9955723947549852	-0.004427605245014767	0.0044276052450147665	0.008855210490029531	-0.0044276052450147665	-0.0044276052450147665	-0.004427605245014768	0.004453706351383625	0.008829104196268152	-0.004427600057622243	-0.004427607305600122	-0.004427603184429414	0.00167649335449614
0.008855210490029535	0.01771042098005907	-0.008855210490029531	-0.008855210490029533	0.9911447895099713	0.008855210490029535	0.017710420980059066	-0.008855210490029533	-0.008855210490029535	-0.008855210490029537	0.008907412702767247	0.017658208392536304	-0.00885520011524449	-0.008855214611200238	-0.00885520636885883	0.003352986708992282
-0.0014758684150049223	-0.0029517368300098442	0.0014758684150049223	0.0014758684150049225	0.0014758684150049228	0.9985241315849959	-0.0029517368300098447	0.0014758684150049223	0.0014758684150049225	0.001475868415004923	-0.0014845687837945413	-0.0029430347320893845	0.001475866685874082	0.0014758691018667068	0.0014758677281431392	-0.0005588311181653803
-0.005903473660019687	-0.011806947320039373	0.005903473660019688	0.0059034736600196884	0.005903473660019689	-0.00590347366001969	0.9881930526799607	0.005903473660019688	0.0059034736600196884	0.005903473660019689	-0.005938275135178164	-0.011772138928357535	0.005903466743496325	0.005903476407466824	0.005903470912572553	-0.00223532447266152
0.002951736830009843	0.005903473660019686	-0.002951736830009843	-0.002951736830009844	-0.0029517368300098442	0.0029517368300098447	0.005903473660019687	0.9970482631699898	-0.0029517368300098442	-0.0029517368300098447	0.002969137567589082	0.005886069464178767	-0.0029517333717481624	-0.0029517382037334114	-0.002951735456286277	0.0011176622363307607
0.004427605245014764	0.008855210490029528	-0.004427605245014763	-0.004427605245014763	-0.004427605245014765	0.004427605245014765	0.00885521049002953	-0.004427605245014764	0.9955723947549852	-0.0044276052450147665	0.004453706351383623	0.00882910419626815	-0.004427600057622244	-0.004427607305600119	-0.004427603184429413	0.0016764933544961397
0.00885521049002953	0.01771042098005906	-0.008855210490029528	-0.00885521049002953	-0.008855210490029533	0.008855210490029533	0.017710420980059066	-0.008855210490029531	-0.008855210490029531	0.9911447895099708	0.008907412702767244	0.017658208392536304	-0.008855200115244486	-0.008855214611200238	-0.00885520636885883	0.0033529867089922803
-0.0014718413209542204	-0.002943682641908441	0.0014718413209542204	0.0014718413209542204	0.0014718413209542207	-0.0014718413209542207	-0.00294368264190844	0.00147184132095422	0.0014718413209542204	0.0014718413209542209	0.9677404066350087	0.02783478168128537	0.0014811290417975265	0.0014716494040631293	0.0014720332378453116	-0.0332520552365151
-0.005549191705054175	-0.01109838341010835	0.005549191705054175	0.005549191705054175	0.005549191705054175	-0.005549191705054175	-0.011098383410108346	0.005549191705054174	0.005549191705054175	0.005549191705054177	0.06746124833165366	0.915889669010017	0.00555069924822129	0.005548817725477655	0.005549565684630698	-0.06554107906625127
0.0029517367644909653	0.00590347352898193	-0.002951736764490965	-0.002951736764490965	-0.0029517367644909653	0.002951736764490965	0.005903473528981927	-0.0029517367644909644	-0.0029517367644909653	-0.0029517367644909657	0.0029877851011960587	0.005884915892603058	0.9970307725351835	-0.002951738237188598	-0.002951735291793331	0.0011013371421275478
0.004427628995523494	0.008855257991046991	-0.004427628995523495	-0.004427628995523495	-0.004427628995523496	0.004427628995523497	0.00885525799104699	-0.004427628995523494	-0.004427628995523495	-0.004427628995523496	0.004454184496046404	0.008828697190069026	-0.004427623695068435	0.995567164690216	-0.004422422681262504	0.0016717681890011178
0.008855210440114655	0.017710420880229314	-0.008855210440114655	-0.008855210440114657	-0.008855210440114659	0.008855210440114659	0.017710420880229314	-0.008855210440114657	-0.008855210440114657	-0.00885521044011466	0.00890832132189856	0.017657299397556742	-0.008855199839225994	-0.008844806155038335	0.9911343852748089	0.003343516370854301
-0.004403723579732242	-0.008807447159464488	0.004403723579732241	0.004403723579732241	0.004403723579732245	-0.004403723579732243	-0.008807447159464488	0.004403723579732243	0.004403723579732243	0.004403723579732245	-0.18899964373096684	0.1758377079984751	0.004354488573027408	0.004412978417571722	0.004394468741892766	0.802153167990365