0.9992182470137848	-0.0015635059724315725	0.0007817529862157865	0.0007817529862157866	0.0007817529862157868	-0.0007817529862157867	-0.0015635059724315723	0.0007817529862157864	0.0007817529862157866	0.0007817529862157866	-0.0007840259072928548	-0.001561232494129836	0.0007817524289911176	0.000781753105833489	0.0007817528665980838	-0.00033028825377425197
-0.0031270119448631476	0.9937459761102732	0.0031270119448631463	0.0031270119448631463	0.003127011944863147	-0.0031270119448631468	-0.006254023889726289	0.0031270119448631455	0.0031270119448631463	0.0031270119448631463	-0.0031361036291714184	-0.006244929976519342	0.0031270097159644713	0.0031270124233339558	0.0031270114663923343	-0.0013211530150970075
0.0015635059724315736	0.0031270119448631455	0.9984364940275687	-0.0015635059724315732	-0.0015635059724315732	0.0015635059724315732	0.003127011944863145	-0.001563505972431573	-0.0015635059724315732	-0.001563505972431573	0.0015680518145857099	0.0031224649882596713	-0.0015635048579822355	-0.0015635062116669783	-0.001563505733196167	0.0006605765075485038
0.0023452589586473583	0.004690517917294715	-0.002345258958647358	0.9976547410413525	-0.002345258958647359	0.0023452589586473588	0.004690517917294714	-0.0023452589586473588	-0.0023452589586473588	-0.0023452589586473588	0.002352077721878564	0.004683697482389505	-0.002345257286973353	-0.0023452593175004683	-0.00234525859979425	0.0009908647613227556
0.0046905179172947176	0.00938103583458943	-0.004690517917294716	-0.004690517917294717	0.9953094820827058	0.004690517917294718	0.00938103583458943	-0.0046905179172947176	-0.004690517917294718	-0.004690517917294718	0.004704155443757128	0.009367394964779013	-0.004690514573946708	-0.004690518635000936	-0.004690517199588501	0.001981729522645512
-0.0007817529862157869	-0.0015635059724315734	0.0007817529862157867	0.0007817529862157868	0.0007817529862157869	0.9992182470137846	-0.0015635059724315727	0.0007817529862157866	0.0007817529862157867	0.0007817529862157867	-0.0007840259072928548	-0.0015612324941298363	0.0007817524289911179	0.0007817531058334895	0.0007817528665980841	-0.0003302882537742519
-0.0031270119448631463	-0.006254023889726291	0.0031270119448631455	0.003127011944863146	0.0031270119448631463	-0.0031270119448631463	0.9937459761102729	0.003127011944863145	0.0031270119448631455	0.003127011944863146	-0.003136103629171418	-0.0062449299765193434	0.00312700971596447	0.0031270124233339566	0.0031270114663923335	-0.0013211530150970079
0.0015635059724315732	0.0031270119448631455	-0.0015635059724315725	-0.0015635059724315727	-0.0015635059724315732	0.0015635059724315732	0.003127011944863145	0.9984364940275685	-0.001563505972431573	-0.001563505972431573	0.0015680518145857099	0.0031224649882596704	-0.0015635048579822355	-0.001563506211666978	-0.0015635057331961674	0.0006605765075485039
0.0023452589586473575	0.004690517917294713	-0.002345258958647357	-0.0023452589586473575	-0.002345258958647358	0.0023452589586473583	0.004690517917294714	-0.0023452589586473575	0.9976547410413525	-0.0023452589586473583	0.002352077721878563	0.004683697482389504	-0.0023452572869733517	-0.0023452593175004683	-0.0023452585997942497	0.0009908647613227556
0.004690517917294716	0.009381035834589428	-0.004690517917294715	-0.004690517917294716	-0.004690517917294717	0.0046905179172947176	0.00938103583458943	-0.004690517917294716	-0.0046905179172947176	0.9953094820827053	0.004704155443757128	0.00936739496477901	-0.004690514573946707	-0.004690518635000937	-0.004690517199588501	0.0019817295226455117
-0.0007809718898678482	-0.0015619437797356958	0.0007809718898678479	0.0007809718898678482	0.0007809718898678479	-0.0007809718898678479	-0.0015619437797356952	0.000780971889867848	0.000780971889867848	0.000780971889867848	0.979593312759449	0.018057942873043846	0.0007868005877711356	0.0007809107725468304	0.0007810330071888659	-0.020775359130860854
-0.0030184477720483455	-0.006036895544096689	0.003018447772048345	0.003018447772048346	0.0030184477720483463	-0.0030184477720483463	-0.006036895544096688	0.003018447772048346	0.003018447772048346	0.0030184477720483455	0.04114392748503666	0.9498000021532179	0.0030191748176482884	0.0030183275341089067	0.0030185680099877846	-0.04133032540647182
0.0015635059621617422	0.003127011924323484	-0.0015635059621617422	-0.0015635059621617424	-0.0015635059621617422	0.0015635059621617424	0.003127011924323484	-0.0015635059621617426	-0.0015635059621617426	-0.0015635059621617422	0.001579718287712288	0.0031219317676213255	0.9984253618689894	-0.0015635062337463642	-0.0015635056905771204	0.0006499893776271976
0.002345265531393418	0.004690531062786834	-0.0023452655313934176	-0.0023452655313934176	-0.0023452655313934184	0.0023452655313934184	0.004690531062786834	-0.002345265531393418	-0.0023452655313934176	-0.0023452655313934184	0.0023522407200128716	0.004683554161856379	-0.002345263819082415	0.9976519759149909	-0.0023425069777781977	0.000988269982641128
0.004690517911659557	0.00938103582331911	-0.004690517911659556	-0.004690517911659556	-0.004690517911659557	0.004690517911659557	0.009381035823319108	-0.004690517911659556	-0.004690517911659556	-0.004690517911659557	0.0047044682707303226	0.009367082039630693	-0.0046905144870419075	-0.0046850022690043385	0.9953039664456859	0.00197653406748995
-0.00234065983483374	-0.004681319669667479	0.0023406598348337396	0.00234065983483374	0.0023406598348337405	-0.002340659834833741	-0.00468131966966748	0.002340659834833741	0.002340659834833741	0.0023406598348337413	-0.12002165963460124	0.1130315068573049	0.002308833107628816	0.002345809131021354	0.0023355105386461293	0.8763328198738098